,date,open,close,high,low,volume,amount,amplitude,pct_chg,change,turnover_rate,symbol
0,2006-12-01,5.51,6.37,6.7,5.51,4340424,2595441355.0,32.08,71.7,2.66,70.58,SH601872
1,2006-12-04,6.29,7.01,7.01,6.25,1245560,827306388.0,11.93,10.05,0.64,20.25,SH601872
2,2006-12-05,7.58,7.71,7.71,7.51,1674297,1284253002.0,2.85,9.99,0.7,27.22,SH601872
3,2006-12-06,8.0,8.48,8.48,7.86,2197000,1831442943.0,8.04,9.99,0.77,35.72,SH601872
4,2006-12-07,9.18,8.56,9.33,8.5,1445559,1328206398.0,9.79,0.94,0.08,23.51,SH601872
5,2006-12-08,8.25,8.02,8.68,7.7,2054411,1657887830.0,11.45,-6.31,-0.54,33.41,SH601872
6,2006-12-11,8.22,8.4,8.47,7.85,1424293,1166643067.0,7.73,4.74,0.38,23.16,SH601872
7,2006-12-12,8.2,7.75,8.37,7.56,1409649,1119898702.0,9.64,-7.74,-0.65,22.92,SH601872
8,2006-12-13,7.7,7.82,7.86,7.6,684041,528323990.0,3.35,0.9,0.07,11.12,SH601872
9,2006-12-14,7.9,7.72,7.95,7.6,603384,466787103.0,4.48,-1.28,-0.1,9.81,SH601872
10,2006-12-15,7.69,8.02,8.29,7.6,822181,657597394.0,8.94,3.89,0.3,13.37,SH601872
11,2006-12-18,7.99,8.35,8.48,7.88,979423,802200640.0,7.48,4.11,0.33,15.93,SH601872
12,2006-12-19,8.36,8.38,8.54,8.11,881667,734015072.0,5.15,0.36,0.03,14.34,SH601872
13,2006-12-20,8.2,8.23,8.29,8.0,513919,419699808.0,3.46,-1.79,-0.15,8.36,SH601872
14,2006-12-21,8.22,7.88,8.22,7.85,573994,461027300.0,4.5,-4.25,-0.35,9.33,SH601872
15,2006-12-22,7.74,7.76,7.94,7.63,338282,262822021.0,3.93,-1.52,-0.12,5.5,SH601872
16,2006-12-25,7.8,7.8,7.98,7.72,268407,210980962.0,3.35,0.52,0.04,4.36,SH601872
17,2006-12-26,7.72,7.59,7.84,7.5,339834,259674483.0,4.36,-2.69,-0.21,5.53,SH601872
18,2006-12-27,7.52,7.9,7.96,7.51,353434,276371198.0,5.93,4.08,0.31,5.75,SH601872
19,2006-12-28,7.9,7.61,7.98,7.55,339016,262073405.0,5.44,-3.67,-0.29,5.51,SH601872
20,2006-12-29,7.63,7.95,8.22,7.63,518883,415087773.0,7.75,4.47,0.34,8.44,SH601872
21,2007-01-04,7.88,8.16,8.35,7.88,897754,730296976.0,5.91,2.64,0.21,14.6,SH601872
22,2007-01-05,8.1,8.23,8.34,7.94,592140,482490725.0,4.9,0.86,0.07,9.63,SH601872
23,2007-01-08,8.35,8.89,8.95,8.24,843045,716177332.0,8.63,8.02,0.66,13.71,SH601872
24,2007-01-09,8.77,8.77,8.99,8.6,676325,592353472.0,4.39,-1.35,-0.12,11.0,SH601872
25,2007-01-10,8.8,9.17,9.32,8.72,769957,694818559.0,6.84,4.56,0.4,12.52,SH601872
26,2007-01-11,9.21,9.06,9.7,8.9,788303,730264803.0,8.72,-1.2,-0.11,12.82,SH601872
27,2007-01-12,9.04,8.39,9.34,8.29,733512,644151245.0,11.59,-7.4,-0.67,11.93,SH601872
28,2007-01-15,8.39,8.77,8.78,8.22,465031,397919565.0,6.67,4.53,0.38,7.56,SH601872
29,2007-01-16,8.88,9.03,9.14,8.7,591877,530270738.0,5.02,2.96,0.26,9.62,SH601872
30,2007-01-17,9.05,8.57,9.12,8.39,569478,500436125.0,8.08,-5.09,-0.46,9.26,SH601872
31,2007-01-18,8.5,8.62,8.69,8.3,408134,345354988.0,4.55,0.58,0.05,6.64,SH601872
32,2007-01-19,8.6,8.93,9.05,8.58,501566,445582911.0,5.45,3.6,0.31,8.16,SH601872
33,2007-01-22,9.02,9.23,9.36,9.02,590012,543016780.0,3.81,3.36,0.3,9.59,SH601872
34,2007-01-23,9.31,9.03,9.38,8.77,533129,480844002.0,6.61,-2.17,-0.2,8.67,SH601872
35,2007-01-24,9.03,9.93,9.93,8.87,1102289,1050096387.0,11.74,9.97,0.9,17.92,SH601872
36,2007-01-25,10.09,9.7,10.55,9.62,1384212,1388176057.0,9.37,-2.32,-0.23,22.51,SH601872
37,2007-01-26,9.41,9.41,9.68,8.78,756539,699282238.0,9.28,-2.99,-0.29,12.3,SH601872
38,2007-01-29,9.5,9.87,10.03,9.35,606845,590467013.0,7.23,4.89,0.46,9.87,SH601872
39,2007-01-30,9.9,9.76,10.25,9.51,636606,631862601.0,7.5,-1.11,-0.11,10.35,SH601872
40,2007-01-31,9.6,8.99,9.73,8.91,568338,529374811.0,8.4,-7.89,-0.77,9.24,SH601872
41,2007-02-01,8.89,8.95,9.13,8.6,395994,352543958.0,5.9,-0.44,-0.04,6.44,SH601872
42,2007-02-02,8.98,8.35,9.04,8.32,398435,344150625.0,8.04,-6.7,-0.6,6.48,SH601872
43,2007-02-05,8.24,8.31,8.5,8.13,256945,213399849.0,4.43,-0.48,-0.04,4.18,SH601872
44,2007-02-06,8.35,8.6,8.6,8.35,199039,169267777.0,3.01,3.49,0.29,3.24,SH601872
45,2007-02-07,8.72,8.72,8.93,8.5,288924,252071092.0,5.0,1.4,0.12,4.7,SH601872
46,2007-02-08,8.7,8.87,8.95,8.57,288287,253454010.0,4.36,1.72,0.15,4.69,SH601872
47,2007-02-09,8.87,8.8,8.91,8.6,258265,225781711.0,3.49,-0.79,-0.07,4.2,SH601872
48,2007-02-12,8.8,8.98,8.99,8.78,223708,199235114.0,2.39,2.05,0.18,3.64,SH601872
49,2007-02-13,9.06,9.12,9.24,9.0,223932,204279166.0,2.67,1.56,0.14,3.64,SH601872
50,2007-02-14,9.12,9.22,9.38,9.03,269958,248783873.0,3.84,1.1,0.1,4.39,SH601872
51,2007-02-15,9.24,9.35,9.4,9.19,312919,290707745.0,2.28,1.41,0.13,5.09,SH601872
52,2007-02-16,9.41,9.48,9.65,9.28,439837,415952359.0,3.96,1.39,0.13,7.15,SH601872
53,2007-02-26,9.72,10.1,10.2,9.55,611589,610088133.0,6.86,6.54,0.62,9.94,SH601872
54,2007-02-27,10.14,9.09,10.15,9.09,709525,679918267.0,10.5,-10.0,-1.01,11.54,SH601872
55,2007-02-28,8.85,9.26,9.39,8.72,487348,441970727.0,7.37,1.87,0.17,7.92,SH601872
56,2007-03-01,9.14,8.73,9.14,8.33,1285576,1108364244.0,8.75,-5.72,-0.53,15.04,SH601872
57,2007-03-02,8.6,8.77,8.87,8.49,526320,456249079.0,4.35,0.46,0.04,6.16,SH601872
58,2007-03-05,8.73,8.78,8.9,8.42,501403,435577167.0,5.47,0.11,0.01,5.86,SH601872
59,2007-03-06,8.71,9.05,9.1,8.55,579530,512035032.0,6.26,3.08,0.27,6.78,SH601872
60,2007-03-07,9.09,9.15,9.24,9.0,542078,494195398.0,2.65,1.1,0.1,6.34,SH601872
61,2007-03-08,9.17,9.24,9.26,9.01,379054,346488366.0,2.73,0.98,0.09,4.43,SH601872
62,2007-03-09,9.25,9.03,9.26,8.96,394948,358704765.0,3.25,-2.27,-0.21,4.62,SH601872
63,2007-03-12,9.0,8.98,9.05,8.76,394040,351123682.0,3.21,-0.55,-0.05,4.61,SH601872
64,2007-03-13,8.97,9.11,9.2,8.82,525745,475237668.0,4.23,1.45,0.13,6.15,SH601872
65,2007-03-14,9.0,8.92,9.06,8.8,402494,359490789.0,2.85,-2.09,-0.19,4.71,SH601872
66,2007-03-15,8.9,9.02,9.16,8.88,457564,413249391.0,3.14,1.12,0.1,5.35,SH601872
67,2007-03-16,9.06,8.81,9.11,8.7,455254,403596000.0,4.55,-2.33,-0.21,5.32,SH601872
68,2007-03-19,8.5,8.82,8.95,8.4,356100,311280573.0,6.24,0.11,0.01,4.16,SH601872
69,2007-03-20,8.84,9.04,9.1,8.75,436361,389610147.0,3.97,2.49,0.22,5.1,SH601872
70,2007-03-21,9.05,9.0,9.06,8.89,403085,361365787.0,1.88,-0.44,-0.04,4.71,SH601872
71,2007-03-22,9.05,9.13,9.25,8.98,718891,659473701.0,3.0,1.44,0.13,8.41,SH601872
72,2007-03-23,9.1,9.54,9.7,9.05,861407,805249150.0,7.12,4.49,0.41,10.07,SH601872
73,2007-03-26,9.58,9.66,9.78,9.43,685467,657300041.0,3.67,1.26,0.12,8.02,SH601872
74,2007-03-27,9.65,9.68,9.86,9.47,649687,629053206.0,4.04,0.21,0.02,7.6,SH601872
75,2007-03-28,9.75,9.52,9.88,9.15,858310,826006316.0,7.54,-1.65,-0.16,10.04,SH601872
76,2007-03-29,9.3,9.14,9.69,9.13,879500,821048438.0,5.88,-3.99,-0.38,10.29,SH601872
77,2007-03-30,9.05,9.11,9.12,8.9,553466,498095833.0,2.41,-0.33,-0.03,6.47,SH601872
78,2007-04-02,9.08,9.22,9.3,9.03,476962,437371145.0,2.96,1.21,0.11,5.58,SH601872
79,2007-04-03,9.22,9.46,9.47,9.2,654325,613805182.0,2.93,2.6,0.24,7.65,SH601872
80,2007-04-04,9.5,9.57,9.69,9.4,747694,713628463.0,3.07,1.16,0.11,8.74,SH601872
81,2007-04-05,9.57,9.86,9.98,9.48,883838,864105050.0,5.22,3.03,0.29,10.34,SH601872
82,2007-04-06,9.8,9.75,9.89,9.61,736407,718612027.0,2.84,-1.12,-0.11,8.61,SH601872
83,2007-04-09,9.85,10.07,10.22,9.8,935452,935084026.0,4.31,3.28,0.32,10.94,SH601872
84,2007-04-10,10.06,9.87,10.08,9.68,696275,687019166.0,3.97,-1.99,-0.2,8.14,SH601872
85,2007-04-11,9.88,10.12,10.2,9.7,960111,960240153.0,5.07,2.53,0.25,11.23,SH601872
86,2007-04-12,10.16,10.7,10.75,10.06,1145687,1179768543.0,6.82,5.73,0.58,13.4,SH601872
87,2007-04-13,10.65,10.42,10.85,10.3,1011015,1076418671.0,5.14,-2.62,-0.28,11.82,SH601872
88,2007-04-16,10.42,10.57,10.64,10.37,685262,718705305.0,2.59,1.44,0.15,8.01,SH601872
89,2007-04-17,10.65,10.42,10.66,10.1,756617,787180159.0,5.3,-1.42,-0.15,8.85,SH601872
90,2007-04-18,10.42,10.79,10.99,10.13,1036325,1096392855.0,8.25,3.55,0.37,12.12,SH601872
91,2007-04-20,10.3,10.93,11.2,10.3,1087304,1168576551.0,8.34,1.3,0.14,12.72,SH601872
92,2007-04-23,10.98,11.16,11.29,10.84,881464,984336338.0,4.12,2.1,0.23,10.31,SH601872
93,2007-04-24,11.3,11.1,11.47,11.0,850010,955731913.0,4.21,-0.54,-0.06,9.94,SH601872
94,2007-04-25,11.02,10.86,11.03,10.55,675954,730503122.0,4.32,-2.16,-0.24,7.91,SH601872
95,2007-04-26,10.81,11.56,11.64,10.72,976331,1099435270.0,8.47,6.45,0.7,11.42,SH601872
96,2007-04-27,11.56,11.3,11.59,11.17,667322,758930529.0,3.63,-2.25,-0.26,7.8,SH601872
97,2007-04-30,11.18,11.21,11.48,11.11,527441,593162158.0,3.27,-0.8,-0.09,6.17,SH601872
98,2007-05-08,11.45,11.33,11.52,11.18,667076,755526211.0,3.03,1.07,0.12,7.8,SH601872
99,2007-05-09,11.45,11.75,11.86,11.21,1077785,1253344416.0,5.74,3.71,0.42,12.61,SH601872
100,2007-05-10,11.68,11.87,12.0,11.5,669792,783525967.0,4.26,1.02,0.12,7.83,SH601872
101,2007-05-11,11.87,11.96,12.28,11.63,790820,952722210.0,5.48,0.76,0.09,9.25,SH601872
102,2007-05-14,11.72,11.74,11.99,11.61,489906,578485528.0,3.18,-1.84,-0.22,5.73,SH601872
103,2007-05-15,11.8,11.1,11.83,11.06,634464,724824783.0,6.56,-5.45,-0.64,7.42,SH601872
104,2007-05-16,11.06,11.3,11.38,10.76,529784,585992556.0,5.59,1.8,0.2,6.2,SH601872
105,2007-05-17,11.26,11.38,11.58,11.17,488851,557590865.0,3.63,0.71,0.08,5.72,SH601872
106,2007-05-18,11.28,11.16,11.4,11.09,460113,515356669.0,2.72,-1.93,-0.22,5.38,SH601872
107,2007-05-21,10.75,11.28,11.34,10.61,561057,619714011.0,6.54,1.08,0.12,6.56,SH601872
108,2007-05-22,11.3,11.36,11.64,11.21,639919,729279702.0,3.81,0.71,0.08,7.48,SH601872
109,2007-05-23,11.43,11.72,11.8,11.3,720571,831658150.0,4.4,3.17,0.36,8.43,SH601872
110,2007-05-24,11.76,11.37,11.8,11.2,648763,740228645.0,5.12,-2.99,-0.35,7.59,SH601872
111,2007-05-25,11.32,11.28,11.44,11.19,459915,518917584.0,2.2,-0.79,-0.09,5.38,SH601872
112,2007-05-28,11.3,11.44,11.58,11.3,685767,784198644.0,2.48,1.42,0.16,8.02,SH601872
113,2007-05-29,11.53,11.74,11.78,11.41,840560,977164376.0,3.23,2.62,0.3,9.83,SH601872
114,2007-05-30,11.01,10.57,11.54,10.57,829827,912422695.0,8.26,-9.97,-1.17,9.71,SH601872
115,2007-05-31,10.4,10.24,10.7,9.51,688480,694663665.0,11.26,-3.12,-0.33,8.05,SH601872
116,2007-06-01,10.26,9.79,10.58,9.58,617316,627704027.0,9.77,-4.39,-0.45,7.22,SH601872
117,2007-06-04,10.21,9.97,10.35,9.8,996948,1006390449.0,5.62,1.84,0.18,11.66,SH601872
118,2007-06-05,10.0,10.35,10.36,8.97,820285,809015638.0,13.94,3.81,0.38,9.59,SH601872
119,2007-06-06,10.43,10.2,10.53,10.0,533509,547567792.0,5.12,-1.45,-0.15,6.24,SH601872
120,2007-06-07,10.23,10.44,10.48,10.11,593841,611290171.0,3.63,2.35,0.24,6.95,SH601872
121,2007-06-08,10.44,10.22,10.44,10.14,440067,449778021.0,2.87,-2.11,-0.22,5.15,SH601872
122,2007-06-11,10.27,10.33,10.54,10.2,469605,485188108.0,3.33,1.08,0.11,5.49,SH601872
123,2007-06-12,10.4,11.2,11.36,10.4,1034325,1116854157.0,9.29,8.42,0.87,12.1,SH601872
124,2007-06-13,11.21,11.27,11.53,11.04,737932,832343835.0,4.38,0.63,0.07,8.63,SH601872
125,2007-06-14,11.19,10.93,11.34,10.89,568620,627913538.0,3.99,-3.02,-0.34,6.65,SH601872
126,2007-06-15,10.8,10.97,11.13,10.72,384968,418267377.0,3.75,0.37,0.04,4.5,SH601872
127,2007-06-18,11.54,11.35,11.61,11.22,642633,728778967.0,3.56,3.46,0.38,7.52,SH601872
128,2007-06-19,11.39,12.48,12.48,11.25,1114000,1315946566.0,10.84,9.96,1.13,13.03,SH601872
129,2007-06-20,12.78,12.84,13.72,12.49,2002606,2623383588.0,9.86,2.88,0.36,23.42,SH601872
130,2007-06-21,13.04,13.14,13.37,12.54,1026985,1328382980.0,6.46,2.34,0.3,12.01,SH601872
131,2007-06-22,12.94,12.08,13.04,11.83,842059,1039041069.0,9.21,-8.07,-1.06,9.85,SH601872
132,2007-06-25,12.19,11.28,12.35,10.94,644442,751079167.0,11.67,-6.62,-0.8,7.54,SH601872
133,2007-06-26,11.12,11.78,11.82,11.01,605306,693257198.0,7.18,4.43,0.5,7.08,SH601872
134,2007-06-27,11.71,12.58,12.77,11.29,934236,1140120048.0,12.56,6.79,0.8,10.93,SH601872
135,2007-06-28,12.61,11.53,12.81,11.49,926479,1137191980.0,10.49,-8.35,-1.05,10.84,SH601872
136,2007-06-29,11.19,11.01,11.52,10.74,542860,603343363.0,6.76,-4.51,-0.52,6.35,SH601872
137,2007-07-02,10.94,10.88,11.22,10.24,375625,403880104.0,8.9,-1.18,-0.13,4.39,SH601872
138,2007-07-03,10.92,11.09,11.15,10.64,277804,303219768.0,4.69,1.93,0.21,3.25,SH601872
139,2007-07-04,11.09,10.49,11.13,10.44,215620,230452431.0,6.22,-5.41,-0.6,2.52,SH601872
140,2007-07-05,10.25,9.66,10.44,9.54,328979,328454511.0,8.58,-7.91,-0.83,3.85,SH601872
141,2007-07-06,9.59,10.24,10.34,9.41,322698,318141174.0,9.63,6.0,0.58,3.77,SH601872
142,2007-07-09,10.29,10.38,10.54,10.14,285146,294521692.0,3.91,1.37,0.14,3.34,SH601872
143,2007-07-10,10.33,10.05,10.44,10.0,241597,245092032.0,4.24,-3.18,-0.33,2.83,SH601872
144,2007-07-11,10.04,10.25,10.44,9.94,166596,170332364.0,4.98,1.99,0.2,1.95,SH601872
145,2007-07-12,10.27,10.38,10.61,10.16,168627,174961986.0,4.39,1.27,0.13,1.97,SH601872
146,2007-07-13,10.41,10.23,10.44,10.12,109585,111507120.0,3.08,-1.45,-0.15,1.28,SH601872
147,2007-07-16,10.24,9.8,10.33,9.78,146026,145111806.0,5.38,-4.2,-0.43,1.71,SH601872
148,2007-07-17,9.8,10.02,10.13,9.76,130022,128928487.0,3.78,2.24,0.22,1.52,SH601872
149,2007-07-18,10.01,10.1,10.32,9.82,175146,176103949.0,4.99,0.8,0.08,2.05,SH601872
150,2007-07-19,10.02,9.95,10.14,9.93,96951,96719884.0,2.08,-1.49,-0.15,1.13,SH601872
151,2007-07-20,9.95,10.3,10.34,9.95,205791,209455197.0,3.92,3.52,0.35,2.41,SH601872
152,2007-07-23,10.31,10.77,10.89,10.31,362850,384424858.0,5.63,4.56,0.47,4.24,SH601872
153,2007-07-24,10.85,10.89,11.47,10.63,456048,497121029.0,7.8,1.11,0.12,5.33,SH601872
154,2007-07-25,10.88,11.16,11.24,10.79,296791,326805819.0,4.13,2.48,0.27,3.47,SH601872
155,2007-07-26,11.16,11.28,11.51,11.04,341192,382574726.0,4.21,1.08,0.12,3.99,SH601872
156,2007-07-27,11.19,11.17,11.32,11.04,299932,333103494.0,2.48,-0.98,-0.11,3.51,SH601872
157,2007-07-30,11.14,11.43,11.7,11.05,418502,476254633.0,5.82,2.33,0.26,4.89,SH601872
158,2007-07-31,11.34,11.31,11.52,11.06,290403,326526091.0,4.02,-1.05,-0.12,3.4,SH601872
159,2007-08-01,11.36,10.99,11.69,10.76,486006,544293922.0,8.22,-2.83,-0.32,5.68,SH601872
160,2007-08-02,11.16,11.96,12.04,11.16,858593,996167714.0,8.01,8.83,0.97,10.04,SH601872
161,2007-08-03,12.0,11.82,12.05,11.54,570993,668636739.0,4.26,-1.17,-0.14,6.68,SH601872
162,2007-08-06,11.96,12.05,12.22,11.7,492569,587632485.0,4.4,1.95,0.23,5.76,SH601872
163,2007-08-07,12.0,12.08,12.33,11.64,530337,631533674.0,5.73,0.25,0.03,6.2,SH601872
164,2007-08-08,12.14,12.26,12.53,11.94,780486,955074482.0,4.88,1.49,0.18,9.13,SH601872
165,2007-08-09,12.24,12.05,12.26,11.9,357501,429804686.0,2.94,-1.71,-0.21,4.18,SH601872
166,2007-08-10,12.01,11.58,12.01,11.26,381800,442512093.0,6.22,-3.9,-0.47,4.47,SH601872
167,2007-08-13,11.49,11.53,11.79,11.22,321649,369619184.0,4.92,-0.43,-0.05,3.76,SH601872
168,2007-08-14,11.44,11.73,11.83,11.41,246087,285713628.0,3.64,1.73,0.2,2.88,SH601872
169,2007-08-15,11.73,11.65,11.79,11.24,301402,345651129.0,4.69,-0.68,-0.08,3.53,SH601872
170,2007-08-16,11.52,11.57,11.63,11.3,226690,258570546.0,2.83,-0.69,-0.08,2.65,SH601872
171,2007-08-17,11.45,11.26,11.72,11.25,223771,255599258.0,4.06,-2.68,-0.31,2.62,SH601872
172,2007-08-20,11.49,11.91,11.99,11.44,395969,465079545.0,4.88,5.77,0.65,4.63,SH601872
173,2007-08-21,11.91,11.95,12.18,11.82,318622,381191768.0,3.02,0.34,0.04,3.73,SH601872
174,2007-08-22,11.74,11.94,12.13,11.69,347615,413402359.0,3.68,-0.08,-0.01,4.07,SH601872
175,2007-08-23,11.97,12.3,12.4,11.82,513377,622132968.0,4.86,3.02,0.36,6.0,SH601872
176,2007-08-24,12.29,12.24,12.41,12.06,398997,484976182.0,2.85,-0.49,-0.06,4.67,SH601872
177,2007-08-27,12.34,11.95,12.42,11.88,406736,488233536.0,4.41,-2.37,-0.29,4.76,SH601872
178,2007-08-28,11.95,12.97,13.14,11.61,830895,1034933010.0,12.8,8.54,1.02,9.72,SH601872
179,2007-08-29,12.55,12.52,12.94,12.42,630667,795009639.0,4.01,-3.47,-0.45,7.38,SH601872
180,2007-08-30,12.74,13.11,13.43,12.64,829147,1084090113.0,6.31,4.71,0.59,9.7,SH601872
181,2007-08-31,13.12,13.16,13.34,12.94,455836,596806925.0,3.05,0.38,0.05,5.33,SH601872
182,2007-09-03,13.44,13.19,13.69,13.04,506939,673226298.0,4.94,0.23,0.03,5.93,SH601872
183,2007-09-04,13.37,14.01,14.51,12.95,1154889,1608068855.0,11.83,6.22,0.82,13.51,SH601872
184,2007-09-05,14.04,14.25,14.38,13.54,661784,922408565.0,6.0,1.71,0.24,7.74,SH601872
185,2007-09-06,14.26,14.13,14.75,13.94,641920,919711956.0,5.68,-0.84,-0.12,7.51,SH601872
186,2007-09-07,14.02,13.43,14.24,13.34,574731,788305996.0,6.37,-4.95,-0.7,6.72,SH601872
187,2007-09-10,13.29,13.69,13.83,12.84,476854,634802784.0,7.37,1.94,0.26,5.58,SH601872
188,2007-09-11,13.66,12.42,13.73,12.33,514740,672945766.0,10.23,-9.28,-1.27,6.02,SH601872
189,2007-09-12,12.34,12.54,12.72,11.95,414895,513325103.0,6.2,0.97,0.12,4.85,SH601872
190,2007-09-13,12.54,12.88,12.93,12.26,357494,449606209.0,5.34,2.71,0.34,4.18,SH601872
191,2007-09-14,13.04,12.96,13.23,12.59,410087,530376377.0,4.97,0.62,0.08,4.8,SH601872
192,2007-09-17,12.81,13.38,13.52,12.76,383160,502324462.0,5.86,3.24,0.42,4.48,SH601872
193,2007-09-18,13.4,13.29,13.62,13.08,336380,447507592.0,4.04,-0.67,-0.09,3.93,SH601872
194,2007-09-19,13.19,12.8,13.32,12.69,331356,425913365.0,4.74,-3.69,-0.49,3.88,SH601872
195,2007-09-20,12.81,13.39,13.54,12.81,407408,534680134.0,5.7,4.61,0.59,4.77,SH601872
196,2007-09-21,13.39,13.0,13.54,12.79,253353,331673062.0,5.6,-2.91,-0.39,2.96,SH601872
197,2007-09-24,13.0,12.69,13.09,12.54,237490,301143587.0,4.23,-2.38,-0.31,2.78,SH601872
198,2007-09-25,12.64,12.41,12.83,12.34,246304,307186320.0,3.86,-2.21,-0.28,2.88,SH601872
199,2007-09-26,12.41,12.59,12.66,12.25,169165,209842335.0,3.3,1.45,0.18,1.98,SH601872
200,2007-09-27,12.6,12.62,12.78,12.44,154173,194262865.0,2.7,0.24,0.03,1.8,SH601872
201,2007-09-28,12.84,13.59,13.84,12.84,763070,1022556581.0,7.92,7.69,0.97,8.92,SH601872
202,2007-10-08,13.83,13.44,13.84,13.37,528194,716203475.0,3.46,-1.1,-0.15,6.18,SH601872
203,2007-10-09,13.44,14.13,14.54,13.31,566828,792503019.0,9.15,5.13,0.69,6.63,SH601872
204,2007-10-10,14.22,13.85,14.53,13.7,473079,668211358.0,5.87,-1.98,-0.28,5.53,SH601872
205,2007-10-11,13.72,14.72,14.92,13.46,799801,1130537828.0,10.54,6.28,0.87,9.35,SH601872
206,2007-10-12,14.74,15.14,15.44,14.04,1217080,1811955906.0,9.51,2.85,0.42,14.23,SH601872
207,2007-10-15,15.17,15.68,16.56,14.89,986376,1553475572.0,11.03,3.57,0.54,11.54,SH601872
208,2007-10-16,15.64,15.39,15.84,14.99,548156,837977875.0,5.42,-1.85,-0.29,6.41,SH601872
209,2007-10-17,15.48,14.92,15.66,14.79,398095,602622078.0,5.65,-3.05,-0.47,4.66,SH601872
210,2007-10-18,14.85,15.21,15.69,14.44,515221,775086921.0,8.38,1.94,0.29,6.03,SH601872
211,2007-10-19,15.13,15.29,15.74,14.78,438742,670203051.0,6.31,0.53,0.08,5.13,SH601872
212,2007-10-22,14.84,14.07,15.22,14.04,398039,579998895.0,7.72,-7.98,-1.22,4.66,SH601872
213,2007-10-23,14.04,13.95,14.41,13.25,381243,525536666.0,8.24,-0.85,-0.12,4.46,SH601872
214,2007-10-24,13.84,14.08,14.43,13.77,304805,430164954.0,4.73,0.93,0.13,3.56,SH601872
215,2007-10-25,13.84,13.14,13.97,12.85,388628,515536167.0,7.95,-6.68,-0.94,4.55,SH601872
216,2007-10-26,13.24,13.39,13.66,13.14,301486,403359109.0,3.96,1.9,0.25,3.53,SH601872
217,2007-10-29,13.54,13.93,13.95,13.26,204019,278156032.0,5.15,4.03,0.54,2.39,SH601872
218,2007-10-30,13.93,14.13,14.38,13.75,220177,310092375.0,4.52,1.44,0.2,2.58,SH601872
219,2007-10-31,14.18,14.33,14.42,13.96,292610,415064159.0,3.26,1.42,0.2,3.42,SH601872
220,2007-11-01,14.42,13.74,14.44,13.7,232940,325497656.0,5.16,-4.12,-0.59,2.72,SH601872
221,2007-11-02,13.44,13.27,13.62,13.19,237016,315861514.0,3.13,-3.42,-0.47,2.77,SH601872
222,2007-11-05,13.24,13.34,13.58,13.05,139161,184798384.0,3.99,0.53,0.07,1.63,SH601872
223,2007-11-06,13.42,13.64,13.84,13.16,172322,232087292.0,5.1,2.25,0.3,2.02,SH601872
224,2007-11-07,13.78,13.34,13.78,13.14,131862,176089841.0,4.69,-2.2,-0.3,1.54,SH601872
225,2007-11-08,13.34,12.28,13.36,12.24,287349,363062779.0,8.4,-7.95,-1.06,3.36,SH601872
226,2007-11-09,12.26,12.2,12.47,12.12,149620,183005245.0,2.85,-0.65,-0.08,1.75,SH601872
227,2007-11-12,11.99,11.48,12.1,11.04,206082,236385655.0,8.69,-5.9,-0.72,2.41,SH601872
228,2007-11-13,11.66,11.48,11.89,11.26,131970,152883220.0,5.49,0.0,0.0,1.54,SH601872
229,2007-11-14,11.72,12.01,12.03,11.55,124708,146960961.0,4.18,4.62,0.53,1.46,SH601872
230,2007-11-15,11.99,11.63,11.99,11.54,130251,152711166.0,3.75,-3.16,-0.38,1.52,SH601872
231,2007-11-16,11.44,11.55,11.6,11.26,96151,109481760.0,2.92,-0.69,-0.08,1.12,SH601872
232,2007-11-19,11.64,11.81,11.89,11.44,86646,101390063.0,3.9,2.25,0.26,1.01,SH601872
233,2007-11-20,11.82,12.01,12.13,11.71,120754,144153460.0,3.56,1.69,0.2,1.41,SH601872
234,2007-11-21,12.04,11.72,12.17,11.69,101646,120866166.0,4.0,-2.41,-0.29,1.19,SH601872
235,2007-11-22,11.54,11.11,11.63,11.04,128905,145567635.0,5.03,-5.2,-0.61,1.51,SH601872
236,2007-11-23,11.04,11.27,11.29,10.94,81970,90837668.0,3.15,1.44,0.16,0.96,SH601872
237,2007-11-26,11.41,11.31,11.74,11.24,95015,108938087.0,4.44,0.35,0.04,1.11,SH601872
238,2007-11-27,11.31,11.4,11.64,11.26,71344,81321264.0,3.36,0.8,0.09,0.83,SH601872
239,2007-11-28,11.46,11.11,11.54,11.05,115245,128481532.0,4.3,-2.54,-0.29,1.35,SH601872
240,2007-11-29,11.25,11.6,11.62,11.07,147919,167801587.0,4.95,4.41,0.49,1.73,SH601872
241,2007-11-30,11.54,11.21,11.56,11.16,98971,111686668.0,3.45,-3.36,-0.39,1.16,SH601872
242,2007-12-03,11.22,11.18,11.34,11.06,92669,103321506.0,2.5,-0.27,-0.03,0.59,SH601872
243,2007-12-04,11.23,11.26,11.39,11.17,98140,110275390.0,1.97,0.72,0.08,0.62,SH601872
244,2007-12-05,11.34,11.52,11.56,11.27,198349,226421930.0,2.58,2.31,0.26,1.26,SH601872
245,2007-12-06,11.62,11.44,11.69,11.32,166804,190567074.0,3.21,-0.69,-0.08,1.06,SH601872
246,2007-12-07,11.48,11.59,11.62,11.24,228299,260308612.0,3.32,1.31,0.15,1.45,SH601872
247,2007-12-10,11.48,11.84,11.87,11.4,366427,429524555.0,4.06,2.16,0.25,2.32,SH601872
248,2007-12-11,11.92,11.87,11.99,11.54,257848,302951949.0,3.8,0.25,0.03,1.64,SH601872
249,2007-12-12,11.8,12.17,12.23,11.68,304988,365180839.0,4.63,2.53,0.3,1.93,SH601872
250,2007-12-13,12.22,11.82,12.41,11.76,366009,444457002.0,5.34,-2.88,-0.35,2.32,SH601872
251,2007-12-14,11.64,11.88,11.89,11.44,167098,194628005.0,3.81,0.51,0.06,1.06,SH601872
252,2007-12-17,11.84,11.59,11.89,11.54,163925,190436694.0,2.95,-2.44,-0.29,1.04,SH601872
253,2007-12-18,11.57,11.64,11.81,11.49,92067,106772935.0,2.76,0.43,0.05,0.58,SH601872
254,2007-12-19,11.76,12.01,12.04,11.62,173203,204833967.0,3.61,3.18,0.37,1.1,SH601872
255,2007-12-20,12.24,12.07,12.24,12.04,226271,273638890.0,1.67,0.5,0.06,1.43,SH601872
256,2007-12-21,11.92,12.27,12.28,11.92,216845,261642691.0,2.98,1.66,0.2,1.38,SH601872
257,2007-12-24,12.36,12.31,12.59,12.17,263578,324922825.0,3.42,0.33,0.04,1.67,SH601872
258,2007-12-25,12.31,12.42,12.49,12.22,174675,214743553.0,2.19,0.89,0.11,1.11,SH601872
259,2007-12-26,12.44,13.04,13.19,12.26,473644,604620865.0,7.49,4.99,0.62,3.0,SH601872
260,2007-12-27,12.97,12.99,13.27,12.89,274580,358263600.0,2.91,-0.38,-0.05,1.74,SH601872
261,2007-12-28,13.04,12.91,13.14,12.84,156163,201841837.0,2.31,-0.62,-0.08,0.99,SH601872
262,2008-01-02,12.91,13.09,13.23,12.69,207354,269061105.0,4.18,1.39,0.18,1.31,SH601872
263,2008-01-03,12.95,13.41,13.53,12.93,303983,402791022.0,4.58,2.44,0.32,1.93,SH601872
264,2008-01-04,13.43,13.26,13.51,13.14,198360,262508495.0,2.76,-1.12,-0.15,1.26,SH601872
265,2008-01-07,13.27,13.38,13.42,13.05,270515,356897397.0,2.79,0.9,0.12,1.72,SH601872
266,2008-01-08,13.49,13.07,13.69,12.89,290682,388071841.0,5.98,-2.32,-0.31,1.84,SH601872
267,2008-01-09,13.06,13.52,13.57,12.97,236063,313925927.0,4.59,3.44,0.45,1.5,SH601872
268,2008-01-10,13.41,13.45,13.72,13.24,272880,365963300.0,3.55,-0.52,-0.07,1.73,SH601872
269,2008-01-11,13.45,13.56,13.69,13.34,247038,333282961.0,2.6,0.82,0.11,1.57,SH601872
270,2008-01-14,13.56,13.76,13.98,13.54,240852,331229222.0,3.24,1.47,0.2,1.53,SH601872
271,2008-01-15,13.77,13.49,13.89,13.4,223018,302020532.0,3.56,-1.96,-0.27,1.41,SH601872
272,2008-01-16,13.43,12.95,13.43,12.94,298725,390273047.0,3.63,-4.0,-0.54,1.89,SH601872
273,2008-01-17,12.89,12.62,13.27,12.24,248072,314958956.0,7.95,-2.55,-0.33,1.57,SH601872
274,2008-01-18,12.62,12.89,12.91,12.34,169859,213707256.0,4.52,2.14,0.27,1.08,SH601872
275,2008-01-21,12.94,12.04,13.0,11.94,207760,258710540.0,8.22,-6.59,-0.85,1.32,SH601872
276,2008-01-22,11.84,10.84,11.84,10.84,255327,284980128.0,8.31,-9.97,-1.2,1.62,SH601872
277,2008-01-23,11.05,11.28,11.33,10.69,178729,198012085.0,5.9,4.06,0.44,1.13,SH601872
278,2008-01-24,11.37,11.28,11.47,11.07,185945,208912378.0,3.55,0.0,0.0,1.18,SH601872
279,2008-01-25,11.3,11.54,11.72,11.06,188705,213353811.0,5.85,2.3,0.26,1.2,SH601872
280,2008-01-28,11.59,10.4,11.59,10.39,183456,197206443.0,10.4,-9.88,-1.14,1.16,SH601872
281,2008-01-29,10.44,10.59,10.71,10.24,94728,99419145.0,4.52,1.83,0.19,0.6,SH601872
282,2008-01-30,10.75,10.73,10.94,10.33,109566,116482856.0,5.76,1.32,0.14,0.69,SH601872
283,2008-01-31,10.72,10.41,10.78,10.35,90345,95066410.0,4.01,-2.98,-0.32,0.57,SH601872
284,2008-02-01,10.49,9.93,10.52,9.59,124975,124133976.0,8.93,-4.61,-0.48,0.79,SH601872
285,2008-02-04,10.19,10.78,10.83,10.15,120463,126335904.0,6.85,8.56,0.85,0.76,SH601872
286,2008-02-05,10.69,10.72,10.86,10.03,104104,109885240.0,7.7,-0.56,-0.06,0.66,SH601872
287,2008-02-13,10.64,10.73,10.88,10.52,67540,72075502.0,3.36,0.09,0.01,0.43,SH601872
288,2008-02-14,10.8,10.9,11.02,10.75,59286,64450510.0,2.52,1.58,0.17,0.38,SH601872
289,2008-02-15,10.89,10.78,10.89,10.54,53712,57113637.0,3.21,-1.1,-0.12,0.34,SH601872
290,2008-02-18,10.92,11.09,11.14,10.76,119243,130790312.0,3.53,2.88,0.31,0.76,SH601872
291,2008-02-19,11.08,11.57,11.64,10.94,162901,184455947.0,6.31,4.33,0.48,1.03,SH601872
292,2008-02-20,11.66,11.26,11.71,11.24,196558,224502366.0,4.06,-2.68,-0.31,1.25,SH601872
293,2008-02-21,11.12,11.18,11.32,10.95,94016,104375800.0,3.29,-0.71,-0.08,0.6,SH601872
294,2008-02-22,11.13,10.75,11.13,10.64,122863,132836855.0,4.38,-3.85,-0.43,0.78,SH601872
295,2008-02-25,10.74,10.18,10.91,10.13,95968,99275186.0,7.26,-5.3,-0.57,0.61,SH601872
296,2008-02-26,10.45,10.39,10.61,10.04,69798,71541724.0,5.6,2.06,0.21,0.44,SH601872
297,2008-02-27,10.4,10.62,10.79,10.34,66382,70238714.0,4.33,2.21,0.23,0.42,SH601872
298,2008-02-28,10.64,10.5,10.71,10.39,55105,57807621.0,3.01,-1.13,-0.12,0.35,SH601872
299,2008-02-29,10.5,10.61,10.66,10.44,51501,54285479.0,2.1,1.05,0.11,0.33,SH601872
300,2008-03-03,10.62,10.89,10.93,10.4,118651,126914138.0,5.0,2.64,0.28,0.75,SH601872
301,2008-03-04,10.92,10.57,10.94,10.54,119098,127357123.0,3.67,-2.94,-0.32,0.76,SH601872
302,2008-03-05,10.53,10.45,10.72,10.29,92974,96772937.0,4.07,-1.14,-0.12,0.59,SH601872
303,2008-03-06,10.49,10.62,10.81,10.3,119241,125377076.0,4.88,1.63,0.17,0.76,SH601872
304,2008-03-07,10.54,10.41,10.57,10.32,72567,75427327.0,2.35,-1.98,-0.21,0.46,SH601872
305,2008-03-10,10.41,10.06,10.42,10.0,94784,95822897.0,4.03,-3.36,-0.35,0.6,SH601872
306,2008-03-11,10.06,10.25,10.31,9.86,51501,51948906.0,4.47,1.89,0.19,0.33,SH601872
307,2008-03-12,10.47,10.03,10.49,10.01,63805,64775227.0,4.68,-2.15,-0.22,0.4,SH601872
308,2008-03-13,10.01,9.65,10.09,9.5,97689,95142224.0,5.88,-3.79,-0.38,0.62,SH601872
309,2008-03-14,9.66,9.64,9.74,9.51,52190,49873820.0,2.38,-0.1,-0.01,0.33,SH601872
310,2008-03-17,9.64,8.95,9.66,8.93,83436,76349408.0,7.57,-7.16,-0.69,0.53,SH601872
311,2008-03-18,8.94,8.2,9.03,8.06,112358,94499110.0,10.84,-8.38,-0.75,0.71,SH601872
312,2008-03-19,8.39,8.5,8.73,8.22,79308,66954029.0,6.22,3.66,0.3,0.5,SH601872
313,2008-03-20,8.43,8.73,8.87,8.04,84244,70997885.0,9.76,2.71,0.23,0.53,SH601872
314,2008-03-24,8.92,8.63,9.01,8.54,94118,82902678.0,5.38,-1.15,-0.1,0.6,SH601872
315,2008-03-25,8.54,8.88,8.93,8.44,72845,63516193.0,5.68,2.9,0.25,0.46,SH601872
316,2008-03-26,8.94,8.81,9.06,8.74,58562,51795745.0,3.6,-0.79,-0.07,0.37,SH601872
317,2008-03-27,8.69,8.17,8.69,8.13,69578,57944912.0,6.36,-7.26,-0.64,0.44,SH601872
318,2008-03-28,8.12,8.43,8.51,7.84,68206,55727949.0,8.2,3.18,0.26,0.43,SH601872
319,2008-03-31,8.32,8.02,8.32,8.01,58554,47480950.0,3.68,-4.86,-0.41,0.37,SH601872
320,2008-04-01,8.03,7.35,8.08,7.24,91746,69100585.0,10.47,-8.35,-0.67,0.58,SH601872
321,2008-04-02,7.43,7.1,7.54,7.02,104274,75281174.0,7.07,-3.4,-0.25,0.66,SH601872
322,2008-04-03,7.24,7.81,7.81,7.23,171017,130776127.0,8.17,10.0,0.71,1.08,SH601872
323,2008-04-07,8.1,8.59,8.59,8.1,324332,270663266.0,6.27,9.99,0.78,2.06,SH601872
324,2008-04-08,8.96,8.83,9.19,8.66,589677,522040924.0,6.17,2.79,0.24,3.74,SH601872
325,2008-04-09,8.67,8.72,9.12,8.57,337725,296107959.0,6.23,-1.25,-0.11,2.14,SH601872
326,2008-04-10,8.64,8.86,9.04,8.34,278885,240228355.0,8.03,1.61,0.14,1.77,SH601872
327,2008-04-11,8.84,8.81,8.89,8.55,198634,172302124.0,3.84,-0.56,-0.05,1.26,SH601872
328,2008-04-14,8.54,7.95,8.61,7.93,213710,174810216.0,7.72,-9.76,-0.86,1.36,SH601872
329,2008-04-15,7.85,8.31,8.41,7.84,174880,142068992.0,7.17,4.53,0.36,1.11,SH601872
330,2008-04-16,8.24,8.04,8.34,7.84,126592,101962645.0,6.02,-3.25,-0.27,0.8,SH601872
331,2008-04-17,8.07,8.29,8.31,7.84,137565,111264458.0,5.85,3.11,0.25,0.87,SH601872
332,2008-04-18,8.14,8.24,8.57,7.96,184780,152519106.0,7.36,-0.6,-0.05,1.17,SH601872
333,2008-04-21,8.92,8.58,8.93,8.34,258493,222714727.0,7.16,4.13,0.34,1.64,SH601872
334,2008-04-22,8.39,8.42,8.52,7.92,166929,135503659.0,6.99,-1.86,-0.16,1.06,SH601872
335,2008-04-23,8.32,8.77,8.91,8.14,247916,214193094.0,9.14,4.16,0.35,1.57,SH601872
336,2008-04-24,9.54,9.63,9.64,9.15,537015,505108624.0,5.59,9.81,0.86,3.41,SH601872
337,2008-04-25,9.42,9.41,9.91,9.29,364515,347420529.0,6.44,-2.28,-0.22,2.31,SH601872
338,2008-04-28,9.49,9.44,9.77,9.36,182697,173526791.0,4.36,0.32,0.03,1.16,SH601872
339,2008-04-29,9.44,9.47,9.69,9.36,148421,140855322.0,3.5,0.32,0.03,0.94,SH601872
340,2008-04-30,9.48,9.76,9.83,9.44,248943,240496122.0,4.12,3.06,0.29,1.58,SH601872
341,2008-05-05,9.82,9.87,9.93,9.55,227355,220867154.0,3.89,1.13,0.11,1.44,SH601872
342,2008-05-06,9.73,9.5,9.78,9.43,232649,221821438.0,3.55,-3.75,-0.37,1.48,SH601872
343,2008-05-07,9.44,8.99,9.57,8.95,209588,192934695.0,6.53,-5.37,-0.51,1.33,SH601872
344,2008-05-08,8.92,9.18,9.24,8.84,126292,114501145.0,4.45,2.11,0.19,0.8,SH601872
345,2008-05-09,9.23,8.97,9.31,8.85,139977,126079574.0,5.01,-2.29,-0.21,0.89,SH601872
346,2008-05-12,8.84,9.04,9.19,8.64,112387,99553358.0,6.13,0.78,0.07,0.71,SH601872
347,2008-05-13,8.74,8.82,9.02,8.65,137219,120418324.0,4.09,-2.43,-0.22,0.87,SH601872
348,2008-05-14,8.75,9.13,9.22,8.74,129887,117416340.0,5.44,3.51,0.31,0.82,SH601872
349,2008-05-15,9.19,9.08,9.3,9.04,137927,125988653.0,2.85,-0.55,-0.05,0.87,SH601872
350,2008-05-16,9.04,9.49,9.58,9.03,286515,267527878.0,6.06,4.52,0.41,1.82,SH601872
351,2008-05-19,9.52,9.53,9.64,9.3,191826,181748996.0,3.58,0.42,0.04,1.22,SH601872
352,2008-05-20,9.54,8.84,9.72,8.7,189511,175293318.0,10.7,-7.24,-0.69,1.2,SH601872
353,2008-05-21,8.73,9.07,9.16,8.54,166408,145433453.0,7.01,2.6,0.23,1.06,SH601872
354,2008-05-22,8.94,8.8,9.03,8.75,95200,84469621.0,3.09,-2.98,-0.27,0.6,SH601872
355,2008-05-23,8.75,8.74,8.89,8.7,79680,69839762.0,2.16,-0.68,-0.06,0.51,SH601872
356,2008-05-27,8.42,8.43,8.58,8.27,79981,66926508.0,3.55,-3.55,-0.31,0.51,SH601872
357,2008-05-28,8.44,8.64,8.74,8.38,55033,46966517.0,4.27,2.49,0.21,0.35,SH601872
358,2008-05-29,8.63,8.39,8.73,8.37,59019,50456517.0,4.17,-2.89,-0.25,0.37,SH601872
359,2008-05-30,8.39,8.38,8.51,8.25,51259,42681427.0,3.1,-0.12,-0.01,0.33,SH601872
360,2008-06-02,8.39,8.38,8.47,8.19,69011,57036689.0,3.34,0.0,0.0,0.44,SH601872
361,2008-06-03,8.45,8.47,8.59,8.39,64690,54595484.0,2.39,1.07,0.09,0.41,SH601872
362,2008-06-04,8.39,8.21,8.47,8.14,57242,46882040.0,3.9,-3.07,-0.26,0.36,SH601872
363,2008-06-05,8.19,8.24,8.29,8.09,39175,31898356.0,2.44,0.37,0.03,0.25,SH601872
364,2008-06-06,8.24,8.17,8.29,8.14,29384,23891558.0,1.82,-0.85,-0.07,0.19,SH601872
365,2008-06-10,7.84,7.36,7.88,7.36,71289,53576701.0,6.36,-9.91,-0.81,0.45,SH601872
366,2008-06-11,7.11,7.1,7.32,7.05,67201,47770331.0,3.67,-3.53,-0.26,0.43,SH601872
367,2008-06-12,7.09,7.13,7.23,6.98,74159,52368574.0,3.52,0.42,0.03,0.47,SH601872
368,2008-06-13,7.14,7.04,7.24,7.02,54665,38620797.0,3.09,-1.26,-0.09,0.35,SH601872
369,2008-06-16,7.06,7.09,7.2,6.99,57140,40303315.0,2.98,0.71,0.05,0.36,SH601872
370,2008-06-17,7.17,6.56,7.17,6.51,84080,56923846.0,9.31,-7.48,-0.53,0.53,SH601872
371,2008-06-18,6.54,6.95,7.02,6.25,109802,73280517.0,11.74,5.95,0.39,0.7,SH601872
372,2008-06-19,6.86,6.26,6.86,6.26,81712,53236472.0,8.63,-9.93,-0.69,0.52,SH601872
373,2008-06-20,6.24,6.24,6.59,5.95,90362,56615344.0,10.22,-0.32,-0.02,0.57,SH601872
374,2008-06-23,6.24,6.09,6.32,6.02,49501,30340552.0,4.81,-2.4,-0.15,0.31,SH601872
375,2008-06-24,6.1,6.26,6.35,6.1,47879,29736172.0,4.11,2.79,0.17,0.3,SH601872
376,2008-06-25,6.29,6.68,6.85,6.25,115835,75671935.0,9.58,6.71,0.42,0.73,SH601872
377,2008-06-26,6.59,6.83,6.92,6.53,137252,91279942.0,5.84,2.25,0.15,0.87,SH601872
378,2008-06-27,6.57,6.44,6.59,6.2,128748,81642019.0,5.71,-5.71,-0.39,0.82,SH601872
379,2008-06-30,6.41,6.21,6.47,6.04,86801,54211220.0,6.68,-3.57,-0.23,0.55,SH601872
380,2008-07-01,6.32,6.19,6.35,6.14,74040,45912752.0,3.38,-0.32,-0.02,0.47,SH601872
381,2008-07-02,6.19,6.29,6.36,6.19,58480,36471067.0,2.75,1.62,0.1,0.37,SH601872
382,2008-07-03,6.18,6.53,6.7,6.05,111979,71687131.0,10.33,3.82,0.24,0.71,SH601872
383,2008-07-04,6.57,6.52,6.75,6.45,94935,62255316.0,4.59,-0.15,-0.01,0.6,SH601872
384,2008-07-07,6.56,6.83,6.86,6.54,141194,94801598.0,4.91,4.75,0.31,0.9,SH601872
385,2008-07-08,6.79,6.83,6.9,6.63,113501,76374185.0,3.95,0.0,0.0,0.72,SH601872
386,2008-07-09,6.96,7.02,7.16,6.94,181014,126387907.0,3.22,2.78,0.19,1.15,SH601872
387,2008-07-10,6.87,7.39,7.69,6.84,300748,217011442.0,12.11,5.27,0.37,1.91,SH601872
388,2008-07-11,7.24,7.15,7.32,7.04,153540,109264805.0,3.79,-3.25,-0.24,0.97,SH601872
389,2008-07-14,7.06,7.16,7.23,7.01,80243,56796605.0,3.08,0.14,0.01,0.51,SH601872
390,2008-07-15,7.22,6.82,7.24,6.76,119468,81739101.0,6.7,-4.75,-0.34,0.76,SH601872
391,2008-07-16,6.83,6.52,6.89,6.37,80760,52597448.0,7.62,-4.4,-0.3,0.51,SH601872
392,2008-07-17,6.69,6.46,6.72,6.37,68342,43999698.0,5.37,-0.92,-0.06,0.43,SH601872
393,2008-07-18,6.51,6.77,6.81,6.47,72312,47178849.0,5.26,4.8,0.31,0.46,SH601872
394,2008-07-21,6.74,6.97,7.02,6.67,83116,56206068.0,5.17,2.95,0.2,0.53,SH601872
395,2008-07-22,6.98,6.97,7.1,6.89,94022,64781030.0,3.01,0.0,0.0,0.6,SH601872
396,2008-07-23,7.06,6.93,7.18,6.91,67226,46502013.0,3.87,-0.57,-0.04,0.43,SH601872
397,2008-07-24,6.99,7.1,7.15,6.94,100377,69867708.0,3.03,2.45,0.17,0.64,SH601872
398,2008-07-25,7.01,6.89,7.04,6.89,75414,51568623.0,2.11,-2.96,-0.21,0.48,SH601872
399,2008-07-28,6.93,6.94,7.05,6.89,62232,42775561.0,2.32,0.73,0.05,0.39,SH601872
400,2008-07-29,6.86,6.75,6.93,6.67,70851,47183817.0,3.75,-2.74,-0.19,0.45,SH601872
401,2008-07-30,6.85,6.74,6.88,6.67,70017,46518097.0,3.11,-0.15,-0.01,0.44,SH601872
402,2008-07-31,6.74,6.49,6.77,6.47,48884,31628301.0,4.45,-3.71,-0.25,0.31,SH601872
403,2008-08-01,6.46,6.59,6.64,6.41,52913,33865545.0,3.54,1.54,0.1,0.34,SH601872
404,2008-08-04,6.57,6.4,6.57,6.36,40559,25711336.0,3.19,-2.88,-0.19,0.26,SH601872
405,2008-08-05,6.39,6.31,6.45,6.27,37362,23294497.0,2.81,-1.41,-0.09,0.24,SH601872
406,2008-08-06,6.36,6.36,6.45,6.26,33867,21156365.0,3.01,0.79,0.05,0.21,SH601872
407,2008-08-07,6.41,6.4,6.43,6.31,34194,21426763.0,1.89,0.63,0.04,0.22,SH601872
408,2008-08-08,6.41,5.97,6.42,5.96,65427,39569791.0,7.19,-6.72,-0.43,0.41,SH601872
409,2008-08-11,5.94,5.45,5.99,5.4,75300,41564804.0,9.88,-8.71,-0.52,0.48,SH601872
410,2008-08-12,5.46,5.46,5.54,5.33,42493,22710854.0,3.85,0.18,0.01,0.27,SH601872
411,2008-08-13,5.46,5.34,5.46,5.11,86759,44708736.0,6.41,-2.2,-0.12,0.55,SH601872
412,2008-08-14,5.3,5.36,5.41,5.22,32988,17237775.0,3.56,0.37,0.02,0.21,SH601872
413,2008-08-15,5.36,5.34,5.42,5.24,35097,18373149.0,3.36,-0.37,-0.02,0.22,SH601872
414,2008-08-18,5.37,5.02,5.39,5.01,49347,24939829.0,7.12,-5.99,-0.32,0.31,SH601872
415,2008-08-19,5.01,5.15,5.17,4.96,37391,18642328.0,4.18,2.59,0.13,0.24,SH601872
416,2008-08-20,5.15,5.6,5.61,5.02,91927,48907141.0,11.46,8.74,0.45,0.58,SH601872
417,2008-08-21,5.49,5.38,5.61,5.32,64326,34437509.0,5.18,-3.93,-0.22,0.41,SH601872
418,2008-08-22,5.33,5.3,5.41,5.18,39835,20637618.0,4.28,-1.49,-0.08,0.25,SH601872
419,2008-08-25,5.32,5.3,5.41,5.22,36325,18960423.0,3.58,0.0,0.0,0.23,SH601872
420,2008-08-26,5.27,5.09,5.28,5.03,44453,22328933.0,4.72,-3.96,-0.21,0.28,SH601872
421,2008-08-27,5.09,5.17,5.22,5.03,30829,15491823.0,3.73,1.57,0.08,0.2,SH601872
422,2008-08-28,5.17,5.21,5.27,5.13,38891,19834078.0,2.71,0.77,0.04,0.25,SH601872
423,2008-08-29,5.22,5.36,5.45,5.22,55116,28825925.0,4.41,2.88,0.15,0.35,SH601872
424,2008-09-01,5.3,5.19,5.35,5.13,31513,16101856.0,4.1,-3.17,-0.17,0.2,SH601872
425,2008-09-02,5.16,5.24,5.28,5.08,23747,12071061.0,3.85,0.96,0.05,0.15,SH601872
426,2008-09-03,5.23,5.23,5.28,5.12,32045,16296796.0,3.05,-0.19,-0.01,0.2,SH601872
427,2008-09-04,5.2,5.24,5.28,5.17,24990,12792787.0,2.1,0.19,0.01,0.16,SH601872
428,2008-09-05,5.16,5.08,5.17,5.03,49955,24938054.0,2.67,-3.05,-0.16,0.32,SH601872
429,2008-09-08,5.08,4.79,5.13,4.77,48623,23390216.0,7.09,-5.71,-0.29,0.31,SH601872
430,2008-09-09,4.79,4.85,4.9,4.77,31411,14841414.0,2.71,1.25,0.06,0.2,SH601872
431,2008-09-10,4.83,4.86,4.99,4.73,28969,13778389.0,5.36,0.21,0.01,0.18,SH601872
432,2008-09-11,4.85,4.73,4.9,4.69,34548,16075022.0,4.32,-2.67,-0.13,0.22,SH601872
433,2008-09-12,4.77,4.75,4.83,4.71,23027,10721092.0,2.54,0.42,0.02,0.15,SH601872
434,2008-09-16,4.79,4.66,4.79,4.62,43896,20111118.0,3.58,-1.89,-0.09,0.28,SH601872
435,2008-09-17,4.64,4.53,4.74,4.51,40555,18193774.0,4.94,-2.79,-0.13,0.26,SH601872
436,2008-09-18,4.44,4.35,4.45,4.16,74210,31254101.0,6.4,-3.97,-0.18,0.47,SH601872
437,2008-09-19,4.74,4.77,4.77,4.72,72361,33650931.0,1.15,9.66,0.42,0.46,SH601872
438,2008-09-22,5.08,5.01,5.24,4.81,193168,95428718.0,9.01,5.03,0.24,1.23,SH601872
439,2008-09-23,4.82,4.71,4.88,4.7,106336,49763780.0,3.59,-5.99,-0.3,0.67,SH601872
440,2008-09-24,4.62,4.83,4.88,4.55,71817,32899315.0,7.01,2.55,0.12,0.46,SH601872
441,2008-09-25,4.83,5.06,5.2,4.78,183149,90484115.0,8.7,4.76,0.23,1.16,SH601872
442,2008-09-26,5.14,5.13,5.18,5.01,186680,93075708.0,3.36,1.38,0.07,1.18,SH601872
443,2008-10-06,4.92,5.04,5.18,4.87,127095,61623625.0,6.04,-1.75,-0.09,0.81,SH601872
444,2008-10-07,4.89,5.13,5.16,4.81,192730,94984825.0,6.94,1.79,0.09,1.22,SH601872
445,2008-10-08,5.09,4.89,5.2,4.79,260916,128363523.0,7.99,-4.68,-0.24,1.65,SH601872
446,2008-10-09,4.94,4.67,4.98,4.66,149245,70227382.0,6.54,-4.5,-0.22,0.95,SH601872
447,2008-10-10,4.47,4.37,4.51,4.31,85917,36817258.0,4.28,-6.42,-0.3,0.54,SH601872
448,2008-10-13,4.38,4.52,4.53,4.18,73437,31177750.0,8.01,3.43,0.15,0.47,SH601872
449,2008-10-14,4.71,4.36,4.71,4.34,86576,38544953.0,8.19,-3.54,-0.16,0.55,SH601872
450,2008-10-15,4.35,4.32,4.4,4.24,48919,20552466.0,3.67,-0.92,-0.04,0.31,SH601872
451,2008-10-16,4.2,4.1,4.24,4.09,64025,25940152.0,3.47,-5.09,-0.22,0.41,SH601872
452,2008-10-17,4.17,4.2,4.29,4.11,47185,19268439.0,4.39,2.44,0.1,0.3,SH601872
453,2008-10-20,4.19,4.31,4.33,4.15,45373,18760625.0,4.29,2.62,0.11,0.29,SH601872
454,2008-10-21,4.34,4.29,4.37,4.27,48147,20266369.0,2.32,-0.46,-0.02,0.31,SH601872
455,2008-10-22,4.27,4.17,4.29,4.16,45066,18481141.0,3.03,-2.8,-0.12,0.29,SH601872
456,2008-10-23,4.1,4.18,4.2,4.06,35399,14252013.0,3.36,0.24,0.01,0.22,SH601872
457,2008-10-24,4.19,4.09,4.22,4.05,53090,21302262.0,4.07,-2.15,-0.09,0.34,SH601872
458,2008-10-27,4.04,3.81,4.06,3.79,63034,24062082.0,6.6,-6.85,-0.28,0.4,SH601872
459,2008-10-28,3.81,3.99,4.0,3.81,117449,44812466.0,4.99,4.72,0.18,0.74,SH601872
460,2008-10-29,4.07,3.89,4.07,3.88,77396,30017282.0,4.76,-2.51,-0.1,0.49,SH601872
461,2008-10-30,3.95,3.95,4.02,3.86,77536,29819025.0,4.11,1.54,0.06,0.49,SH601872
462,2008-10-31,3.96,3.92,3.99,3.89,48860,18698178.0,2.53,-0.76,-0.03,0.31,SH601872
463,2008-11-03,3.89,3.88,3.96,3.86,28308,10766004.0,2.55,-1.02,-0.04,0.18,SH601872
464,2008-11-04,3.87,3.76,3.87,3.73,44699,16473787.0,3.61,-3.09,-0.12,0.28,SH601872
465,2008-11-05,3.8,3.9,3.94,3.8,73728,27802385.0,3.72,3.72,0.14,0.47,SH601872
466,2008-11-06,3.81,3.8,3.83,3.76,40168,14785010.0,1.79,-2.56,-0.1,0.25,SH601872
467,2008-11-07,3.77,3.85,3.88,3.71,45102,16667945.0,4.47,1.32,0.05,0.29,SH601872
468,2008-11-10,3.93,4.1,4.11,3.86,147209,57597450.0,6.49,6.49,0.25,0.93,SH601872
469,2008-11-11,4.06,4.04,4.18,3.99,168464,66788240.0,4.63,-1.46,-0.06,1.07,SH601872
470,2008-11-12,3.97,4.11,4.13,3.96,130077,51554937.0,4.21,1.73,0.07,0.82,SH601872
471,2008-11-13,4.04,4.28,4.41,4.02,260539,106996904.0,9.49,4.14,0.17,1.65,SH601872
472,2008-11-14,4.32,4.44,4.45,4.24,258347,109710534.0,4.91,3.74,0.16,1.64,SH601872
473,2008-11-17,4.37,4.55,4.58,4.35,248730,108344992.0,5.18,2.48,0.11,1.58,SH601872
474,2008-11-18,4.53,4.15,4.68,4.11,339407,146311093.0,12.53,-8.79,-0.4,2.15,SH601872
475,2008-11-19,4.2,4.49,4.54,4.17,211800,89840612.0,8.92,8.19,0.34,1.34,SH601872
476,2008-11-20,4.43,4.42,4.54,4.21,190090,81564341.0,7.35,-1.56,-0.07,1.21,SH601872
477,2008-11-21,4.3,4.37,4.44,4.16,179556,75055510.0,6.33,-1.13,-0.05,1.14,SH601872
478,2008-11-24,4.32,4.18,4.39,4.17,93976,39024768.0,5.03,-4.35,-0.19,0.6,SH601872
479,2008-11-25,4.23,4.21,4.28,4.09,86466,35240696.0,4.55,0.72,0.03,0.55,SH601872
480,2008-11-26,4.19,4.28,4.62,4.19,196362,83064075.0,10.21,1.66,0.07,1.25,SH601872
481,2008-11-27,4.53,4.29,4.54,4.28,222036,95268533.0,6.07,0.23,0.01,1.41,SH601872
482,2008-11-28,4.24,4.17,4.3,4.14,95967,39293324.0,3.73,-2.8,-0.12,0.61,SH601872
483,2008-12-01,4.17,4.25,4.27,4.09,118640,48224684.0,4.32,1.92,0.08,0.75,SH601872
484,2008-12-02,4.17,4.26,4.31,4.1,166622,68177173.0,4.94,0.24,0.01,1.06,SH601872
485,2008-12-03,4.28,4.45,4.46,4.26,256158,109766347.0,4.69,4.46,0.19,1.62,SH601872
486,2008-12-04,4.5,4.45,4.63,4.44,396821,175629841.0,4.27,0.0,0.0,2.52,SH601872
487,2008-12-05,4.39,4.51,4.52,4.39,179838,78309710.0,2.92,1.35,0.06,1.14,SH601872
488,2008-12-08,4.58,4.94,4.95,4.54,682450,318766655.0,9.09,9.53,0.43,4.33,SH601872
489,2008-12-09,4.84,4.75,4.96,4.73,535969,254358366.0,4.66,-3.85,-0.19,3.4,SH601872
490,2008-12-10,4.7,4.77,4.86,4.58,388764,179258000.0,5.89,0.42,0.02,2.47,SH601872
491,2008-12-11,4.73,4.57,4.77,4.56,263754,119855018.0,4.4,-4.19,-0.2,1.67,SH601872
492,2008-12-12,4.54,4.39,4.57,4.32,202615,87990031.0,5.47,-3.94,-0.18,1.28,SH601872
493,2008-12-15,4.44,4.43,4.49,4.33,112552,48438879.0,3.64,0.91,0.04,0.71,SH601872
494,2008-12-16,4.36,4.37,4.38,4.18,188737,78674898.0,4.51,-1.35,-0.06,1.2,SH601872
495,2008-12-17,4.38,4.4,4.47,4.34,163129,70122417.0,2.97,0.69,0.03,1.03,SH601872
496,2008-12-18,4.39,4.5,4.52,4.33,152070,65765193.0,4.32,2.27,0.1,0.96,SH601872
497,2008-12-19,4.54,4.51,4.61,4.48,199301,88662117.0,2.89,0.22,0.01,1.26,SH601872
498,2008-12-22,4.56,4.5,4.63,4.44,154001,67953464.0,4.21,-0.22,-0.01,0.98,SH601872
499,2008-12-23,4.51,4.25,4.55,4.24,176309,75812136.0,6.89,-5.56,-0.25,1.12,SH601872
500,2008-12-24,4.21,4.16,4.25,4.12,116501,47423341.0,3.06,-2.12,-0.09,0.74,SH601872
501,2008-12-25,4.16,4.14,4.21,4.09,88022,35447962.0,2.88,-0.48,-0.02,0.56,SH601872
502,2008-12-26,4.14,4.06,4.15,4.03,125750,50030909.0,2.9,-1.93,-0.08,0.8,SH601872
503,2008-12-29,4.05,4.09,4.11,3.97,91371,36012468.0,3.45,0.74,0.03,0.58,SH601872
504,2008-12-30,4.09,4.02,4.13,4.01,63612,25215457.0,2.93,-1.71,-0.07,0.4,SH601872
505,2008-12-31,4.03,3.97,4.07,3.96,62849,24529041.0,2.74,-1.24,-0.05,0.4,SH601872
506,2009-01-05,4.02,4.12,4.14,4.01,88779,35115636.0,3.27,3.78,0.15,0.56,SH601872
507,2009-01-06,4.12,4.23,4.26,4.08,127507,52023400.0,4.37,2.67,0.11,0.81,SH601872
508,2009-01-07,4.23,4.24,4.31,4.18,134414,55568540.0,3.07,0.24,0.01,0.85,SH601872
509,2009-01-08,4.18,4.06,4.18,4.05,110761,44325723.0,3.07,-4.25,-0.18,0.7,SH601872
510,2009-01-09,4.05,4.14,4.15,4.05,59843,23962984.0,2.46,1.97,0.08,0.38,SH601872
511,2009-01-12,4.12,4.2,4.25,4.11,103583,42293494.0,3.38,1.45,0.06,0.66,SH601872
512,2009-01-13,4.16,4.08,4.18,4.07,75281,30205919.0,2.62,-2.86,-0.12,0.48,SH601872
513,2009-01-14,4.06,4.24,4.25,4.06,120759,49128872.0,4.66,3.92,0.16,0.77,SH601872
514,2009-01-15,4.19,4.23,4.29,4.17,140871,58097499.0,2.83,-0.24,-0.01,0.89,SH601872
515,2009-01-16,4.23,4.36,4.44,4.23,269758,115004698.0,4.96,3.07,0.13,1.71,SH601872
516,2009-01-19,4.41,4.37,4.52,4.33,234566,101421992.0,4.36,0.23,0.01,1.49,SH601872
517,2009-01-20,4.36,4.37,4.4,4.28,103073,43627032.0,2.75,0.0,0.0,0.65,SH601872
518,2009-01-21,4.32,4.35,4.39,4.29,89935,38031228.0,2.29,-0.46,-0.02,0.57,SH601872
519,2009-01-22,4.36,4.46,4.5,4.34,164648,71212699.0,3.68,2.53,0.11,1.04,SH601872
520,2009-01-23,4.44,4.37,4.47,4.36,122971,52888097.0,2.47,-2.02,-0.09,0.78,SH601872
521,2009-02-02,4.42,4.46,4.46,4.34,134584,58047687.0,2.75,2.06,0.09,0.85,SH601872
522,2009-02-03,4.44,4.56,4.57,4.43,246143,108654781.0,3.14,2.24,0.1,1.56,SH601872
523,2009-02-04,4.6,4.72,4.75,4.59,394722,180475105.0,3.51,3.51,0.16,2.5,SH601872
524,2009-02-05,4.75,4.62,4.89,4.58,488631,227163943.0,6.57,-2.12,-0.1,3.1,SH601872
525,2009-02-06,4.67,4.91,4.94,4.67,520184,245919400.0,5.84,6.28,0.29,3.3,SH601872
526,2009-02-09,5.11,5.15,5.2,5.01,733520,366001528.0,3.87,4.89,0.24,4.65,SH601872
527,2009-02-10,5.1,5.36,5.41,5.03,581535,293630498.0,7.38,4.08,0.21,3.69,SH601872
528,2009-02-11,5.24,5.24,5.39,5.15,579994,297808832.0,4.48,-2.24,-0.12,3.68,SH601872
529,2009-02-12,5.34,5.3,5.49,5.12,567769,295477333.0,7.06,1.15,0.06,3.6,SH601872
530,2009-02-13,5.32,5.5,5.52,5.2,629894,331437114.0,6.04,3.77,0.2,3.99,SH601872
531,2009-02-16,5.55,5.54,5.57,5.38,529740,283924552.0,3.45,0.73,0.04,3.36,SH601872
532,2009-02-17,5.5,5.27,5.53,5.25,438963,231016848.0,5.05,-4.87,-0.27,2.78,SH601872
533,2009-02-18,5.15,4.99,5.24,4.96,338503,169085074.0,5.31,-5.31,-0.28,2.15,SH601872
534,2009-02-19,5.04,5.05,5.09,4.92,219288,107447309.0,3.41,1.2,0.06,1.39,SH601872
535,2009-02-20,5.06,5.17,5.22,4.96,234554,116963729.0,5.15,2.38,0.12,1.49,SH601872
536,2009-02-23,5.11,5.25,5.27,5.07,268701,137128960.0,3.87,1.55,0.08,1.7,SH601872
537,2009-02-24,5.21,5.0,5.28,4.98,310552,155419226.0,5.71,-4.76,-0.25,1.97,SH601872
538,2009-02-25,5.06,5.21,5.25,5.04,361896,182511177.0,4.2,4.2,0.21,2.3,SH601872
539,2009-02-26,5.21,4.92,5.27,4.76,310412,154850095.0,9.79,-5.57,-0.29,1.97,SH601872
540,2009-02-27,4.92,4.69,4.96,4.66,213710,99556695.0,6.1,-4.67,-0.23,1.36,SH601872
541,2009-03-02,4.66,4.74,4.78,4.66,114470,52914076.0,2.56,1.07,0.05,0.73,SH601872
542,2009-03-03,4.66,4.7,4.74,4.59,130153,59174860.0,3.16,-0.84,-0.04,0.83,SH601872
543,2009-03-04,4.73,4.95,4.97,4.71,227563,108084391.0,5.53,5.32,0.25,1.44,SH601872
544,2009-03-05,5.01,5.03,5.09,4.93,299847,147064990.0,3.23,1.62,0.08,1.9,SH601872
545,2009-03-06,4.95,4.95,5.03,4.89,130041,63102421.0,2.78,-1.59,-0.08,0.82,SH601872
546,2009-03-09,4.99,4.79,5.06,4.78,143252,68809240.0,5.66,-3.23,-0.16,0.91,SH601872
547,2009-03-10,4.72,5.16,5.21,4.72,304609,149673799.0,10.23,7.72,0.37,1.93,SH601872
548,2009-03-11,5.25,5.0,5.25,4.96,263271,131104226.0,5.62,-3.1,-0.16,1.67,SH601872
549,2009-03-12,4.94,4.91,5.0,4.81,144634,69097740.0,3.8,-1.8,-0.09,0.92,SH601872
550,2009-03-13,4.95,4.86,5.01,4.84,99844,48089138.0,3.46,-1.02,-0.05,0.63,SH601872
551,2009-03-16,4.85,4.92,4.93,4.78,66907,31733728.0,3.09,1.23,0.06,0.42,SH601872
552,2009-03-17,4.91,5.05,5.07,4.86,166623,81564459.0,4.27,2.64,0.13,1.06,SH601872
553,2009-03-18,5.1,5.07,5.14,5.03,250077,124625392.0,2.18,0.4,0.02,1.59,SH601872
554,2009-03-19,5.07,5.3,5.32,5.06,413915,210981422.0,5.13,4.54,0.23,2.62,SH601872
555,2009-03-20,5.29,5.2,5.29,5.16,309733,158175459.0,2.45,-1.89,-0.1,1.96,SH601872
556,2009-03-23,5.22,5.36,5.39,5.18,374638,194640240.0,4.04,3.08,0.16,2.38,SH601872
557,2009-03-24,5.37,5.29,5.4,5.26,281713,146271536.0,2.61,-1.31,-0.07,1.79,SH601872
558,2009-03-25,5.26,5.22,5.26,5.14,286006,145355791.0,2.27,-1.32,-0.07,1.81,SH601872
559,2009-03-26,5.41,5.73,5.73,5.39,1441451,799855489.0,6.51,9.77,0.51,9.14,SH601872
560,2009-03-27,5.92,5.96,6.19,5.79,1530556,897790765.0,6.98,4.01,0.23,9.71,SH601872
561,2009-03-30,5.98,5.82,5.98,5.77,590386,339278132.0,3.52,-2.35,-0.14,3.74,SH601872
562,2009-03-31,5.69,5.85,5.86,5.61,455377,255270519.0,4.3,0.52,0.03,2.89,SH601872
563,2009-04-01,5.84,5.85,5.98,5.81,500170,289176439.0,2.91,0.0,0.0,3.17,SH601872
564,2009-04-02,5.78,5.8,5.96,5.71,662304,379956773.0,4.27,-0.85,-0.05,4.2,SH601872
565,2009-04-03,5.81,5.63,5.82,5.61,508946,283155075.0,3.62,-2.93,-0.17,3.23,SH601872
566,2009-04-07,5.57,5.63,5.67,5.51,292285,159824352.0,2.84,0.0,0.0,1.85,SH601872
567,2009-04-08,5.61,5.41,5.61,5.41,269522,145339400.0,3.55,-3.91,-0.22,1.71,SH601872
568,2009-04-09,5.39,5.5,5.5,5.39,206309,110012124.0,2.03,1.66,0.09,1.31,SH601872
569,2009-04-10,5.53,5.59,5.61,5.47,271541,147993803.0,2.55,1.64,0.09,1.72,SH601872
570,2009-04-13,5.62,5.85,5.95,5.59,668673,380685988.0,6.44,4.65,0.26,4.24,SH601872
571,2009-04-14,5.79,5.72,5.81,5.64,464456,260316230.0,2.91,-2.22,-0.13,2.95,SH601872
572,2009-04-15,5.71,5.64,5.71,5.48,447063,244550117.0,4.02,-1.4,-0.08,2.84,SH601872
573,2009-04-16,5.62,5.69,5.86,5.58,444430,249677250.0,4.96,0.89,0.05,2.82,SH601872
574,2009-04-17,5.66,5.51,5.66,5.46,342319,185929266.0,3.51,-3.16,-0.18,2.17,SH601872
575,2009-04-20,5.51,5.68,5.76,5.46,344266,189632148.0,5.44,3.09,0.17,2.18,SH601872
576,2009-04-21,5.59,5.62,5.65,5.51,243478,133300458.0,2.46,-1.06,-0.06,1.54,SH601872
577,2009-04-22,5.64,5.49,5.77,5.41,429992,237249473.0,6.41,-2.31,-0.13,2.73,SH601872
578,2009-04-23,5.45,5.43,5.5,5.33,264767,140124710.0,3.1,-1.09,-0.06,1.68,SH601872
579,2009-04-24,5.43,5.35,5.47,5.31,193368,101836324.0,2.95,-1.47,-0.08,1.23,SH601872
580,2009-04-27,5.35,5.18,5.37,5.16,183970,94462243.0,3.93,-3.18,-0.17,1.17,SH601872
581,2009-04-28,5.17,5.27,5.28,5.16,137310,70208478.0,2.32,1.74,0.09,0.87,SH601872
582,2009-04-29,5.24,5.39,5.41,5.24,180180,94214944.0,3.23,2.28,0.12,1.14,SH601872
583,2009-04-30,5.43,5.37,5.47,5.35,181551,96143328.0,2.23,-0.37,-0.02,1.15,SH601872
584,2009-05-04,5.4,5.55,5.61,5.37,267730,144163579.0,4.47,3.35,0.18,1.7,SH601872
585,2009-05-05,5.57,5.52,5.59,5.49,252241,136619114.0,1.8,-0.54,-0.03,1.6,SH601872
586,2009-05-06,5.52,5.68,5.69,5.5,358449,197399012.0,3.44,2.9,0.16,2.27,SH601872
587,2009-05-07,5.73,5.65,5.81,5.56,392297,218941465.0,4.4,-0.53,-0.03,2.49,SH601872
588,2009-05-08,5.64,5.71,5.81,5.56,389919,218652972.0,4.42,1.06,0.06,2.47,SH601872
589,2009-05-11,5.76,5.44,5.77,5.41,275004,151611149.0,6.3,-4.73,-0.27,1.74,SH601872
590,2009-05-12,5.45,5.54,5.55,5.42,145930,78536857.0,2.39,1.84,0.1,0.93,SH601872
591,2009-05-13,5.54,5.63,5.64,5.51,187002,102576445.0,2.35,1.62,0.09,1.19,SH601872
592,2009-05-14,5.57,5.65,5.67,5.54,183202,101048260.0,2.31,0.36,0.02,1.16,SH601872
593,2009-05-15,5.69,5.67,5.76,5.63,267141,149236157.0,2.3,0.35,0.02,1.69,SH601872
594,2009-05-18,5.68,5.63,5.68,5.52,174410,95456082.0,2.82,-0.71,-0.04,1.11,SH601872
595,2009-05-19,5.68,5.64,5.7,5.6,219783,121477089.0,1.78,0.18,0.01,1.39,SH601872
596,2009-05-20,5.66,5.65,5.78,5.63,340108,190617568.0,2.66,0.18,0.01,2.16,SH601872
597,2009-05-21,5.6,5.47,5.61,5.44,267911,144678050.0,3.01,-3.19,-0.18,1.7,SH601872
598,2009-05-25,5.33,5.43,5.44,5.29,165759,87094346.0,2.74,-0.73,-0.04,1.05,SH601872
599,2009-05-26,5.42,5.36,5.45,5.36,143189,75750705.0,1.66,-1.29,-0.07,0.91,SH601872
600,2009-05-27,5.39,5.46,5.53,5.36,145975,77775076.0,3.17,1.87,0.1,0.93,SH601872
601,2009-06-01,5.61,5.57,5.69,5.54,239406,131288737.0,2.75,2.01,0.11,1.52,SH601872
602,2009-06-02,5.6,5.74,5.82,5.58,558876,313717625.0,4.31,3.05,0.17,3.54,SH601872
603,2009-06-03,5.75,5.77,5.8,5.7,433052,244458506.0,1.74,0.52,0.03,2.75,SH601872
604,2009-06-04,5.79,5.77,5.85,5.65,356605,200830035.0,3.47,0.0,0.0,2.26,SH601872
605,2009-06-05,5.79,5.77,5.9,5.72,481907,275838472.0,3.12,0.0,0.0,3.06,SH601872
606,2009-06-08,5.78,5.68,5.84,5.66,216092,121160583.0,3.12,-1.56,-0.09,1.37,SH601872
607,2009-06-09,5.71,5.7,5.73,5.55,191818,106058072.0,3.17,0.35,0.02,1.22,SH601872
608,2009-06-10,5.71,5.89,5.92,5.68,474762,271814908.0,4.21,3.33,0.19,3.01,SH601872
609,2009-06-11,5.84,5.7,5.86,5.66,312954,176936494.0,3.4,-3.23,-0.19,1.98,SH601872
610,2009-06-12,5.7,5.61,5.81,5.56,256993,142940334.0,4.39,-1.58,-0.09,1.63,SH601872
611,2009-06-15,5.61,5.69,5.69,5.58,136509,75492741.0,1.96,1.43,0.08,0.87,SH601872
612,2009-06-16,5.64,5.65,5.7,5.59,131300,72684094.0,1.93,-0.7,-0.04,0.83,SH601872
613,2009-06-17,5.66,5.77,5.79,5.62,189902,106362531.0,3.01,2.12,0.12,1.2,SH601872
614,2009-06-18,5.78,5.8,5.83,5.72,250616,141890532.0,1.91,0.52,0.03,1.59,SH601872
615,2009-06-19,5.8,5.96,6.11,5.73,645649,376118396.0,6.55,2.76,0.16,4.09,SH601872
616,2009-06-22,5.99,5.92,6.08,5.9,484090,283933785.0,3.02,-0.67,-0.04,3.07,SH601872
617,2009-06-23,5.85,5.83,5.92,5.73,319986,182934162.0,3.21,-1.52,-0.09,2.03,SH601872
618,2009-06-24,5.83,5.92,5.95,5.79,268498,155140568.0,2.74,1.54,0.09,1.7,SH601872
619,2009-06-25,5.94,5.84,5.97,5.81,212677,122471838.0,2.7,-1.35,-0.08,1.35,SH601872
620,2009-06-26,5.86,5.96,5.97,5.78,313612,181420376.0,3.25,2.05,0.12,1.99,SH601872
621,2009-06-29,5.93,6.01,6.04,5.89,310033,181786352.0,2.52,0.84,0.05,1.97,SH601872
622,2009-06-30,6.01,5.84,6.05,5.83,256504,148814003.0,3.66,-2.83,-0.17,1.63,SH601872
623,2009-07-01,5.87,5.89,5.9,5.81,190624,109561387.0,1.54,0.86,0.05,1.21,SH601872
624,2009-07-02,5.9,5.93,5.99,5.8,399269,231132493.0,3.23,0.68,0.04,2.53,SH601872
625,2009-07-03,5.87,6.03,6.06,5.84,434734,254823374.0,3.71,1.69,0.1,2.76,SH601872
626,2009-07-06,6.0,6.14,6.21,5.97,639426,383248029.0,3.98,1.82,0.11,4.06,SH601872
627,2009-07-07,6.14,6.16,6.38,6.1,612900,375025908.0,4.56,0.33,0.02,3.89,SH601872
628,2009-07-08,6.11,6.24,6.25,6.04,361937,218189877.0,3.41,1.3,0.08,2.3,SH601872
629,2009-07-09,6.24,6.28,6.31,6.16,359020,219760130.0,2.4,0.64,0.04,2.28,SH601872
630,2009-07-10,6.29,6.37,6.45,6.25,432711,269454237.0,3.18,1.43,0.09,2.74,SH601872
631,2009-07-13,6.35,6.44,6.5,6.3,483369,305027144.0,3.14,1.1,0.07,3.07,SH601872
632,2009-07-14,6.5,6.45,6.6,6.39,467365,291425705.0,3.26,0.16,0.01,2.96,SH601872
633,2009-07-15,6.46,6.63,6.78,6.44,771121,494367895.0,5.27,2.79,0.18,4.89,SH601872
634,2009-07-16,6.68,6.43,6.7,6.43,526707,333039876.0,4.07,-3.02,-0.2,3.34,SH601872
635,2009-07-17,6.43,6.45,6.51,6.31,363900,225610827.0,3.11,0.31,0.02,2.31,SH601872
636,2009-07-20,6.42,6.79,6.87,6.42,775374,503073864.0,6.98,5.27,0.34,4.92,SH601872
637,2009-07-21,6.77,6.5,6.78,6.48,509834,326071045.0,4.42,-4.27,-0.29,3.23,SH601872
638,2009-07-22,6.48,6.52,6.6,6.4,395811,248573329.0,3.08,0.31,0.02,2.51,SH601872
639,2009-07-23,6.49,6.46,6.52,6.41,253607,158136467.0,1.69,-0.92,-0.06,1.61,SH601872
640,2009-07-24,6.5,6.55,6.66,6.4,438462,277259097.0,4.02,1.39,0.09,2.78,SH601872
641,2009-07-27,6.55,6.8,6.85,6.47,829012,533662156.0,5.8,3.82,0.25,5.26,SH601872
642,2009-07-28,6.8,6.9,7.04,6.7,804266,538539569.0,5.0,1.47,0.1,5.1,SH601872
643,2009-07-29,6.84,6.37,6.86,6.23,576573,368663184.0,9.13,-7.68,-0.53,3.66,SH601872
644,2009-07-30,6.37,6.41,6.49,6.21,350266,214808524.0,4.4,0.63,0.04,2.22,SH601872
645,2009-07-31,6.48,6.65,6.71,6.4,441374,279677786.0,4.84,3.74,0.24,2.8,SH601872
646,2009-08-03,6.66,6.93,6.98,6.62,669103,445957066.0,5.41,4.21,0.28,4.24,SH601872
647,2009-08-04,6.94,6.86,6.97,6.73,495240,328688341.0,3.46,-1.01,-0.07,3.14,SH601872
648,2009-08-05,6.87,6.97,7.11,6.86,583096,395513677.0,3.64,1.6,0.11,3.7,SH601872
649,2009-08-06,6.97,6.71,6.97,6.62,397962,260743966.0,5.02,-3.73,-0.26,2.52,SH601872
650,2009-08-07,6.69,6.47,6.79,6.43,342542,218626487.0,5.37,-3.58,-0.24,2.17,SH601872
651,2009-08-10,6.54,6.58,6.64,6.46,238207,150820907.0,2.78,1.7,0.11,1.51,SH601872
652,2009-08-11,6.55,6.57,6.61,6.51,144451,91731558.0,1.52,-0.15,-0.01,0.92,SH601872
653,2009-08-12,6.53,6.2,6.54,6.18,404004,245812788.0,5.48,-5.63,-0.37,2.56,SH601872
654,2009-08-13,6.22,6.21,6.26,6.1,210980,126114769.0,2.58,0.16,0.01,1.34,SH601872
655,2009-08-14,6.21,5.87,6.23,5.86,269126,155846676.0,5.96,-5.48,-0.34,1.71,SH601872
656,2009-08-17,5.79,5.49,5.83,5.48,273780,148954144.0,5.96,-6.47,-0.38,1.74,SH601872
657,2009-08-18,5.48,5.63,5.66,5.43,169457,90893767.0,4.19,2.55,0.14,1.07,SH601872
658,2009-08-19,5.59,5.38,5.7,5.33,189211,100614840.0,6.57,-4.44,-0.25,1.2,SH601872
659,2009-08-20,5.35,5.54,5.57,5.35,156758,82567166.0,4.09,2.97,0.16,0.99,SH601872
660,2009-08-21,5.53,5.57,5.6,5.46,225420,119719664.0,2.53,0.54,0.03,1.43,SH601872
661,2009-08-24,5.55,5.61,5.65,5.49,184420,98756152.0,2.87,0.72,0.04,1.17,SH601872
662,2009-08-25,5.57,5.32,5.57,5.21,242066,124693718.0,6.42,-5.17,-0.29,1.54,SH601872
663,2009-08-26,5.32,5.48,5.57,5.27,189913,99387639.0,5.64,3.01,0.16,1.2,SH601872
664,2009-08-27,5.45,5.52,5.57,5.42,166717,88173302.0,2.74,0.73,0.04,1.06,SH601872
665,2009-08-28,5.53,5.36,5.54,5.26,247407,127456059.0,5.07,-2.9,-0.16,1.57,SH601872
666,2009-08-31,5.31,5.04,5.31,5.02,211995,104632746.0,5.41,-5.97,-0.32,1.34,SH601872
667,2009-09-01,5.03,5.06,5.15,5.02,108568,52851579.0,2.58,0.4,0.02,0.69,SH601872
668,2009-09-02,5.06,5.13,5.14,5.02,116394,56835640.0,2.37,1.38,0.07,0.74,SH601872
669,2009-09-03,5.13,5.32,5.34,5.07,208354,104895484.0,5.26,3.7,0.19,1.32,SH601872
670,2009-09-04,5.29,5.32,5.37,5.26,168444,85927063.0,2.07,0.0,0.0,1.07,SH601872
671,2009-09-07,5.35,5.33,5.4,5.31,163455,84097581.0,1.69,0.19,0.01,1.04,SH601872
672,2009-09-08,5.32,5.41,5.41,5.27,184384,95162192.0,2.63,1.5,0.08,1.17,SH601872
673,2009-09-09,5.45,5.48,5.5,5.34,238174,124206912.0,2.96,1.29,0.07,1.51,SH601872
674,2009-09-10,5.47,5.37,5.48,5.36,153836,80083359.0,2.19,-2.01,-0.11,0.98,SH601872
675,2009-09-11,5.37,5.43,5.46,5.35,135254,70447252.0,2.05,1.12,0.06,0.86,SH601872
676,2009-09-14,5.43,5.5,5.55,5.42,207779,109631739.0,2.39,1.29,0.07,1.32,SH601872
677,2009-09-15,5.52,5.53,5.56,5.45,195717,103843071.0,2.0,0.55,0.03,1.24,SH601872
678,2009-09-16,5.51,5.45,5.53,5.4,173735,91164233.0,2.35,-1.45,-0.08,1.1,SH601872
679,2009-09-17,5.44,5.58,5.61,5.44,243906,130296540.0,3.12,2.39,0.13,1.55,SH601872
680,2009-09-18,5.59,5.44,5.67,5.39,232524,124177199.0,5.02,-2.51,-0.14,1.47,SH601872
681,2009-09-21,5.38,5.43,5.44,5.26,150820,77368987.0,3.31,-0.18,-0.01,0.96,SH601872
682,2009-09-22,5.41,5.52,5.61,5.4,373479,197786669.0,3.87,1.66,0.09,2.37,SH601872
683,2009-09-23,5.57,5.57,5.63,5.49,527331,282196277.0,2.54,0.91,0.05,3.34,SH601872
684,2009-09-24,5.51,5.38,5.51,5.28,230469,119119665.0,4.13,-3.41,-0.19,1.46,SH601872
685,2009-09-25,5.39,5.3,5.39,5.27,139572,71371658.0,2.23,-1.49,-0.08,0.89,SH601872
686,2009-09-28,5.32,5.14,5.36,5.11,141629,71165132.0,4.72,-3.02,-0.16,0.9,SH601872
687,2009-09-29,5.13,5.01,5.18,4.96,113994,55136533.0,4.28,-2.53,-0.13,0.72,SH601872
688,2009-09-30,5.03,5.06,5.12,5.03,78542,38249061.0,1.8,1.0,0.05,0.5,SH601872
689,2009-10-09,5.22,5.35,5.39,5.18,181799,92444010.0,4.15,5.73,0.29,1.15,SH601872
690,2009-10-12,5.35,5.27,5.36,5.23,116935,59378604.0,2.43,-1.5,-0.08,0.74,SH601872
691,2009-10-13,5.25,5.32,5.34,5.23,89466,45480676.0,2.09,0.95,0.05,0.57,SH601872
692,2009-10-14,5.33,5.36,5.43,5.31,183363,94865147.0,2.26,0.75,0.04,1.16,SH601872
693,2009-10-15,5.41,5.38,5.46,5.34,128338,66691130.0,2.24,0.37,0.02,0.81,SH601872
694,2009-10-16,5.37,5.36,5.44,5.27,94734,48523805.0,3.16,-0.37,-0.02,0.6,SH601872
695,2009-10-19,5.36,5.43,5.45,5.33,132588,68906192.0,2.24,1.31,0.07,0.84,SH601872
696,2009-10-20,5.45,5.55,5.61,5.45,290347,154849560.0,2.95,2.21,0.12,1.84,SH601872
697,2009-10-21,5.53,5.48,5.54,5.46,158891,84100653.0,1.44,-1.26,-0.07,1.01,SH601872
698,2009-10-22,5.49,5.45,5.51,5.41,141986,74558138.0,1.82,-0.55,-0.03,0.9,SH601872
699,2009-10-23,5.46,5.54,5.6,5.46,231558,123573932.0,2.57,1.65,0.09,1.47,SH601872
700,2009-10-26,5.56,5.58,5.62,5.53,212969,114167381.0,1.62,0.72,0.04,1.35,SH601872
701,2009-10-27,5.56,5.39,5.56,5.37,162470,85108573.0,3.41,-3.41,-0.19,1.03,SH601872
702,2009-10-28,5.37,5.43,5.43,5.3,107555,55430474.0,2.41,0.74,0.04,0.68,SH601872
703,2009-10-29,5.35,5.28,5.35,5.26,115791,58950345.0,1.66,-2.76,-0.15,0.73,SH601872
704,2009-10-30,5.36,5.31,5.38,5.31,91810,47139774.0,1.33,0.57,0.03,0.58,SH601872
705,2009-11-02,5.22,5.43,5.45,5.21,155895,80206062.0,4.52,2.26,0.12,0.99,SH601872
706,2009-11-03,5.46,5.57,5.59,5.45,271073,144229624.0,2.58,2.58,0.14,1.72,SH601872
707,2009-11-04,5.57,5.57,5.6,5.53,217319,116513787.0,1.26,0.0,0.0,1.38,SH601872
708,2009-11-05,5.59,5.64,5.7,5.55,267672,145390731.0,2.69,1.26,0.07,1.7,SH601872
709,2009-11-06,5.68,5.71,5.77,5.64,349256,192079515.0,2.3,1.24,0.07,2.21,SH601872
710,2009-11-09,5.72,5.71,5.74,5.65,177633,97240684.0,1.58,0.0,0.0,1.13,SH601872
711,2009-11-10,5.76,5.69,5.78,5.66,209129,114903746.0,2.1,-0.35,-0.02,1.33,SH601872
712,2009-11-11,5.69,5.76,5.86,5.63,226654,125784513.0,4.04,1.23,0.07,1.44,SH601872
713,2009-11-12,5.77,5.79,5.88,5.74,276739,155169276.0,2.43,0.52,0.03,1.76,SH601872
714,2009-11-13,5.82,5.99,6.0,5.8,492288,280359701.0,3.45,3.45,0.2,3.12,SH601872
715,2009-11-16,6.06,6.1,6.13,5.99,441384,258540873.0,2.34,1.84,0.11,2.8,SH601872
716,2009-11-17,6.12,6.01,6.13,5.97,278559,162164748.0,2.62,-1.48,-0.09,1.77,SH601872
717,2009-11-18,6.01,6.03,6.06,5.97,215566,125203903.0,1.5,0.33,0.02,1.37,SH601872
718,2009-11-19,6.05,6.16,6.17,6.04,312150,184132107.0,2.16,2.16,0.13,1.98,SH601872
719,2009-11-20,6.11,6.12,6.19,6.03,281929,166525098.0,2.6,-0.65,-0.04,1.79,SH601872
720,2009-11-23,6.12,6.11,6.15,6.06,208540,122607948.0,1.47,-0.16,-0.01,1.32,SH601872
721,2009-11-24,6.14,5.84,6.21,5.78,355695,207770507.0,7.04,-4.42,-0.27,2.26,SH601872
722,2009-11-25,5.82,5.98,5.99,5.76,248884,140942400.0,3.94,2.4,0.14,1.58,SH601872
723,2009-11-26,5.96,5.72,5.99,5.69,341025,191926816.0,5.02,-4.35,-0.26,2.16,SH601872
724,2009-11-27,5.66,5.61,5.75,5.59,208380,113432575.0,2.8,-1.92,-0.11,1.32,SH601872
725,2009-11-30,5.62,5.8,5.81,5.62,182456,100691218.0,3.39,3.39,0.19,1.16,SH601872
726,2009-12-01,5.81,5.9,5.91,5.75,197156,111106631.0,2.76,1.72,0.1,0.57,SH601872
727,2009-12-02,5.93,6.01,6.1,5.9,294334,170958925.0,3.39,1.86,0.11,0.86,SH601872
728,2009-12-03,6.0,6.1,6.15,5.97,307394,180648799.0,3.0,1.5,0.09,0.9,SH601872
729,2009-12-04,6.09,6.1,6.14,5.88,318865,186245218.0,4.26,0.0,0.0,0.93,SH601872
730,2009-12-07,6.13,6.13,6.18,6.06,241740,142865627.0,1.97,0.49,0.03,0.7,SH601872
731,2009-12-08,6.13,6.03,6.13,5.98,174706,101927803.0,2.45,-1.63,-0.1,0.51,SH601872
732,2009-12-09,5.96,5.88,6.02,5.87,152134,87120595.0,2.49,-2.49,-0.15,0.44,SH601872
733,2009-12-10,5.89,5.94,5.97,5.88,111291,63635364.0,1.53,1.02,0.06,0.32,SH601872
734,2009-12-11,5.96,5.9,5.97,5.89,106193,60721050.0,1.35,-0.67,-0.04,0.31,SH601872
735,2009-12-14,5.91,6.03,6.04,5.76,164686,93891766.0,4.75,2.2,0.13,0.48,SH601872
736,2009-12-15,6.0,6.03,6.12,5.98,188522,110362249.0,2.32,0.0,0.0,0.55,SH601872
737,2009-12-16,5.99,5.99,6.07,5.97,109230,63569511.0,1.66,-0.66,-0.04,0.32,SH601872
738,2009-12-17,5.98,5.81,6.03,5.8,134761,76329665.0,3.84,-3.01,-0.18,0.39,SH601872
739,2009-12-18,5.76,5.73,5.82,5.71,123678,68482479.0,1.89,-1.38,-0.08,0.36,SH601872
740,2009-12-21,5.74,5.76,5.78,5.71,86202,47681710.0,1.22,0.52,0.03,0.25,SH601872
741,2009-12-22,5.76,5.55,5.78,5.51,145054,78844289.0,4.69,-3.65,-0.21,0.42,SH601872
742,2009-12-23,5.55,5.6,5.6,5.52,75490,40432397.0,1.44,0.9,0.05,0.22,SH601872
743,2009-12-24,5.6,5.72,5.72,5.57,111099,60617110.0,2.68,2.14,0.12,0.32,SH601872
744,2009-12-25,5.71,5.72,5.74,5.65,84475,46453853.0,1.57,0.0,0.0,0.25,SH601872
745,2009-12-28,5.74,5.83,5.83,5.72,117256,65492769.0,1.92,1.92,0.11,0.34,SH601872
746,2009-12-29,5.83,5.79,5.83,5.72,87877,48862350.0,1.89,-0.69,-0.04,0.26,SH601872
747,2009-12-30,5.79,5.85,5.88,5.78,124906,70419687.0,1.73,1.04,0.06,0.36,SH601872
748,2009-12-31,5.86,5.87,5.88,5.81,94613,53452158.0,1.2,0.34,0.02,0.28,SH601872
749,2010-01-04,5.9,5.8,5.9,5.78,95788,53837721.0,2.04,-1.19,-0.07,0.28,SH601872
750,2010-01-05,5.84,5.89,5.9,5.73,133581,75199135.0,2.93,1.55,0.09,0.39,SH601872
751,2010-01-06,5.89,5.98,6.11,5.86,300624,174834296.0,4.24,1.53,0.09,0.88,SH601872
752,2010-01-07,5.99,5.84,6.03,5.82,134822,77074505.0,3.51,-2.34,-0.14,0.39,SH601872
753,2010-01-08,5.82,5.89,5.91,5.79,90968,51304795.0,2.05,0.86,0.05,0.26,SH601872
754,2010-01-11,5.98,5.95,6.05,5.87,215855,124108780.0,3.06,1.02,0.06,0.63,SH601872
755,2010-01-12,6.0,6.29,6.31,5.98,702777,421134208.0,5.55,5.71,0.34,2.05,SH601872
756,2010-01-13,6.12,6.16,6.28,6.09,401569,239863253.0,3.02,-2.07,-0.13,1.17,SH601872
757,2010-01-14,6.17,6.3,6.39,6.17,276912,168762764.0,3.57,2.27,0.14,0.81,SH601872
758,2010-01-15,6.37,6.29,6.39,6.22,199800,121685749.0,2.7,-0.16,-0.01,0.58,SH601872
759,2010-01-18,6.29,6.59,6.6,6.26,497198,312041754.0,5.41,4.77,0.3,1.45,SH601872
760,2010-01-19,6.63,6.5,6.63,6.47,242453,153018678.0,2.43,-1.37,-0.09,0.71,SH601872
761,2010-01-20,6.48,6.25,6.61,6.22,314669,195469663.0,6.0,-3.85,-0.25,0.92,SH601872
762,2010-01-21,6.25,6.15,6.29,6.09,403160,239816137.0,3.2,-1.6,-0.1,1.17,SH601872
763,2010-01-22,6.09,6.09,6.19,5.96,256608,150224093.0,3.74,-0.98,-0.06,0.75,SH601872
764,2010-01-25,6.06,5.95,6.11,5.91,139160,80710793.0,3.28,-2.3,-0.14,0.41,SH601872
765,2010-01-26,5.93,5.82,6.0,5.79,129424,73232883.0,3.53,-2.18,-0.13,0.38,SH601872
766,2010-01-27,5.82,5.85,5.93,5.79,111316,62874801.0,2.41,0.52,0.03,0.32,SH601872
767,2010-01-28,5.86,5.92,5.96,5.83,87329,49688948.0,2.22,1.2,0.07,0.25,SH601872
768,2010-01-29,5.87,6.01,6.07,5.83,217184,125700140.0,4.05,1.52,0.09,0.63,SH601872
769,2010-02-01,5.99,5.82,6.0,5.79,132786,74885472.0,3.49,-3.16,-0.19,0.39,SH601872
770,2010-02-02,5.84,5.79,5.94,5.77,94206,53186805.0,2.92,-0.52,-0.03,0.27,SH601872
771,2010-02-03,5.78,5.89,5.9,5.63,139319,77612262.0,4.66,1.73,0.1,0.41,SH601872
772,2010-02-04,5.82,5.87,5.91,5.8,103222,58287135.0,1.87,-0.34,-0.02,0.3,SH601872
773,2010-02-05,5.76,5.74,5.82,5.69,102763,56799849.0,2.21,-2.21,-0.13,0.3,SH601872
774,2010-02-08,5.75,5.76,5.82,5.71,54357,30240839.0,1.92,0.35,0.02,0.16,SH601872
775,2010-02-09,5.76,5.84,5.86,5.73,71238,39909059.0,2.26,1.39,0.08,0.21,SH601872
776,2010-02-10,5.87,5.89,5.91,5.84,57745,32706610.0,1.2,0.86,0.05,0.17,SH601872
777,2010-02-11,5.91,5.85,5.91,5.83,66603,37724262.0,1.36,-0.68,-0.04,0.19,SH601872
778,2010-02-12,5.87,5.88,5.9,5.84,53219,30145334.0,1.03,0.51,0.03,0.16,SH601872
779,2010-02-22,5.85,5.83,5.88,5.81,65360,36816468.0,1.19,-0.85,-0.05,0.19,SH601872
780,2010-02-23,5.85,5.81,5.86,5.7,72347,40180332.0,2.74,-0.34,-0.02,0.21,SH601872
781,2010-02-24,5.77,5.87,5.9,5.76,118501,66695085.0,2.41,1.03,0.06,0.35,SH601872
782,2010-02-25,5.89,5.97,5.98,5.86,161922,92652312.0,2.04,1.7,0.1,0.47,SH601872
783,2010-02-26,5.95,5.95,5.98,5.91,103805,59507630.0,1.17,-0.34,-0.02,0.3,SH601872
784,2010-03-01,5.98,5.99,6.01,5.94,163626,94534337.0,1.18,0.67,0.04,0.48,SH601872
785,2010-03-02,5.99,5.96,6.04,5.93,103203,59442507.0,1.84,-0.5,-0.03,0.3,SH601872
786,2010-03-03,5.96,6.04,6.07,5.94,146400,85204698.0,2.18,1.34,0.08,0.43,SH601872
787,2010-03-04,6.06,5.89,6.14,5.87,245324,142773596.0,4.47,-2.48,-0.15,0.71,SH601872
788,2010-03-05,5.93,5.98,6.05,5.86,158969,91509653.0,3.23,1.53,0.09,0.46,SH601872
789,2010-03-08,5.99,5.98,6.06,5.94,117826,68254290.0,2.01,0.0,0.0,0.34,SH601872
790,2010-03-09,5.97,5.94,5.98,5.89,96116,54950031.0,1.51,-0.67,-0.04,0.28,SH601872
791,2010-03-10,5.92,5.84,5.97,5.81,105183,59729381.0,2.69,-1.68,-0.1,0.31,SH601872
792,2010-03-11,5.85,5.86,5.88,5.8,94997,53515545.0,1.37,0.34,0.02,0.28,SH601872
793,2010-03-12,5.86,5.76,5.86,5.74,85652,47872517.0,2.05,-1.71,-0.1,0.25,SH601872
794,2010-03-15,5.77,5.69,5.78,5.68,78479,43105463.0,1.74,-1.22,-0.07,0.23,SH601872
795,2010-03-16,5.68,5.73,5.74,5.66,61254,33604110.0,1.41,0.7,0.04,0.18,SH601872
796,2010-03-17,5.73,5.84,5.85,5.7,103254,57465938.0,2.62,1.92,0.11,0.3,SH601872
797,2010-03-18,5.84,5.8,5.86,5.78,70250,39439847.0,1.37,-0.68,-0.04,0.2,SH601872
798,2010-03-19,5.81,6.02,6.09,5.75,185755,105227672.0,5.86,3.79,0.22,0.54,SH601872
799,2010-03-22,5.97,5.99,6.05,5.96,214401,124210507.0,1.5,-0.5,-0.03,0.62,SH601872
800,2010-03-23,6.01,5.89,6.01,5.89,96019,55024345.0,2.0,-1.67,-0.1,0.28,SH601872
801,2010-03-24,5.9,5.88,5.94,5.86,56680,32218663.0,1.36,-0.17,-0.01,0.17,SH601872
802,2010-03-25,5.86,5.78,5.86,5.77,71564,40034037.0,1.53,-1.7,-0.1,0.21,SH601872
803,2010-03-26,5.76,5.84,5.87,5.76,59670,33539399.0,1.9,1.04,0.06,0.17,SH601872
804,2010-03-29,5.84,5.93,5.95,5.84,141998,81017950.0,1.88,1.54,0.09,0.41,SH601872
805,2010-03-30,5.93,5.95,5.96,5.9,80262,45921023.0,1.01,0.34,0.02,0.23,SH601872
806,2010-03-31,5.93,5.89,5.97,5.88,73812,42115959.0,1.51,-1.01,-0.06,0.21,SH601872
807,2010-04-01,5.89,5.95,5.96,5.87,111159,63513105.0,1.53,1.02,0.06,0.32,SH601872
808,2010-04-02,5.95,5.96,5.98,5.93,121479,69834252.0,0.84,0.17,0.01,0.35,SH601872
809,2010-04-06,5.98,5.95,5.99,5.9,111213,63807289.0,1.51,-0.17,-0.01,0.32,SH601872
810,2010-04-07,5.94,5.89,5.94,5.86,86504,49205245.0,1.34,-1.01,-0.06,0.25,SH601872
811,2010-04-08,5.87,5.84,5.91,5.82,90140,50899874.0,1.53,-0.85,-0.05,0.26,SH601872
812,2010-04-09,5.84,5.87,5.87,5.82,78007,43993789.0,0.86,0.51,0.03,0.23,SH601872
813,2010-04-12,5.87,5.81,5.88,5.77,115201,64598282.0,1.87,-1.02,-0.06,0.34,SH601872
814,2010-04-13,5.8,5.89,5.93,5.76,139002,78611643.0,2.93,1.38,0.08,0.4,SH601872
815,2010-04-14,5.88,5.84,5.89,5.81,90178,50777197.0,1.36,-0.85,-0.05,0.26,SH601872
816,2010-04-15,5.85,5.91,5.94,5.83,157358,89436817.0,1.88,1.2,0.07,0.46,SH601872
817,2010-04-16,5.88,5.82,5.91,5.79,98971,55624154.0,2.03,-1.52,-0.09,0.29,SH601872
818,2010-04-19,5.78,5.5,5.78,5.49,191520,104072060.0,4.98,-5.5,-0.32,0.56,SH601872
819,2010-04-20,5.52,5.44,5.57,5.37,118707,62145598.0,3.64,-1.09,-0.06,0.35,SH601872
820,2010-04-21,5.45,5.51,5.51,5.41,88006,46200325.0,1.84,1.29,0.07,0.26,SH601872
821,2010-04-22,5.49,5.4,5.49,5.38,88160,45887164.0,2.0,-2.0,-0.11,0.26,SH601872
822,2010-04-23,5.41,5.38,5.44,5.34,82164,42572124.0,1.85,-0.37,-0.02,0.24,SH601872
823,2010-04-26,5.34,5.37,5.41,5.34,63910,33002837.0,1.3,-0.19,-0.01,0.19,SH601872
824,2010-04-27,5.34,5.26,5.37,5.19,114831,58069626.0,3.35,-2.05,-0.11,0.33,SH601872
825,2010-04-28,5.25,5.27,5.31,5.22,47810,24153867.0,1.71,0.19,0.01,0.14,SH601872
826,2010-04-29,5.3,5.23,5.32,5.23,54098,27413536.0,1.71,-0.76,-0.04,0.16,SH601872
827,2010-04-30,5.23,5.22,5.28,5.12,88050,43952916.0,3.06,-0.19,-0.01,0.26,SH601872
828,2010-05-04,5.17,5.19,5.21,5.08,72204,35608192.0,2.49,-0.57,-0.03,0.21,SH601872
829,2010-05-05,5.14,5.2,5.21,5.01,129378,63169580.0,3.85,0.19,0.01,0.38,SH601872
830,2010-05-06,5.16,5.05,5.23,5.04,73784,36371947.0,3.65,-2.88,-0.15,0.21,SH601872
831,2010-05-07,5.0,4.98,5.06,4.92,71935,34443230.0,2.77,-1.39,-0.07,0.21,SH601872
832,2010-05-10,4.98,5.16,5.26,4.93,98948,48334392.0,6.63,3.61,0.18,0.29,SH601872
833,2010-05-11,5.21,5.07,5.26,5.01,113964,56279115.0,4.84,-1.74,-0.09,0.33,SH601872
834,2010-05-12,5.04,5.11,5.13,4.97,59424,28841214.0,3.16,0.79,0.04,0.17,SH601872
835,2010-05-13,5.1,5.15,5.17,5.06,105354,51835501.0,2.15,0.78,0.04,0.31,SH601872
836,2010-05-14,5.11,5.1,5.14,5.06,72866,35637269.0,1.55,-0.97,-0.05,0.21,SH601872
837,2010-05-17,5.05,4.79,5.13,4.78,103489,49244925.0,6.86,-6.08,-0.31,0.3,SH601872
838,2010-05-18,4.79,4.86,4.88,4.73,71967,33067618.0,3.13,1.46,0.07,0.21,SH601872
839,2010-05-19,4.82,4.8,4.87,4.75,79100,36431668.0,2.47,-1.23,-0.06,0.23,SH601872
840,2010-05-20,4.8,4.71,4.83,4.71,52712,24040111.0,2.5,-1.88,-0.09,0.15,SH601872
841,2010-05-21,4.65,4.73,4.77,4.58,67480,30051685.0,4.03,0.42,0.02,0.2,SH601872
842,2010-05-24,4.73,4.86,4.89,4.73,84637,39197437.0,3.38,2.75,0.13,0.25,SH601872
843,2010-05-25,4.83,4.83,4.89,4.79,74707,34562840.0,2.06,-0.62,-0.03,0.22,SH601872
844,2010-05-26,4.83,4.86,4.95,4.83,77696,36345955.0,2.48,0.62,0.03,0.23,SH601872
845,2010-05-28,4.95,4.89,4.97,4.87,87025,40978183.0,2.06,0.62,0.03,0.25,SH601872
846,2010-05-31,4.9,4.74,4.91,4.74,47005,21797956.0,3.48,-3.07,-0.15,0.14,SH601872
847,2010-06-01,4.72,4.68,4.78,4.62,53956,24250196.0,3.38,-1.27,-0.06,0.16,SH601872
848,2010-06-02,4.66,4.71,4.71,4.64,33851,15112057.0,1.5,0.64,0.03,0.1,SH601872
849,2010-06-03,4.73,4.67,4.76,4.67,49692,22396371.0,1.91,-0.85,-0.04,0.14,SH601872
850,2010-06-04,4.65,4.69,4.71,4.61,50633,22550777.0,2.14,0.43,0.02,0.15,SH601872
851,2010-06-07,4.6,4.63,4.65,4.58,55063,24203971.0,1.49,-1.28,-0.06,0.16,SH601872
852,2010-06-08,4.62,4.65,4.71,4.6,48050,21383092.0,2.38,0.43,0.02,0.14,SH601872
853,2010-06-09,4.66,4.88,5.04,4.64,173191,80478744.0,8.6,4.95,0.23,0.5,SH601872
854,2010-06-10,4.86,4.84,5.01,4.83,158165,74145151.0,3.69,-0.82,-0.04,0.46,SH601872
855,2010-06-11,4.86,4.85,4.88,4.81,57512,26659781.0,1.45,0.21,0.01,0.17,SH601872
856,2010-06-17,4.86,4.81,4.91,4.81,43425,20125260.0,2.06,-0.82,-0.04,0.13,SH601872
857,2010-06-18,4.8,4.68,4.82,4.67,54205,24622634.0,3.12,-2.7,-0.13,0.16,SH601872
858,2010-06-21,4.69,4.82,4.83,4.68,48270,21891478.0,3.21,2.99,0.14,0.14,SH601872
859,2010-06-22,4.82,4.81,4.86,4.79,38890,17859228.0,1.45,-0.21,-0.01,0.11,SH601872
860,2010-06-23,4.79,4.77,4.87,4.73,47275,21609450.0,2.91,-0.83,-0.04,0.14,SH601872
861,2010-06-24,4.78,4.71,4.79,4.61,91625,40802939.0,3.77,-1.26,-0.06,0.27,SH601872
862,2010-06-25,4.69,4.66,4.71,4.61,76734,33963788.0,2.12,-1.06,-0.05,0.22,SH601872
863,2010-06-28,4.63,4.61,4.67,4.59,67426,29654307.0,1.72,-1.07,-0.05,0.2,SH601872
864,2010-06-29,4.61,4.41,4.65,4.38,98618,42200733.0,5.86,-4.34,-0.2,0.29,SH601872
865,2010-06-30,4.38,4.29,4.41,4.26,97372,39653223.0,3.4,-2.72,-0.12,0.28,SH601872
866,2010-07-01,4.25,4.29,4.33,4.25,53350,21657257.0,1.86,0.0,0.0,0.16,SH601872
867,2010-07-02,4.29,4.31,4.32,4.2,74788,30132632.0,2.8,0.47,0.02,0.22,SH601872
868,2010-07-05,4.29,4.26,4.3,4.22,45206,18229170.0,1.86,-1.16,-0.05,0.13,SH601872
869,2010-07-06,4.28,4.35,4.35,4.27,55678,22771978.0,1.88,2.11,0.09,0.16,SH601872
870,2010-07-07,4.35,4.37,4.4,4.29,63014,25872315.0,2.53,0.46,0.02,0.18,SH601872
871,2010-07-08,4.37,4.73,4.78,4.35,417088,184633231.0,9.84,8.24,0.36,1.21,SH601872
872,2010-07-09,4.71,4.75,4.93,4.62,411014,184898230.0,6.55,0.42,0.02,1.2,SH601872
873,2010-07-12,4.71,4.73,4.75,4.66,202259,90367880.0,1.89,-0.42,-0.02,0.59,SH601872
874,2010-07-13,4.7,4.64,4.71,4.63,95688,42426365.0,1.69,-1.9,-0.09,0.28,SH601872
875,2010-07-14,4.65,4.66,4.72,4.63,91559,40731285.0,1.94,0.43,0.02,0.27,SH601872
876,2010-07-15,4.66,4.56,4.7,4.55,95159,41830041.0,3.22,-2.15,-0.1,0.28,SH601872
877,2010-07-16,4.53,4.54,4.56,4.44,73905,31543417.0,2.63,-0.44,-0.02,0.22,SH601872
878,2010-07-19,4.49,4.61,4.62,4.46,74376,32263172.0,3.52,1.54,0.07,0.22,SH601872
879,2010-07-20,4.62,4.72,4.76,4.6,122906,54777707.0,3.47,2.39,0.11,0.36,SH601872
880,2010-07-21,4.72,4.72,4.76,4.68,128792,57921196.0,1.69,0.0,0.0,0.38,SH601872
881,2010-07-22,4.71,4.77,4.83,4.68,129747,58623416.0,3.18,1.06,0.05,0.38,SH601872
882,2010-07-23,4.8,4.75,4.8,4.71,89444,40383450.0,1.89,-0.42,-0.02,0.26,SH601872
883,2010-07-26,4.75,4.75,4.77,4.69,86321,38865972.0,1.68,0.0,0.0,0.25,SH601872
884,2010-07-27,4.74,4.75,4.8,4.71,84319,38173996.0,1.89,0.0,0.0,0.25,SH601872
885,2010-07-28,4.75,4.85,4.85,4.74,168691,77319261.0,2.32,2.11,0.1,0.49,SH601872
886,2010-07-29,4.84,4.9,4.92,4.81,207710,96412207.0,2.27,1.03,0.05,0.6,SH601872
887,2010-07-30,4.86,4.84,4.89,4.8,102575,47254494.0,1.84,-1.22,-0.06,0.3,SH601872
888,2010-08-02,4.85,4.9,4.91,4.84,126288,58788091.0,1.45,1.24,0.06,0.37,SH601872
889,2010-08-03,4.91,4.79,4.92,4.79,133323,61511543.0,2.65,-2.24,-0.11,0.39,SH601872
890,2010-08-04,4.77,4.8,4.81,4.72,93114,42166259.0,1.88,0.21,0.01,0.27,SH601872
891,2010-08-05,4.79,4.72,4.81,4.69,97702,44149252.0,2.5,-1.67,-0.08,0.28,SH601872
892,2010-08-06,4.72,4.82,4.82,4.69,97426,44217189.0,2.75,2.12,0.1,0.28,SH601872
893,2010-08-09,4.81,4.85,4.86,4.77,112093,51577462.0,1.87,0.62,0.03,0.33,SH601872
894,2010-08-10,4.85,4.69,4.88,4.67,116336,52817121.0,4.33,-3.3,-0.16,0.34,SH601872
895,2010-08-11,4.69,4.7,4.72,4.66,58310,26017548.0,1.28,0.21,0.01,0.17,SH601872
896,2010-08-12,4.67,4.61,4.69,4.6,85146,37583551.0,1.91,-1.91,-0.09,0.25,SH601872
897,2010-08-13,4.6,4.69,4.7,4.6,66330,29338725.0,2.17,1.74,0.08,0.19,SH601872
898,2010-08-16,4.69,4.94,5.0,4.66,328654,153346328.0,7.25,5.33,0.25,0.96,SH601872
899,2010-08-17,4.92,4.89,4.94,4.85,164839,76821731.0,1.82,-1.01,-0.05,0.48,SH601872
900,2010-08-18,4.89,4.87,4.9,4.8,143730,66406060.0,2.04,-0.41,-0.02,0.42,SH601872
901,2010-08-19,4.88,4.91,4.95,4.88,154157,72293102.0,1.44,0.82,0.04,0.45,SH601872
902,2010-08-20,4.93,4.83,5.0,4.8,182227,85267246.0,4.07,-1.63,-0.08,0.53,SH601872
903,2010-08-23,4.79,4.78,4.9,4.74,98598,45282162.0,3.31,-1.04,-0.05,0.29,SH601872
904,2010-08-24,4.78,4.81,4.85,4.72,79638,36300241.0,2.72,0.63,0.03,0.23,SH601872
905,2010-08-25,4.79,4.68,4.79,4.68,84569,38090397.0,2.29,-2.7,-0.13,0.25,SH601872
906,2010-08-26,4.73,4.7,4.77,4.68,63736,28647298.0,1.92,0.43,0.02,0.19,SH601872
907,2010-08-27,4.73,4.74,4.75,4.67,56835,25404995.0,1.7,0.85,0.04,0.17,SH601872
908,2010-08-30,4.76,4.81,4.84,4.74,104506,47740744.0,2.11,1.48,0.07,0.3,SH601872
909,2010-08-31,4.78,4.74,4.79,4.71,74815,33729033.0,1.66,-1.46,-0.07,0.22,SH601872
910,2010-09-01,4.73,4.7,4.8,4.67,80186,36157240.0,2.74,-0.84,-0.04,0.23,SH601872
911,2010-09-02,4.75,4.74,4.8,4.7,102389,46293897.0,2.13,0.85,0.04,0.3,SH601872
912,2010-09-03,4.74,4.72,4.78,4.68,105097,47097925.0,2.11,-0.42,-0.02,0.31,SH601872
913,2010-09-06,4.74,4.89,4.93,4.72,242585,111839771.0,4.45,3.6,0.17,0.71,SH601872
914,2010-09-07,4.89,4.92,4.94,4.84,191149,89342062.0,2.04,0.61,0.03,0.56,SH601872
915,2010-09-08,4.92,4.89,4.93,4.85,94085,43783937.0,1.63,-0.61,-0.03,0.27,SH601872
916,2010-09-09,4.89,4.79,4.9,4.78,114972,52797562.0,2.45,-2.04,-0.1,0.33,SH601872
917,2010-09-10,4.79,4.78,4.81,4.73,67232,30506377.0,1.67,-0.21,-0.01,0.2,SH601872
918,2010-09-13,4.79,4.95,4.98,4.73,146633,67668570.0,5.23,3.56,0.17,0.43,SH601872
919,2010-09-14,4.94,4.85,4.94,4.83,111045,51491427.0,2.22,-2.02,-0.1,0.32,SH601872
920,2010-09-15,4.86,4.83,4.87,4.76,90471,41494938.0,2.27,-0.41,-0.02,0.26,SH601872
921,2010-09-16,4.81,4.74,4.82,4.67,112658,50697327.0,3.11,-1.86,-0.09,0.33,SH601872
922,2010-09-17,4.75,4.7,4.75,4.68,51427,23042168.0,1.48,-0.84,-0.04,0.15,SH601872
923,2010-09-20,4.69,4.72,4.79,4.68,66957,30186692.0,2.34,0.43,0.02,0.2,SH601872
924,2010-09-21,4.73,4.71,4.77,4.7,25951,11679195.0,1.48,-0.21,-0.01,0.08,SH601872
925,2010-09-27,4.73,4.75,4.76,4.72,45405,20510962.0,0.85,0.85,0.04,0.13,SH601872
926,2010-09-28,4.73,4.69,4.77,4.67,57660,25884965.0,2.11,-1.26,-0.06,0.17,SH601872
927,2010-09-29,4.7,4.7,4.76,4.66,56365,25312799.0,2.13,0.21,0.01,0.16,SH601872
928,2010-09-30,4.7,4.79,4.79,4.69,72145,32614229.0,2.13,1.91,0.09,0.21,SH601872
929,2010-10-08,4.79,4.89,4.92,4.79,182864,85049026.0,2.71,2.09,0.1,0.53,SH601872
930,2010-10-11,4.89,4.99,5.06,4.84,308487,146344958.0,4.5,2.04,0.1,0.9,SH601872
931,2010-10-12,5.0,5.1,5.12,4.95,294348,142171218.0,3.41,2.2,0.11,0.86,SH601872
932,2010-10-13,5.1,5.08,5.1,5.02,201081,97020457.0,1.57,-0.39,-0.02,0.59,SH601872
933,2010-10-14,5.08,5.04,5.26,5.03,280889,137751620.0,4.53,-0.79,-0.04,0.82,SH601872
934,2010-10-15,5.02,5.19,5.23,4.97,290606,142733475.0,5.16,2.98,0.15,0.85,SH601872
935,2010-10-18,5.22,5.2,5.35,5.18,358272,180521229.0,3.28,0.19,0.01,1.04,SH601872
936,2010-10-19,5.19,5.24,5.25,5.13,165871,82235604.0,2.31,0.77,0.04,0.48,SH601872
937,2010-10-20,5.15,5.13,5.21,5.09,206539,101559808.0,2.29,-2.1,-0.11,0.6,SH601872
938,2010-10-21,5.13,5.1,5.17,5.04,130109,63315407.0,2.53,-0.58,-0.03,0.38,SH601872
939,2010-10-22,5.08,5.09,5.16,5.04,105455,51228440.0,2.35,-0.2,-0.01,0.31,SH601872
940,2010-10-25,5.09,5.16,5.18,5.05,154258,75519233.0,2.55,1.38,0.07,0.45,SH601872
941,2010-10-26,5.14,5.11,5.2,5.07,175630,86385734.0,2.52,-0.97,-0.05,0.51,SH601872
942,2010-10-27,5.1,5.07,5.16,5.05,133434,65063358.0,2.15,-0.78,-0.04,0.39,SH601872
943,2010-10-28,5.06,5.07,5.11,5.01,109427,52774071.0,1.97,0.0,0.0,0.32,SH601872
944,2010-10-29,5.07,5.03,5.07,4.99,98485,47207702.0,1.58,-0.79,-0.04,0.29,SH601872
945,2010-11-02,5.16,5.27,5.43,5.1,530650,267341986.0,6.56,4.77,0.24,1.55,SH601872
946,2010-11-03,5.23,5.17,5.29,5.16,193322,96670724.0,2.47,-1.9,-0.1,0.56,SH601872
947,2010-11-04,5.17,5.3,5.35,5.17,282710,142305152.0,3.48,2.51,0.13,0.82,SH601872
948,2010-11-05,5.32,5.31,5.35,5.25,166079,83995321.0,1.89,0.19,0.01,0.48,SH601872
949,2010-11-08,5.32,5.35,5.36,5.29,199319,101605002.0,1.32,0.75,0.04,0.58,SH601872
950,2010-11-09,5.35,5.25,5.37,5.22,183755,92764214.0,2.8,-1.87,-0.1,0.54,SH601872
951,2010-11-10,5.24,5.14,5.24,5.12,167597,82648561.0,2.29,-2.1,-0.11,0.49,SH601872
952,2010-11-11,5.13,5.17,5.23,5.11,148046,73361181.0,2.33,0.58,0.03,0.43,SH601872
953,2010-11-12,5.16,4.89,5.16,4.86,192932,92475732.0,5.8,-5.42,-0.28,0.56,SH601872
954,2010-11-15,4.89,4.93,4.95,4.86,90498,42354964.0,1.84,0.82,0.04,0.26,SH601872
955,2010-11-16,4.94,4.72,4.95,4.7,143702,65653257.0,5.07,-4.26,-0.21,0.42,SH601872
956,2010-11-17,4.73,4.67,4.76,4.63,104252,46615264.0,2.75,-1.06,-0.05,0.3,SH601872
957,2010-11-18,4.68,4.67,4.73,4.62,110454,49048785.0,2.36,0.0,0.0,0.32,SH601872
958,2010-11-19,4.69,4.65,4.7,4.5,175146,76667681.0,4.28,-0.43,-0.02,0.51,SH601872
959,2010-11-22,4.63,4.61,4.68,4.58,142141,62479145.0,2.15,-0.86,-0.04,0.41,SH601872
960,2010-11-23,4.59,4.52,4.61,4.45,111963,47951063.0,3.47,-1.95,-0.09,0.33,SH601872
961,2010-11-24,4.5,4.57,4.58,4.48,73494,31784582.0,2.21,1.11,0.05,0.21,SH601872
962,2010-11-25,4.59,4.64,4.65,4.56,96670,42329007.0,1.97,1.53,0.07,0.28,SH601872
963,2010-11-26,4.63,4.59,4.64,4.55,69219,30173701.0,1.94,-1.08,-0.05,0.2,SH601872
964,2010-11-29,4.58,4.59,4.61,4.53,55057,23894997.0,1.74,0.0,0.0,0.16,SH601872
965,2010-11-30,4.59,4.5,4.61,4.43,115843,49427666.0,3.92,-1.96,-0.09,0.34,SH601872
966,2010-12-01,4.48,4.51,4.54,4.46,45084,19268702.0,1.78,0.22,0.01,0.13,SH601872
967,2010-12-02,4.55,4.55,4.58,4.53,58833,25475577.0,1.11,0.89,0.04,0.17,SH601872
968,2010-12-03,4.57,4.57,4.59,4.51,58573,25389414.0,1.76,0.44,0.02,0.17,SH601872
969,2010-12-06,4.56,4.53,4.59,4.51,52917,22866373.0,1.75,-0.88,-0.04,0.15,SH601872
970,2010-12-07,4.5,4.54,4.56,4.45,51669,22047764.0,2.43,0.22,0.01,0.15,SH601872
971,2010-12-08,4.52,4.52,4.57,4.51,47564,20510264.0,1.32,-0.44,-0.02,0.14,SH601872
972,2010-12-09,4.51,4.53,4.57,4.46,58545,25191633.0,2.43,0.22,0.01,0.17,SH601872
973,2010-12-10,4.53,4.56,4.57,4.5,50833,21906319.0,1.55,0.66,0.03,0.15,SH601872
974,2010-12-13,4.57,4.66,4.66,4.55,119937,52716935.0,2.41,2.19,0.1,0.35,SH601872
975,2010-12-14,4.66,4.65,4.74,4.63,113484,50410465.0,2.36,-0.21,-0.01,0.33,SH601872
976,2010-12-15,4.65,4.62,4.69,4.6,118626,52477219.0,1.94,-0.65,-0.03,0.35,SH601872
977,2010-12-16,4.63,4.56,4.64,4.54,91722,39902679.0,2.16,-1.3,-0.06,0.27,SH601872
978,2010-12-17,4.56,4.55,4.58,4.52,74506,32131282.0,1.32,-0.22,-0.01,0.22,SH601872
979,2010-12-20,4.57,4.47,4.57,4.41,126204,53554524.0,3.52,-1.76,-0.08,0.37,SH601872
980,2010-12-21,4.49,4.53,4.54,4.45,82723,35316611.0,2.01,1.34,0.06,0.24,SH601872
981,2010-12-22,4.53,4.5,4.6,4.49,118081,51003993.0,2.43,-0.66,-0.03,0.34,SH601872
982,2010-12-23,4.52,4.46,4.52,4.46,62563,26598960.0,1.33,-0.89,-0.04,0.18,SH601872
983,2010-12-24,4.45,4.43,4.47,4.4,79525,33430212.0,1.57,-0.67,-0.03,0.23,SH601872
984,2010-12-27,4.42,4.35,4.46,4.34,98872,41300998.0,2.71,-1.81,-0.08,0.29,SH601872
985,2010-12-28,4.33,4.32,4.39,4.29,84901,34836705.0,2.3,-0.69,-0.03,0.25,SH601872
986,2010-12-29,4.32,4.35,4.35,4.29,48661,19922315.0,1.39,0.69,0.03,0.14,SH601872
987,2010-12-30,4.35,4.32,4.37,4.3,93975,38503595.0,1.61,-0.69,-0.03,0.27,SH601872
988,2010-12-31,4.32,4.34,4.35,4.27,121909,49805711.0,1.85,0.46,0.02,0.36,SH601872
989,2011-01-04,4.36,4.42,4.42,4.29,139980,57893191.0,3.0,1.84,0.08,0.41,SH601872
990,2011-01-05,4.4,4.47,4.49,4.37,135830,57165148.0,2.71,1.13,0.05,0.4,SH601872
991,2011-01-06,4.45,4.4,4.48,4.4,86333,36184324.0,1.79,-1.57,-0.07,0.25,SH601872
992,2011-01-07,4.43,4.43,4.49,4.4,90068,37952401.0,2.05,0.68,0.03,0.26,SH601872
993,2011-01-10,4.43,4.37,4.45,4.36,64050,26742084.0,2.03,-1.35,-0.06,0.19,SH601872
994,2011-01-11,4.37,4.5,4.57,4.33,151811,64202941.0,5.49,2.97,0.13,0.44,SH601872
995,2011-01-12,4.47,4.5,4.55,4.44,92791,39515167.0,2.44,0.0,0.0,0.27,SH601872
996,2011-01-13,4.52,4.51,4.56,4.49,110974,47640286.0,1.56,0.22,0.01,0.32,SH601872
997,2011-01-14,4.49,4.42,4.51,4.41,71099,29976324.0,2.22,-2.0,-0.09,0.21,SH601872
998,2011-01-17,4.39,4.32,4.42,4.3,78048,32135888.0,2.71,-2.26,-0.1,0.23,SH601872
999,2011-01-18,4.31,4.36,4.37,4.31,52062,21391443.0,1.39,0.93,0.04,0.15,SH601872
1000,2011-01-19,4.34,4.48,4.52,4.34,93456,39442331.0,4.13,2.75,0.12,0.27,SH601872
1001,2011-01-20,4.47,4.41,4.49,4.4,92791,39061250.0,2.01,-1.56,-0.07,0.27,SH601872
1002,2011-01-21,4.43,4.57,4.6,4.4,204133,87863448.0,4.54,3.63,0.16,0.59,SH601872
1003,2011-01-24,4.54,4.55,4.64,4.53,175123,76171499.0,2.41,-0.44,-0.02,0.51,SH601872
1004,2011-01-25,4.54,4.5,4.6,4.49,100036,42959910.0,2.42,-1.1,-0.05,0.29,SH601872
1005,2011-01-26,4.51,4.59,4.59,4.5,89543,38696511.0,2.0,2.0,0.09,0.26,SH601872
1006,2011-01-27,4.57,4.66,4.71,4.52,240540,106117646.0,4.14,1.53,0.07,0.7,SH601872
1007,2011-01-28,4.64,4.61,4.67,4.59,121373,53358207.0,1.72,-1.07,-0.05,0.35,SH601872
1008,2011-01-31,4.62,4.64,4.68,4.59,149534,65772148.0,1.95,0.65,0.03,0.44,SH601872
1009,2011-02-01,4.65,4.59,4.65,4.57,89598,39041511.0,1.72,-1.08,-0.05,0.26,SH601872
1010,2011-02-09,4.55,4.59,4.64,4.54,105629,46009306.0,2.18,0.0,0.0,0.31,SH601872
1011,2011-02-10,4.56,4.64,4.64,4.55,111213,48721880.0,1.96,1.09,0.05,0.32,SH601872
1012,2011-02-11,4.66,4.73,4.81,4.59,265592,119383669.0,4.74,1.94,0.09,0.77,SH601872
1013,2011-02-14,4.73,4.8,4.81,4.73,202372,91987496.0,1.69,1.48,0.07,0.59,SH601872
1014,2011-02-15,4.79,4.78,4.92,4.76,256698,118718826.0,3.33,-0.42,-0.02,0.75,SH601872
1015,2011-02-16,4.76,4.82,4.82,4.74,123674,56276742.0,1.67,0.84,0.04,0.36,SH601872
1016,2011-02-17,4.82,4.78,4.84,4.73,133719,60775058.0,2.28,-0.83,-0.04,0.39,SH601872
1017,2011-02-18,4.76,4.71,4.76,4.68,101332,45508371.0,1.67,-1.46,-0.07,0.3,SH601872
1018,2011-02-21,4.69,4.82,4.83,4.68,154699,70462846.0,3.18,2.34,0.11,0.45,SH601872
1019,2011-02-22,4.82,4.68,4.83,4.65,116766,52472298.0,3.73,-2.9,-0.14,0.34,SH601872
1020,2011-02-23,4.64,4.65,4.69,4.63,77288,34210832.0,1.28,-0.64,-0.03,0.23,SH601872
1021,2011-02-24,4.65,4.66,4.67,4.61,72262,31913889.0,1.29,0.22,0.01,0.21,SH601872
1022,2011-02-25,4.66,4.62,4.67,4.56,132531,57976461.0,2.36,-0.86,-0.04,0.39,SH601872
1023,2011-02-28,4.61,4.67,4.67,4.58,85317,37580824.0,1.95,1.08,0.05,0.25,SH601872
1024,2011-03-01,4.67,4.67,4.7,4.63,94522,42002736.0,1.5,0.0,0.0,0.28,SH601872
1025,2011-03-02,4.64,4.72,4.73,4.64,144367,64446684.0,1.93,1.07,0.05,0.42,SH601872
1026,2011-03-03,4.72,4.67,4.73,4.66,102695,45885523.0,1.48,-1.06,-0.05,0.3,SH601872
1027,2011-03-04,4.68,4.74,4.75,4.67,98472,44126193.0,1.71,1.5,0.07,0.29,SH601872
1028,2011-03-07,4.74,4.77,4.78,4.74,167039,75748574.0,0.84,0.63,0.03,0.49,SH601872
1029,2011-03-08,4.77,4.76,4.78,4.72,101327,45728260.0,1.26,-0.21,-0.01,0.3,SH601872
1030,2011-03-09,4.77,4.75,4.78,4.73,99971,45227900.0,1.05,-0.21,-0.01,0.29,SH601872
1031,2011-03-10,4.75,4.67,4.76,4.65,105148,46918329.0,2.32,-1.68,-0.08,0.31,SH601872
1032,2011-03-11,4.65,4.63,4.67,4.62,82926,36612298.0,1.07,-0.86,-0.04,0.24,SH601872
1033,2011-03-14,4.62,4.64,4.65,4.59,79452,34889699.0,1.3,0.22,0.01,0.23,SH601872
1034,2011-03-15,4.62,4.53,4.63,4.48,129988,55972943.0,3.23,-2.37,-0.11,0.38,SH601872
1035,2011-03-16,4.52,4.57,4.57,4.5,96474,41534770.0,1.55,0.88,0.04,0.28,SH601872
1036,2011-03-17,4.53,4.51,4.56,4.49,74862,32115031.0,1.53,-1.31,-0.06,0.22,SH601872
1037,2011-03-18,4.52,4.54,4.55,4.51,59842,25733034.0,0.89,0.67,0.03,0.17,SH601872
1038,2011-03-21,4.52,4.51,4.55,4.49,59674,25597451.0,1.32,-0.66,-0.03,0.17,SH601872
1039,2011-03-22,4.53,4.54,4.55,4.49,46160,19805407.0,1.33,0.67,0.03,0.13,SH601872
1040,2011-03-23,4.53,4.57,4.58,4.51,70477,30437845.0,1.54,0.66,0.03,0.21,SH601872
1041,2011-03-24,4.58,4.57,4.58,4.53,53989,23369814.0,1.09,0.0,0.0,0.16,SH601872
1042,2011-03-25,4.57,4.59,4.61,4.55,84123,36635804.0,1.31,0.44,0.02,0.25,SH601872
1043,2011-03-28,4.6,4.58,4.61,4.57,92529,40365996.0,0.87,-0.22,-0.01,0.27,SH601872
1044,2011-03-29,4.58,4.56,4.61,4.52,116320,50478442.0,1.97,-0.44,-0.02,0.34,SH601872
1045,2011-03-30,4.56,4.53,4.59,4.53,91020,39375595.0,1.32,-0.66,-0.03,0.27,SH601872
1046,2011-03-31,4.54,4.51,4.57,4.49,71198,30570047.0,1.77,-0.44,-0.02,0.21,SH601872
1047,2011-04-01,4.49,4.55,4.55,4.49,55141,23653422.0,1.33,0.89,0.04,0.16,SH601872
1048,2011-04-06,4.58,4.6,4.6,4.53,100260,43584879.0,1.54,1.1,0.05,0.29,SH601872
1049,2011-04-07,4.6,4.62,4.64,4.58,100013,43860140.0,1.3,0.43,0.02,0.29,SH601872
1050,2011-04-08,4.61,4.63,4.63,4.58,80947,35459683.0,1.08,0.22,0.01,0.24,SH601872
1051,2011-04-11,4.63,4.61,4.66,4.6,113606,49978370.0,1.3,-0.43,-0.02,0.33,SH601872
1052,2011-04-12,4.6,4.69,4.72,4.59,192165,85316943.0,2.82,1.74,0.08,0.56,SH601872
1053,2011-04-13,4.68,4.73,4.75,4.66,172127,77237289.0,1.92,0.85,0.04,0.5,SH601872
1054,2011-04-14,4.72,4.7,4.75,4.67,141352,63242181.0,1.69,-0.63,-0.03,0.41,SH601872
1055,2011-04-15,4.68,4.72,4.73,4.66,116339,51981425.0,1.49,0.43,0.02,0.34,SH601872
1056,2011-04-18,4.7,4.72,4.76,4.68,140894,63233571.0,1.69,0.0,0.0,0.41,SH601872
1057,2011-04-19,4.7,4.65,4.7,4.63,153237,67788328.0,1.48,-1.48,-0.07,0.45,SH601872
1058,2011-04-20,4.63,4.63,4.66,4.62,112818,49700317.0,0.86,-0.43,-0.02,0.33,SH601872
1059,2011-04-21,4.65,4.65,4.67,4.64,99932,44222349.0,0.65,0.43,0.02,0.29,SH601872
1060,2011-04-22,4.66,4.68,4.71,4.62,168961,75183544.0,1.94,0.65,0.03,0.49,SH601872
1061,2011-04-25,4.67,4.59,4.69,4.59,119696,52585955.0,2.14,-1.92,-0.09,0.35,SH601872
1062,2011-04-26,4.58,4.52,4.59,4.51,89438,38542108.0,1.74,-1.53,-0.07,0.26,SH601872
1063,2011-04-27,4.53,4.5,4.56,4.47,67598,28971871.0,1.99,-0.44,-0.02,0.2,SH601872
1064,2011-04-28,4.52,4.36,4.53,4.35,95370,40147078.0,4.0,-3.11,-0.14,0.28,SH601872
1065,2011-04-29,4.38,4.41,4.42,4.35,83361,34621929.0,1.61,1.15,0.05,0.24,SH601872
1066,2011-05-03,4.41,4.47,4.47,4.38,72919,30709142.0,2.04,1.36,0.06,0.21,SH601872
1067,2011-05-04,4.45,4.42,4.5,4.39,91778,38729927.0,2.46,-1.12,-0.05,0.27,SH601872
1068,2011-05-05,4.42,4.51,4.55,4.42,90563,38723791.0,2.94,2.04,0.09,0.26,SH601872
1069,2011-05-06,4.45,4.49,4.52,4.45,59855,25470871.0,1.55,-0.44,-0.02,0.17,SH601872
1070,2011-05-09,4.49,4.49,4.52,4.47,46500,19797532.0,1.11,0.0,0.0,0.14,SH601872
1071,2011-05-10,4.49,4.47,4.51,4.46,42762,18149052.0,1.11,-0.45,-0.02,0.12,SH601872
1072,2011-05-11,4.48,4.48,4.5,4.45,48455,20561007.0,1.12,0.22,0.01,0.14,SH601872
1073,2011-05-12,4.47,4.4,4.47,4.39,62973,26552208.0,1.79,-1.79,-0.08,0.18,SH601872
1074,2011-05-13,4.4,4.44,4.44,4.39,43128,18033561.0,1.14,0.91,0.04,0.13,SH601872
1075,2011-05-16,4.44,4.42,4.45,4.41,35053,14714746.0,0.9,-0.45,-0.02,0.1,SH601872
1076,2011-05-17,4.42,4.41,4.44,4.37,57257,23955847.0,1.58,-0.23,-0.01,0.17,SH601872
1077,2011-05-18,4.41,4.46,4.48,4.41,55337,23293422.0,1.59,1.13,0.05,0.16,SH601872
1078,2011-05-19,4.46,4.4,4.46,4.4,36967,15533778.0,1.35,-1.35,-0.06,0.11,SH601872
1079,2011-05-20,4.43,4.42,4.45,4.4,36627,15345278.0,1.14,0.45,0.02,0.11,SH601872
1080,2011-05-23,4.42,4.32,4.44,4.29,72713,29957318.0,3.39,-2.26,-0.1,0.21,SH601872
1081,2011-05-24,4.31,4.31,4.32,4.26,49127,19938817.0,1.39,-0.23,-0.01,0.14,SH601872
1082,2011-05-26,4.31,4.27,4.32,4.26,46486,18872545.0,1.39,-0.93,-0.04,0.14,SH601872
1083,2011-05-27,4.26,4.24,4.29,4.22,58537,23506518.0,1.64,-0.7,-0.03,0.17,SH601872
1084,2011-05-30,4.24,4.2,4.24,4.19,38790,15443413.0,1.18,-0.94,-0.04,0.11,SH601872
1085,2011-05-31,4.23,4.24,4.25,4.19,31943,12741531.0,1.43,0.95,0.04,0.09,SH601872
1086,2011-06-01,4.25,4.26,4.31,4.23,59322,23973932.0,1.89,0.47,0.02,0.17,SH601872
1087,2011-06-02,4.25,4.2,4.25,4.17,46914,18645769.0,1.88,-1.41,-0.06,0.14,SH601872
1088,2011-06-03,4.19,4.23,4.24,4.19,26587,10602749.0,1.19,0.71,0.03,0.08,SH601872
1089,2011-06-07,4.23,4.24,4.25,4.21,29134,11649600.0,0.95,0.24,0.01,0.08,SH601872
1090,2011-06-08,4.24,4.25,4.25,4.19,32700,13046326.0,1.42,0.24,0.01,0.1,SH601872
1091,2011-06-09,4.23,4.18,4.27,4.18,32875,13130631.0,2.12,-1.65,-0.07,0.1,SH601872
1092,2011-06-10,4.18,4.2,4.21,4.16,37280,14715274.0,1.2,0.48,0.02,0.11,SH601872
1093,2011-06-13,4.19,4.14,4.19,4.09,40837,15943133.0,2.38,-1.43,-0.06,0.12,SH601872
1094,2011-06-14,4.13,4.16,4.18,4.12,52926,20799764.0,1.45,0.48,0.02,0.15,SH601872
1095,2011-06-15,4.16,4.13,4.16,4.12,47713,18663947.0,0.96,-0.72,-0.03,0.14,SH601872
1096,2011-06-16,4.11,4.03,4.13,4.01,82609,31632864.0,2.91,-2.42,-0.1,0.24,SH601872
1097,2011-06-17,4.04,3.97,4.05,3.95,63416,23909065.0,2.48,-1.49,-0.06,0.18,SH601872
1098,2011-06-20,3.97,3.93,3.97,3.89,53676,19863564.0,2.02,-1.01,-0.04,0.16,SH601872
1099,2011-06-21,3.94,3.95,3.96,3.88,64446,23782131.0,2.04,0.51,0.02,0.19,SH601872
1100,2011-06-22,3.93,3.94,3.96,3.92,31397,11646211.0,1.01,-0.25,-0.01,0.09,SH601872
1101,2011-06-23,3.93,3.99,3.99,3.9,51120,19029015.0,2.28,1.27,0.05,0.15,SH601872
1102,2011-06-24,3.98,4.09,4.09,3.97,100327,38285798.0,3.01,2.51,0.1,0.29,SH601872
1103,2011-06-27,4.11,4.1,4.13,4.06,54879,20954807.0,1.71,0.24,0.01,0.16,SH601872
1104,2011-06-28,4.1,4.11,4.11,4.07,31371,11948897.0,0.98,0.24,0.01,0.09,SH601872
1105,2011-06-29,4.12,4.08,4.14,4.07,68673,26344660.0,1.7,-0.73,-0.03,0.2,SH601872
1106,2011-06-30,4.08,4.11,4.13,4.08,38737,14825313.0,1.23,0.74,0.03,0.11,SH601872
1107,2011-07-01,4.11,4.11,4.13,4.09,33296,12755822.0,0.97,0.0,0.0,0.1,SH601872
1108,2011-07-04,4.11,4.18,4.19,4.11,73273,28419680.0,1.95,1.7,0.07,0.21,SH601872
1109,2011-07-05,4.19,4.17,4.2,4.13,70387,27280878.0,1.67,-0.24,-0.01,0.21,SH601872
1110,2011-07-06,4.15,4.15,4.16,4.1,63891,24579909.0,1.44,-0.48,-0.02,0.19,SH601872
1111,2011-07-07,4.14,4.12,4.17,4.11,51566,19895561.0,1.45,-0.72,-0.03,0.15,SH601872
1112,2011-07-08,4.13,4.12,4.15,4.11,35529,13653718.0,0.97,0.0,0.0,0.1,SH601872
1113,2011-07-11,4.12,4.13,4.14,4.08,44510,17068503.0,1.46,0.24,0.01,0.13,SH601872
1114,2011-07-12,4.1,4.04,4.1,4.03,64664,24482240.0,1.69,-2.18,-0.09,0.19,SH601872
1115,2011-07-13,4.05,4.08,4.09,4.04,41494,15724434.0,1.24,0.99,0.04,0.12,SH601872
1116,2011-07-14,4.09,4.11,4.11,4.05,60049,22880404.0,1.47,0.74,0.03,0.17,SH601872
1117,2011-07-15,4.11,4.1,4.12,4.07,59917,22877130.0,1.22,-0.24,-0.01,0.17,SH601872
1118,2011-07-18,4.11,4.11,4.12,4.08,49618,18960375.0,0.98,0.24,0.01,0.14,SH601872
1119,2011-07-19,4.09,4.05,4.09,4.04,42082,15922025.0,1.22,-1.46,-0.06,0.12,SH601872
1120,2011-07-20,4.09,4.06,4.11,4.05,42325,16054374.0,1.48,0.25,0.01,0.12,SH601872
1121,2011-07-21,4.07,4.01,4.08,4.0,56638,21201194.0,1.97,-1.23,-0.05,0.16,SH601872
1122,2011-07-22,4.03,4.02,4.04,4.0,27298,10216811.0,1.0,0.25,0.01,0.08,SH601872
1123,2011-07-25,4.01,3.91,4.01,3.9,75550,27680782.0,2.74,-2.74,-0.11,0.22,SH601872
1124,2011-07-26,3.91,3.92,3.93,3.89,45832,16626076.0,1.02,0.26,0.01,0.13,SH601872
1125,2011-07-27,3.92,3.93,3.93,3.88,55052,19991767.0,1.28,0.26,0.01,0.16,SH601872
1126,2011-07-28,3.91,3.9,3.91,3.88,44192,15948112.0,0.76,-0.76,-0.03,0.13,SH601872
1127,2011-07-29,3.91,3.9,3.92,3.86,59537,21463469.0,1.54,0.0,0.0,0.17,SH601872
1128,2011-08-01,3.88,3.9,3.91,3.86,29709,10719967.0,1.28,0.0,0.0,0.09,SH601872
1129,2011-08-02,3.89,3.85,3.9,3.81,42761,15229322.0,2.31,-1.28,-0.05,0.12,SH601872
1130,2011-08-03,3.82,3.84,3.85,3.79,29818,10571962.0,1.56,-0.26,-0.01,0.09,SH601872
1131,2011-08-04,3.84,3.85,3.86,3.83,22839,8145488.0,0.78,0.26,0.01,0.07,SH601872
1132,2011-08-05,3.77,3.76,3.78,3.72,45735,15917315.0,1.56,-2.34,-0.09,0.13,SH601872
1133,2011-08-08,3.73,3.61,3.74,3.53,88582,29670771.0,5.59,-3.99,-0.15,0.26,SH601872
1134,2011-08-09,3.54,3.57,3.59,3.49,89280,28981431.0,2.77,-1.11,-0.04,0.26,SH601872
1135,2011-08-10,3.61,3.61,3.64,3.59,49667,16569524.0,1.4,1.12,0.04,0.14,SH601872
1136,2011-08-11,3.56,3.63,3.64,3.52,54922,18205861.0,3.32,0.55,0.02,0.16,SH601872
1137,2011-08-12,3.64,3.75,3.84,3.62,129769,45238025.0,6.06,3.31,0.12,0.38,SH601872
1138,2011-08-26,3.88,3.85,3.97,3.76,194722,70629682.0,5.6,2.67,0.1,0.57,SH601872
1139,2011-08-29,3.78,3.77,3.81,3.76,65698,22985168.0,1.3,-2.08,-0.08,0.19,SH601872
1140,2011-08-30,3.79,3.78,3.88,3.77,53113,18775989.0,2.92,0.27,0.01,0.15,SH601872
1141,2011-08-31,3.77,3.74,3.78,3.71,32433,11239415.0,1.85,-1.06,-0.04,0.09,SH601872
1142,2011-09-01,3.75,3.77,3.85,3.75,66151,23295429.0,2.67,0.8,0.03,0.19,SH601872
1143,2011-09-02,3.77,3.74,3.81,3.73,32939,11461650.0,2.12,-0.8,-0.03,0.1,SH601872
1144,2011-09-05,3.71,3.65,3.73,3.63,30301,10254129.0,2.67,-2.41,-0.09,0.09,SH601872
1145,2011-09-06,3.63,3.64,3.67,3.62,18051,6077734.0,1.37,-0.27,-0.01,0.05,SH601872
1146,2011-09-07,3.65,3.73,3.74,3.62,41312,14098683.0,3.3,2.47,0.09,0.12,SH601872
1147,2011-09-08,3.73,3.7,3.75,3.69,24150,8312135.0,1.61,-0.8,-0.03,0.07,SH601872
1148,2011-09-09,3.71,3.72,3.76,3.69,20233,6962457.0,1.89,0.54,0.02,0.06,SH601872
1149,2011-09-13,3.68,3.67,3.69,3.64,23206,7866460.0,1.34,-1.34,-0.05,0.07,SH601872
1150,2011-09-14,3.67,3.75,3.75,3.67,37519,12882993.0,2.18,2.18,0.08,0.11,SH601872
1151,2011-09-15,3.75,3.75,3.76,3.74,19428,6746696.0,0.53,0.0,0.0,0.06,SH601872
1152,2011-09-16,3.75,3.74,3.78,3.73,20702,7196514.0,1.33,-0.27,-0.01,0.06,SH601872
1153,2011-09-19,3.7,3.67,3.72,3.66,19018,6455925.0,1.6,-1.87,-0.07,0.06,SH601872
1154,2011-09-20,3.67,3.73,3.74,3.65,27240,9288508.0,2.45,1.63,0.06,0.08,SH601872
1155,2011-09-21,3.72,3.8,3.82,3.69,47401,16606608.0,3.49,1.88,0.07,0.14,SH601872
1156,2011-09-22,3.77,3.67,3.79,3.67,50467,17387590.0,3.16,-3.42,-0.13,0.15,SH601872
1157,2011-09-23,3.65,3.65,3.68,3.62,33009,11087484.0,1.63,-0.54,-0.02,0.1,SH601872
1158,2011-09-26,3.65,3.65,3.73,3.64,32178,10941828.0,2.47,0.0,0.0,0.09,SH601872
1159,2011-09-27,3.68,3.68,3.69,3.65,16353,5551705.0,1.1,0.82,0.03,0.05,SH601872
1160,2011-09-28,3.69,3.64,3.7,3.63,21338,7201989.0,1.9,-1.09,-0.04,0.06,SH601872
1161,2011-09-29,3.63,3.57,3.63,3.56,33681,11162425.0,1.92,-1.92,-0.07,0.1,SH601872
1162,2011-09-30,3.57,3.58,3.6,3.54,16923,5576817.0,1.68,0.28,0.01,0.05,SH601872
1163,2011-10-10,3.59,3.59,3.61,3.57,16456,5441521.0,1.12,0.28,0.01,0.05,SH601872
1164,2011-10-11,3.64,3.62,3.68,3.58,22385,7514397.0,2.79,0.84,0.03,0.07,SH601872
1165,2011-10-12,3.6,3.74,3.75,3.59,57301,19604977.0,4.42,3.31,0.12,0.17,SH601872
1166,2011-10-13,3.73,3.8,3.85,3.71,82491,28913599.0,3.74,1.6,0.06,0.24,SH601872
1167,2011-10-14,3.79,3.78,3.8,3.74,35352,12323829.0,1.58,-0.53,-0.02,0.1,SH601872
1168,2011-10-17,3.78,3.76,3.8,3.73,27297,9505037.0,1.85,-0.53,-0.02,0.08,SH601872
1169,2011-10-18,3.74,3.67,3.74,3.66,35154,12001796.0,2.13,-2.39,-0.09,0.1,SH601872
1170,2011-10-19,3.68,3.7,3.72,3.67,21054,7187070.0,1.36,0.82,0.03,0.06,SH601872
1171,2011-10-20,3.68,3.62,3.69,3.6,31797,10632054.0,2.43,-2.16,-0.08,0.09,SH601872
1172,2011-10-24,3.63,3.69,3.7,3.55,40271,13465908.0,4.14,1.93,0.07,0.12,SH601872
1173,2011-10-25,3.69,3.74,3.78,3.64,50451,17348789.0,3.79,1.36,0.05,0.15,SH601872
1174,2011-10-26,3.71,3.74,3.77,3.7,59151,20496660.0,1.87,0.0,0.0,0.17,SH601872
1175,2011-10-27,3.77,3.76,3.82,3.75,44683,15610798.0,1.87,0.53,0.02,0.13,SH601872
1176,2011-10-28,3.81,3.8,3.83,3.78,68177,24017419.0,1.33,1.06,0.04,0.2,SH601872
1177,2011-10-31,3.79,3.79,3.82,3.75,44533,15573293.0,1.84,-0.26,-0.01,0.13,SH601872
1178,2011-11-01,3.77,3.81,3.82,3.74,52611,18457730.0,2.11,0.53,0.02,0.15,SH601872
1179,2011-11-02,3.77,3.83,3.83,3.73,61284,21441597.0,2.62,0.52,0.02,0.18,SH601872
1180,2011-11-03,3.83,3.88,3.9,3.82,119623,42831055.0,2.09,1.31,0.05,0.35,SH601872
1181,2011-11-04,3.89,3.85,3.91,3.84,78638,28263550.0,1.8,-0.77,-0.03,0.23,SH601872
1182,2011-11-07,3.84,3.82,3.87,3.81,47385,16872806.0,1.56,-0.78,-0.03,0.14,SH601872
1183,2011-11-08,3.81,3.81,3.85,3.8,38714,13716452.0,1.31,-0.26,-0.01,0.11,SH601872
1184,2011-11-09,3.81,3.82,3.84,3.78,34293,12092796.0,1.57,0.26,0.01,0.1,SH601872
1185,2011-11-10,3.8,3.74,3.8,3.74,41969,14609618.0,1.57,-2.09,-0.08,0.12,SH601872
1186,2011-11-11,3.75,3.73,3.78,3.71,35593,12344929.0,1.87,-0.27,-0.01,0.1,SH601872
1187,2011-11-14,3.76,3.79,3.79,3.74,38918,13587959.0,1.34,1.61,0.06,0.11,SH601872
1188,2011-11-15,3.78,3.82,3.82,3.76,44832,15780845.0,1.58,0.79,0.03,0.13,SH601872
1189,2011-11-16,3.82,3.71,3.82,3.71,37208,12913706.0,2.88,-2.88,-0.11,0.11,SH601872
1190,2011-11-17,3.71,3.71,3.73,3.69,32892,11292851.0,1.08,0.0,0.0,0.1,SH601872
1191,2011-11-18,3.68,3.65,3.7,3.62,45174,15232344.0,2.16,-1.62,-0.06,0.13,SH601872
1192,2011-11-21,3.65,3.65,3.66,3.61,22919,7673323.0,1.37,0.0,0.0,0.07,SH601872
1193,2011-11-22,3.63,3.64,3.64,3.61,14945,4997820.0,0.82,-0.27,-0.01,0.04,SH601872
1194,2011-11-23,3.64,3.62,3.64,3.61,10488,3505906.0,0.82,-0.55,-0.02,0.03,SH601872
1195,2011-11-24,3.62,3.62,3.63,3.58,19361,6442602.0,1.38,0.0,0.0,0.06,SH601872
1196,2011-11-25,3.62,3.61,3.64,3.61,16595,5544676.0,0.83,-0.28,-0.01,0.05,SH601872
1197,2011-11-28,3.61,3.59,3.63,3.58,21652,7183505.0,1.39,-0.55,-0.02,0.06,SH601872
1198,2011-11-29,3.61,3.64,3.65,3.59,32712,10937624.0,1.67,1.39,0.05,0.1,SH601872
1199,2011-11-30,3.64,3.5,3.65,3.49,51482,16815027.0,4.4,-3.85,-0.14,0.15,SH601872
1200,2011-12-01,3.56,3.53,3.61,3.53,38811,12759322.0,2.29,0.86,0.03,0.11,SH601872
1201,2011-12-02,3.55,3.49,3.55,3.49,23141,7464758.0,1.7,-1.13,-0.04,0.07,SH601872
1202,2011-12-05,3.5,3.42,3.51,3.42,37489,11856261.0,2.58,-2.01,-0.07,0.11,SH601872
1203,2011-12-06,3.42,3.43,3.46,3.4,23777,7481432.0,1.75,0.29,0.01,0.07,SH601872
1204,2011-12-07,3.43,3.42,3.46,3.42,15621,4923153.0,1.17,-0.29,-0.01,0.05,SH601872
1205,2011-12-08,3.42,3.43,3.45,3.4,23169,7278594.0,1.46,0.29,0.01,0.07,SH601872
1206,2011-12-09,3.41,3.41,3.42,3.39,15885,4962806.0,0.87,-0.58,-0.02,0.05,SH601872
1207,2011-12-12,3.42,3.37,3.42,3.36,23204,7207719.0,1.76,-1.17,-0.04,0.07,SH601872
1208,2011-12-13,3.36,3.31,3.36,3.29,32244,9776211.0,2.08,-1.78,-0.06,0.09,SH601872
1209,2011-12-14,3.28,3.27,3.32,3.27,23435,7046632.0,1.51,-1.21,-0.04,0.07,SH601872
1210,2011-12-15,3.24,3.18,3.27,3.17,51945,15209939.0,3.06,-2.75,-0.09,0.15,SH601872
1211,2011-12-16,3.18,3.24,3.24,3.18,27036,7898090.0,1.89,1.89,0.06,0.08,SH601872
1212,2011-12-19,3.22,3.2,3.23,3.15,26778,7785366.0,2.47,-1.23,-0.04,0.08,SH601872
1213,2011-12-20,3.2,3.21,3.23,3.19,18756,5498195.0,1.25,0.31,0.01,0.05,SH601872
1214,2011-12-21,3.24,3.19,3.24,3.18,13146,3855226.0,1.87,-0.62,-0.02,0.04,SH601872
1215,2011-12-22,3.18,3.13,3.18,3.09,26622,7611890.0,2.82,-1.88,-0.06,0.08,SH601872
1216,2011-12-23,3.13,3.17,3.2,3.12,19718,5682296.0,2.56,1.28,0.04,0.06,SH601872
1217,2011-12-26,3.17,3.16,3.22,3.14,16058,4663755.0,2.52,-0.32,-0.01,0.05,SH601872
1218,2011-12-27,3.17,3.14,3.18,3.13,18538,5331527.0,1.58,-0.63,-0.02,0.05,SH601872
1219,2011-12-28,3.15,3.13,3.15,3.09,18136,5134176.0,1.91,-0.32,-0.01,0.05,SH601872
1220,2011-12-29,3.13,3.12,3.14,3.11,12853,3662366.0,0.96,-0.32,-0.01,0.04,SH601872
1221,2011-12-30,3.13,3.17,3.18,3.13,16563,4774812.0,1.6,1.6,0.05,0.05,SH601872
1222,2012-01-04,3.2,3.13,3.2,3.13,16334,4709429.0,2.21,-1.26,-0.04,0.05,SH601872
1223,2012-01-05,3.13,3.07,3.15,3.07,24885,7038947.0,2.56,-1.92,-0.06,0.07,SH601872
1224,2012-01-06,3.08,3.1,3.11,3.06,19487,5459008.0,1.63,0.98,0.03,0.06,SH601872
1225,2012-01-09,3.11,3.18,3.18,3.09,23824,6831038.0,2.9,2.58,0.08,0.07,SH601872
1226,2012-01-10,3.18,3.27,3.31,3.17,53097,15749103.0,4.4,2.83,0.09,0.15,SH601872
1227,2012-01-11,3.28,3.25,3.28,3.23,33813,10049950.0,1.53,-0.61,-0.02,0.1,SH601872
1228,2012-01-12,3.24,3.25,3.27,3.22,35765,10588377.0,1.54,0.0,0.0,0.1,SH601872
1229,2012-01-13,3.24,3.19,3.25,3.16,33412,9742572.0,2.77,-1.85,-0.06,0.1,SH601872
1230,2012-01-16,3.18,3.13,3.18,3.13,16955,4876871.0,1.57,-1.88,-0.06,0.05,SH601872
1231,2012-01-17,3.16,3.42,3.42,3.13,126272,39093987.0,9.27,9.27,0.29,0.37,SH601872
1232,2012-01-18,3.56,3.38,3.64,3.38,286843,93161372.0,7.6,-1.17,-0.04,0.84,SH601872
1233,2012-01-19,3.3,3.38,3.46,3.3,123247,38022968.0,4.73,0.0,0.0,0.36,SH601872
1234,2012-01-20,3.38,3.39,3.43,3.35,62231,19407054.0,2.37,0.3,0.01,0.18,SH601872
1235,2012-01-30,3.41,3.43,3.56,3.38,99955,31921330.0,5.31,1.18,0.04,0.29,SH601872
1236,2012-01-31,3.4,3.43,3.46,3.39,37293,11719870.0,2.04,0.0,0.0,0.11,SH601872
1237,2012-02-01,3.43,3.4,3.5,3.38,52441,16573159.0,3.5,-0.87,-0.03,0.15,SH601872
1238,2012-02-02,3.41,3.45,3.46,3.36,49559,15546785.0,2.94,1.47,0.05,0.14,SH601872
1239,2012-02-03,3.43,3.44,3.46,3.38,51135,16095455.0,2.32,-0.29,-0.01,0.15,SH601872
1240,2012-02-06,3.43,3.42,3.44,3.4,45154,14154154.0,1.16,-0.58,-0.02,0.13,SH601872
1241,2012-02-07,3.4,3.35,3.4,3.33,41863,12906682.0,2.05,-2.05,-0.07,0.12,SH601872
1242,2012-02-08,3.34,3.4,3.42,3.34,38324,11893507.0,2.39,1.49,0.05,0.11,SH601872
1243,2012-02-09,3.41,3.41,3.46,3.39,51623,16246547.0,2.06,0.29,0.01,0.15,SH601872
1244,2012-02-10,3.41,3.43,3.48,3.41,50111,15857743.0,2.05,0.59,0.02,0.15,SH601872
1245,2012-02-13,3.42,3.43,3.44,3.35,43409,13551042.0,2.62,0.0,0.0,0.13,SH601872
1246,2012-02-14,3.43,3.42,3.44,3.4,22881,7169854.0,1.17,-0.29,-0.01,0.07,SH601872
1247,2012-02-15,3.41,3.5,3.57,3.41,122738,39537877.0,4.68,2.34,0.08,0.36,SH601872
1248,2012-02-16,3.47,3.51,3.54,3.44,94327,30226670.0,2.86,0.29,0.01,0.27,SH601872
1249,2012-02-17,3.51,3.5,3.54,3.48,44419,14353794.0,1.71,-0.28,-0.01,0.13,SH601872
1250,2012-02-20,3.54,3.52,3.56,3.51,77863,25336310.0,1.43,0.57,0.02,0.23,SH601872
1251,2012-02-21,3.52,3.53,3.54,3.49,38383,12412189.0,1.42,0.28,0.01,0.11,SH601872
1252,2012-02-22,3.52,3.55,3.55,3.51,41818,13605493.0,1.13,0.57,0.02,0.12,SH601872
1253,2012-02-23,3.55,3.56,3.61,3.54,62424,20572924.0,1.97,0.28,0.01,0.18,SH601872
1254,2012-02-24,3.56,3.59,3.6,3.55,55574,18327408.0,1.4,0.84,0.03,0.16,SH601872
1255,2012-02-27,3.59,3.62,3.65,3.58,81708,27370657.0,1.95,0.84,0.03,0.24,SH601872
1256,2012-02-28,3.62,3.62,3.67,3.6,67806,22711559.0,1.93,0.0,0.0,0.2,SH601872
1257,2012-02-29,3.62,3.55,3.62,3.54,55339,18226386.0,2.21,-1.93,-0.07,0.16,SH601872
1258,2012-03-01,3.55,3.55,3.6,3.53,44979,14761626.0,1.97,0.0,0.0,0.13,SH601872
1259,2012-03-02,3.55,3.59,3.59,3.54,41068,13497196.0,1.41,1.13,0.04,0.12,SH601872
1260,2012-03-05,3.6,3.57,3.63,3.56,39491,13063107.0,1.95,-0.56,-0.02,0.12,SH601872
1261,2012-03-06,3.56,3.51,3.56,3.5,38128,12366481.0,1.68,-1.68,-0.06,0.11,SH601872
1262,2012-03-07,3.48,3.5,3.53,3.47,25340,8164239.0,1.71,-0.28,-0.01,0.07,SH601872
1263,2012-03-08,3.5,3.52,3.54,3.5,37927,12298546.0,1.14,0.57,0.02,0.11,SH601872
1264,2012-03-09,3.53,3.53,3.54,3.5,34181,11068014.0,1.14,0.28,0.01,0.1,SH601872
1265,2012-03-12,3.55,3.51,3.55,3.5,26508,8584116.0,1.42,-0.57,-0.02,0.08,SH601872
1266,2012-03-13,3.51,3.54,3.55,3.5,39002,12638617.0,1.42,0.85,0.03,0.11,SH601872
1267,2012-03-14,3.54,3.4,3.56,3.37,114050,36429213.0,5.37,-3.95,-0.14,0.33,SH601872
1268,2012-03-15,3.4,3.37,3.44,3.34,64397,19970924.0,2.94,-0.88,-0.03,0.19,SH601872
1269,2012-03-16,3.37,3.41,3.42,3.36,35975,11186279.0,1.78,1.19,0.04,0.1,SH601872
1270,2012-03-19,3.4,3.41,3.41,3.37,29778,9271267.0,1.17,0.0,0.0,0.09,SH601872
1271,2012-03-20,3.4,3.34,3.4,3.34,39473,12167742.0,1.76,-2.05,-0.07,0.11,SH601872
1272,2012-03-21,3.36,3.39,3.46,3.34,52714,16399473.0,3.59,1.5,0.05,0.15,SH601872
1273,2012-03-22,3.37,3.36,3.39,3.35,28495,8795097.0,1.18,-0.88,-0.03,0.08,SH601872
1274,2012-03-23,3.36,3.32,3.36,3.32,27890,8522233.0,1.19,-1.19,-0.04,0.08,SH601872
1275,2012-03-26,3.32,3.32,3.34,3.3,17672,5366261.0,1.2,0.0,0.0,0.05,SH601872
1276,2012-03-27,3.33,3.33,3.34,3.31,16857,5133227.0,0.9,0.3,0.01,0.05,SH601872
1277,2012-03-28,3.3,3.25,3.34,3.22,45170,13591699.0,3.6,-2.4,-0.08,0.13,SH601872
1278,2012-03-29,3.24,3.21,3.26,3.2,30528,9003734.0,1.85,-1.23,-0.04,0.09,SH601872
1279,2012-03-30,3.21,3.24,3.25,3.2,23929,7018428.0,1.56,0.93,0.03,0.07,SH601872
1280,2012-04-05,3.23,3.35,3.37,3.22,55207,16808551.0,4.63,3.4,0.11,0.16,SH601872
1281,2012-04-06,3.33,3.33,3.36,3.31,27327,8336098.0,1.49,-0.6,-0.02,0.08,SH601872
1282,2012-04-09,3.32,3.31,3.33,3.29,16936,5136887.0,1.2,-0.6,-0.02,0.05,SH601872
1283,2012-04-10,3.3,3.32,3.33,3.25,29288,8807887.0,2.42,0.3,0.01,0.09,SH601872
1284,2012-04-11,3.3,3.35,3.37,3.29,42094,12879537.0,2.41,0.9,0.03,0.12,SH601872
1285,2012-04-12,3.35,3.38,3.38,3.34,33333,10262281.0,1.19,0.9,0.03,0.1,SH601872
1286,2012-04-13,3.37,3.37,3.39,3.35,26990,8331606.0,1.18,-0.3,-0.01,0.08,SH601872
1287,2012-04-16,3.36,3.36,3.37,3.34,20836,6404004.0,0.89,-0.3,-0.01,0.06,SH601872
1288,2012-04-17,3.36,3.38,3.4,3.35,51989,16128678.0,1.49,0.6,0.02,0.15,SH601872
1289,2012-04-18,3.37,3.42,3.43,3.36,50916,15904781.0,2.07,1.18,0.04,0.15,SH601872
1290,2012-04-19,3.42,3.39,3.43,3.37,28984,9031960.0,1.75,-0.88,-0.03,0.08,SH601872
1291,2012-04-20,3.39,3.44,3.45,3.38,62692,19713351.0,2.06,1.47,0.05,0.18,SH601872
1292,2012-04-23,3.44,3.45,3.54,3.42,78627,25169620.0,3.49,0.29,0.01,0.23,SH601872
1293,2012-04-24,3.43,3.52,3.52,3.41,109059,34875376.0,3.19,2.03,0.07,0.32,SH601872
1294,2012-04-25,3.52,3.51,3.54,3.49,62599,20249838.0,1.42,-0.28,-0.01,0.18,SH601872
1295,2012-04-26,3.5,3.5,3.52,3.49,41250,13290281.0,0.85,-0.28,-0.01,0.12,SH601872
1296,2012-04-27,3.5,3.45,3.5,3.42,34121,10836879.0,2.29,-1.43,-0.05,0.1,SH601872
1297,2012-05-02,3.47,3.47,3.5,3.45,73759,23549726.0,1.45,0.58,0.02,0.21,SH601872
1298,2012-05-03,3.47,3.47,3.49,3.44,31467,10018333.0,1.44,0.0,0.0,0.09,SH601872
1299,2012-05-04,3.46,3.49,3.5,3.44,48883,15602071.0,1.73,0.58,0.02,0.14,SH601872
1300,2012-05-07,3.47,3.5,3.5,3.44,45803,14577880.0,1.72,0.29,0.01,0.13,SH601872
1301,2012-05-08,3.5,3.51,3.54,3.48,81990,26533454.0,1.71,0.29,0.01,0.24,SH601872
1302,2012-05-09,3.48,3.45,3.5,3.45,44381,14155293.0,1.42,-1.71,-0.06,0.13,SH601872
1303,2012-05-10,3.44,3.44,3.47,3.43,30933,9793492.0,1.16,-0.29,-0.01,0.09,SH601872
1304,2012-05-11,3.43,3.43,3.45,3.41,22796,7177945.0,1.16,-0.29,-0.01,0.07,SH601872
1305,2012-05-14,3.44,3.43,3.46,3.4,30387,9556385.0,1.75,0.0,0.0,0.09,SH601872
1306,2012-05-15,3.41,3.49,3.51,3.36,50957,16031951.0,4.37,1.75,0.06,0.15,SH601872
1307,2012-05-16,3.48,3.41,3.48,3.41,26815,8496275.0,2.01,-2.29,-0.08,0.08,SH601872
1308,2012-05-17,3.42,3.58,3.72,3.42,283537,95030553.0,8.8,4.99,0.17,0.83,SH601872
1309,2012-05-18,3.54,3.57,3.64,3.53,120085,39646793.0,3.07,-0.28,-0.01,0.35,SH601872
1310,2012-05-21,3.57,3.54,3.66,3.53,59405,19710652.0,3.64,-0.84,-0.03,0.17,SH601872
1311,2012-05-23,3.55,3.52,3.59,3.48,66704,21701754.0,3.11,-0.56,-0.02,0.19,SH601872
1312,2012-05-24,3.51,3.57,3.58,3.46,57191,18506484.0,3.41,1.42,0.05,0.17,SH601872
1313,2012-05-25,3.57,3.54,3.57,3.51,49533,16184796.0,1.68,-0.84,-0.03,0.14,SH601872
1314,2012-05-28,3.52,3.59,3.59,3.49,48207,15733252.0,2.82,1.41,0.05,0.14,SH601872
1315,2012-05-29,3.57,3.77,3.92,3.56,308357,108605272.0,10.03,5.01,0.18,0.9,SH601872
1316,2012-05-30,3.73,3.76,3.78,3.67,153637,52809207.0,2.92,-0.27,-0.01,0.45,SH601872
1317,2012-05-31,3.72,3.75,3.77,3.7,67914,23512233.0,1.86,-0.27,-0.01,0.2,SH601872
1318,2012-06-01,3.74,3.76,3.78,3.72,35791,12422574.0,1.6,0.27,0.01,0.1,SH601872
1319,2012-06-04,3.72,3.6,3.72,3.59,55385,18710978.0,3.46,-4.26,-0.16,0.16,SH601872
1320,2012-06-05,3.6,3.69,3.85,3.6,67047,22941138.0,6.94,2.5,0.09,0.2,SH601872
1321,2012-06-06,3.68,3.64,3.72,3.63,42450,14359832.0,2.44,-1.36,-0.05,0.12,SH601872
1322,2012-06-07,3.67,3.64,3.71,3.63,33211,11248739.0,2.2,0.0,0.0,0.1,SH601872
1323,2012-06-08,3.69,3.57,3.69,3.57,45900,15278768.0,3.3,-1.92,-0.07,0.13,SH601872
1324,2012-06-11,3.58,3.58,3.61,3.51,96765,31719555.0,2.8,0.28,0.01,0.28,SH601872
1325,2012-06-12,3.54,3.52,3.57,3.51,24377,7929615.0,1.68,-1.68,-0.06,0.07,SH601872
1326,2012-06-13,3.54,3.58,3.67,3.49,62551,20546510.0,5.11,1.7,0.06,0.18,SH601872
1327,2012-06-14,3.56,3.51,3.58,3.5,48249,15695818.0,2.23,-1.96,-0.07,0.14,SH601872
1328,2012-06-15,3.52,3.54,3.55,3.49,25737,8334850.0,1.71,0.85,0.03,0.07,SH601872
1329,2012-06-18,3.55,3.55,3.57,3.53,29646,9690630.0,1.13,0.28,0.01,0.09,SH601872
1330,2012-06-19,3.55,3.52,3.56,3.51,16329,5301303.0,1.41,-0.85,-0.03,0.05,SH601872
1331,2012-06-20,3.53,3.52,3.55,3.51,10662,3463146.0,1.14,0.0,0.0,0.03,SH601872
1332,2012-06-21,3.54,3.54,3.64,3.52,72298,23812239.0,3.41,0.57,0.02,0.21,SH601872
1333,2012-06-25,3.58,3.55,3.68,3.53,92966,30847769.0,4.24,0.28,0.01,0.27,SH601872
1334,2012-06-26,3.53,3.49,3.55,3.44,37797,12067050.0,3.1,-1.69,-0.06,0.11,SH601872
1335,2012-06-27,3.47,3.51,3.55,3.47,23918,7706309.0,2.29,0.57,0.02,0.07,SH601872
1336,2012-06-28,3.51,3.48,3.53,3.46,30103,9626028.0,1.99,-0.85,-0.03,0.09,SH601872
1337,2012-06-29,3.47,3.51,3.51,3.45,17046,5441490.0,1.72,0.86,0.03,0.05,SH601872
1338,2012-07-02,3.51,3.53,3.58,3.51,32729,10634150.0,1.99,0.57,0.02,0.1,SH601872
1339,2012-07-03,3.52,3.57,3.64,3.51,88003,28764729.0,3.68,1.13,0.04,0.26,SH601872
1340,2012-07-04,3.56,3.5,3.56,3.49,45381,14629400.0,1.96,-1.96,-0.07,0.13,SH601872
1341,2012-07-05,3.49,3.41,3.5,3.39,54578,17137923.0,3.14,-2.57,-0.09,0.16,SH601872
1342,2012-07-06,3.43,3.36,3.44,3.29,166494,50959609.0,4.4,-1.47,-0.05,0.48,SH601872
1343,2012-07-09,3.35,3.29,3.36,3.28,42462,12850743.0,2.38,-2.08,-0.07,0.12,SH601872
1344,2012-07-10,3.28,3.29,3.31,3.25,28783,8585848.0,1.82,0.0,0.0,0.08,SH601872
1345,2012-07-11,3.3,3.31,3.32,3.28,15397,4638584.0,1.22,0.61,0.02,0.04,SH601872
1346,2012-07-12,3.31,3.32,3.34,3.26,23627,7110832.0,2.42,0.3,0.01,0.07,SH601872
1347,2012-07-13,3.33,3.22,3.33,3.1,178998,52086725.0,6.93,-3.01,-0.1,0.52,SH601872
1348,2012-07-16,3.17,3.15,3.18,3.12,41283,11810654.0,1.86,-2.17,-0.07,0.12,SH601872
1349,2012-07-17,3.15,3.18,3.18,3.13,21009,6019996.0,1.59,0.95,0.03,0.06,SH601872
1350,2012-07-18,3.18,3.17,3.18,3.09,37109,10541258.0,2.83,-0.31,-0.01,0.11,SH601872
1351,2012-07-19,3.15,3.18,3.21,3.14,61867,17905900.0,2.21,0.32,0.01,0.18,SH601872
1352,2012-07-20,3.17,3.14,3.17,3.1,60327,17135846.0,2.2,-1.26,-0.04,0.18,SH601872
1353,2012-07-23,3.11,3.09,3.12,3.04,47432,13209285.0,2.55,-1.59,-0.05,0.14,SH601872
1354,2012-07-24,3.06,3.11,3.12,3.06,23851,6685380.0,1.94,0.65,0.02,0.07,SH601872
1355,2012-07-25,3.1,3.09,3.12,3.08,17553,4939706.0,1.29,-0.64,-0.02,0.05,SH601872
1356,2012-07-26,3.09,3.07,3.11,3.04,36785,10220241.0,2.27,-0.65,-0.02,0.11,SH601872
1357,2012-07-27,3.08,3.08,3.1,3.06,30829,8610169.0,1.3,0.33,0.01,0.09,SH601872
1358,2012-07-30,3.07,3.03,3.1,3.02,32257,8908285.0,2.6,-1.62,-0.05,0.09,SH601872
1359,2012-07-31,3.03,3.0,3.04,2.97,23075,6254667.0,2.31,-0.99,-0.03,0.07,SH601872
1360,2012-08-01,2.99,3.03,3.05,2.98,13104,3591433.0,2.33,1.0,0.03,0.04,SH601872
1361,2012-08-02,3.04,3.04,3.06,3.02,15764,4335240.0,1.32,0.33,0.01,0.05,SH601872
1362,2012-08-03,3.04,3.08,3.09,3.04,33049,9181536.0,1.64,1.32,0.04,0.1,SH601872
1363,2012-08-06,3.07,3.11,3.12,3.05,38640,10813599.0,2.27,0.97,0.03,0.11,SH601872
1364,2012-08-07,3.09,3.12,3.18,3.09,43199,12221311.0,2.89,0.32,0.01,0.13,SH601872
1365,2012-08-08,3.12,3.12,3.12,3.09,26359,7425743.0,0.96,0.0,0.0,0.08,SH601872
1366,2012-08-09,3.11,3.12,3.13,3.09,21384,6030449.0,1.28,0.0,0.0,0.06,SH601872
1367,2012-08-10,3.12,3.12,3.14,3.09,36540,10333636.0,1.6,0.0,0.0,0.11,SH601872
1368,2012-08-13,3.12,3.07,3.13,3.07,46244,13028108.0,1.92,-1.6,-0.05,0.13,SH601872
1369,2012-08-14,3.05,3.07,3.09,3.04,32253,8936891.0,1.63,0.0,0.0,0.09,SH601872
1370,2012-08-15,3.06,3.05,3.08,3.05,16924,4693977.0,0.98,-0.65,-0.02,0.05,SH601872
1371,2012-08-16,3.06,3.04,3.07,3.03,14683,4049144.0,1.31,-0.33,-0.01,0.04,SH601872
1372,2012-08-17,3.03,3.03,3.06,3.01,17181,4713672.0,1.64,-0.33,-0.01,0.05,SH601872
1373,2012-08-20,3.03,3.03,3.06,2.98,22308,6099840.0,2.64,0.0,0.0,0.06,SH601872
1374,2012-08-21,3.03,3.05,3.06,3.02,19604,5391544.0,1.32,0.66,0.02,0.06,SH601872
1375,2012-08-22,3.06,3.02,3.07,3.0,22115,6078466.0,2.3,-0.98,-0.03,0.06,SH601872
1376,2012-08-23,3.02,3.02,3.04,3.01,17591,4805499.0,0.99,0.0,0.0,0.05,SH601872
1377,2012-08-24,3.02,3.0,3.03,2.99,16598,4502244.0,1.32,-0.66,-0.02,0.05,SH601872
1378,2012-08-27,3.0,2.95,3.0,2.94,29789,7976879.0,2.0,-1.67,-0.05,0.09,SH601872
1379,2012-08-28,2.95,2.97,2.98,2.92,31000,8250130.0,2.03,0.68,0.02,0.09,SH601872
1380,2012-08-29,3.07,2.99,3.15,2.97,136000,37676504.0,6.06,0.67,0.02,0.4,SH601872
1381,2012-08-30,2.97,2.91,2.97,2.89,76714,20169029.0,2.68,-2.68,-0.08,0.22,SH601872
1382,2012-08-31,2.9,2.89,2.93,2.87,46931,12232401.0,2.06,-0.69,-0.02,0.14,SH601872
1383,2012-09-03,2.89,2.87,2.9,2.86,41756,10825856.0,1.38,-0.69,-0.02,0.12,SH601872
1384,2012-09-04,2.87,2.84,2.89,2.82,41922,10724801.0,2.44,-1.05,-0.03,0.12,SH601872
1385,2012-09-05,2.83,2.81,2.84,2.8,31044,7832607.0,1.41,-1.06,-0.03,0.09,SH601872
1386,2012-09-06,2.81,2.85,2.91,2.8,55696,14307608.0,3.91,1.42,0.04,0.16,SH601872
1387,2012-09-07,2.86,2.97,3.0,2.86,117825,31231031.0,4.91,4.21,0.12,0.34,SH601872
1388,2012-09-10,2.95,2.96,2.98,2.92,55939,14843133.0,2.02,-0.34,-0.01,0.16,SH601872
1389,2012-09-11,2.94,2.94,2.95,2.92,34804,9204517.0,1.01,-0.68,-0.02,0.1,SH601872
1390,2012-09-12,2.94,2.94,2.96,2.91,34874,9211486.0,1.7,0.0,0.0,0.1,SH601872
1391,2012-09-13,2.94,2.95,3.01,2.93,56180,15018299.0,2.72,0.34,0.01,0.16,SH601872
1392,2012-09-14,2.95,2.96,2.98,2.93,38872,10350594.0,1.69,0.34,0.01,0.11,SH601872
1393,2012-09-17,2.96,2.87,2.96,2.87,41014,10693811.0,3.04,-3.04,-0.09,0.12,SH601872
1394,2012-09-18,2.88,2.85,2.89,2.84,15042,3868460.0,1.74,-0.7,-0.02,0.04,SH601872
1395,2012-09-19,2.87,2.85,2.89,2.83,28934,7437351.0,2.11,0.0,0.0,0.08,SH601872
1396,2012-09-20,2.85,2.79,2.85,2.79,31180,7870963.0,2.11,-2.11,-0.06,0.09,SH601872
1397,2012-09-21,2.78,2.83,2.9,2.78,38452,9841631.0,4.3,1.43,0.04,0.11,SH601872
1398,2012-09-24,2.81,2.8,2.81,2.74,37443,9318435.0,2.47,-1.06,-0.03,0.11,SH601872
1399,2012-09-25,2.8,2.78,2.81,2.77,16869,4212254.0,1.43,-0.71,-0.02,0.05,SH601872
1400,2012-09-26,2.78,2.76,2.82,2.75,52307,13067695.0,2.52,-0.72,-0.02,0.15,SH601872
1401,2012-09-27,2.74,2.82,2.88,2.73,71932,18048914.0,5.43,2.17,0.06,0.21,SH601872
1402,2012-09-28,2.79,2.84,2.84,2.78,45807,11567412.0,2.13,0.71,0.02,0.13,SH601872
1403,2012-10-08,2.85,2.83,2.88,2.82,38717,9909392.0,2.11,-0.35,-0.01,0.11,SH601872
1404,2012-10-09,2.83,2.89,2.9,2.83,48776,12618594.0,2.47,2.12,0.06,0.14,SH601872
1405,2012-10-10,2.88,2.95,2.97,2.87,97709,25786517.0,3.46,2.08,0.06,0.28,SH601872
1406,2012-10-11,2.93,2.89,2.94,2.88,42843,11215394.0,2.03,-2.03,-0.06,0.12,SH601872
1407,2012-10-12,2.91,2.9,2.93,2.88,34410,8976651.0,1.73,0.35,0.01,0.1,SH601872
1408,2012-10-15,2.9,2.88,2.91,2.86,23395,6051329.0,1.72,-0.69,-0.02,0.07,SH601872
1409,2012-10-16,2.88,2.89,2.91,2.87,22910,5963636.0,1.39,0.35,0.01,0.07,SH601872
1410,2012-10-17,2.89,2.88,2.91,2.86,26223,6786177.0,1.73,-0.35,-0.01,0.08,SH601872
1411,2012-10-18,2.89,2.96,3.08,2.88,89074,23889635.0,6.94,2.78,0.08,0.26,SH601872
1412,2012-10-19,2.94,2.94,2.96,2.93,38908,10324941.0,1.01,-0.68,-0.02,0.11,SH601872
1413,2012-10-22,2.93,2.96,2.97,2.92,26654,7084127.0,1.7,0.68,0.02,0.08,SH601872
1414,2012-10-23,2.96,2.96,3.01,2.95,52644,14108094.0,2.03,0.0,0.0,0.15,SH601872
1415,2012-10-24,2.94,2.99,3.0,2.94,50367,13563530.0,2.03,1.01,0.03,0.15,SH601872
1416,2012-10-25,2.99,3.01,3.07,2.98,90666,24817064.0,3.01,0.67,0.02,0.26,SH601872
1417,2012-10-26,3.0,2.93,3.02,2.91,52967,14070188.0,3.65,-2.66,-0.08,0.15,SH601872
1418,2012-10-29,2.92,2.91,2.94,2.9,18521,4856976.0,1.37,-0.68,-0.02,0.05,SH601872
1419,2012-10-30,2.92,2.93,2.96,2.9,26990,7123838.0,2.06,0.69,0.02,0.08,SH601872
1420,2012-10-31,2.93,2.93,2.93,2.9,19038,4995022.0,1.02,0.0,0.0,0.06,SH601872
1421,2012-11-01,2.92,2.97,2.99,2.92,37111,9937275.0,2.39,1.37,0.04,0.11,SH601872
1422,2012-11-02,2.97,2.99,3.01,2.96,31293,8428034.0,1.68,0.67,0.02,0.09,SH601872
1423,2012-11-05,2.98,3.0,3.02,2.96,35353,9537102.0,2.01,0.33,0.01,0.1,SH601872
1424,2012-11-06,2.99,2.98,3.0,2.95,26858,7196550.0,1.67,-0.67,-0.02,0.08,SH601872
1425,2012-11-07,2.97,2.97,3.0,2.95,14809,3968054.0,1.68,-0.34,-0.01,0.04,SH601872
1426,2012-11-08,2.96,2.9,2.96,2.89,23393,6171997.0,2.36,-2.36,-0.07,0.07,SH601872
1427,2012-11-09,2.9,2.89,2.92,2.87,16114,4195021.0,1.72,-0.34,-0.01,0.05,SH601872
1428,2012-11-12,2.9,2.92,2.92,2.88,16900,4407029.0,1.38,1.04,0.03,0.05,SH601872
1429,2012-11-13,2.92,2.87,2.92,2.86,21836,5664639.0,2.05,-1.71,-0.05,0.06,SH601872
1430,2012-11-14,2.87,2.9,2.91,2.86,17675,4586626.0,1.74,1.05,0.03,0.05,SH601872
1431,2012-11-15,2.88,2.86,2.9,2.85,15608,4036918.0,1.72,-1.38,-0.04,0.05,SH601872
1432,2012-11-16,2.86,2.83,2.87,2.8,21556,5469616.0,2.45,-1.05,-0.03,0.06,SH601872
1433,2012-11-19,2.83,2.83,2.84,2.8,10785,2730782.0,1.41,0.0,0.0,0.03,SH601872
1434,2012-11-20,2.85,2.87,2.87,2.83,18477,4727570.0,1.41,1.41,0.04,0.05,SH601872
1435,2012-11-21,2.87,2.96,2.98,2.86,44226,11659332.0,4.18,3.14,0.09,0.13,SH601872
1436,2012-11-22,2.94,2.93,2.94,2.91,25286,6663364.0,1.01,-1.01,-0.03,0.07,SH601872
1437,2012-11-23,2.92,2.94,2.97,2.91,35194,9339014.0,2.05,0.34,0.01,0.1,SH601872
1438,2012-11-26,2.92,2.93,3.03,2.91,34851,8462037.0,4.08,-0.34,-0.01,0.09,SH601872
1439,2012-11-27,2.94,2.85,2.94,2.84,32760,7663336.0,3.41,-2.73,-0.08,0.09,SH601872
1440,2012-11-28,2.84,2.82,2.85,2.81,19137,4406212.0,1.4,-1.05,-0.03,0.05,SH601872
1441,2012-11-29,2.82,2.82,2.86,2.81,16206,3740682.0,1.77,0.0,0.0,0.04,SH601872
1442,2012-11-30,2.82,2.85,2.88,2.81,18892,4391019.0,2.48,1.06,0.03,0.05,SH601872
1443,2012-12-03,2.85,2.84,2.89,2.81,21754,5065056.0,2.81,-0.35,-0.01,0.06,SH601872
1444,2012-12-04,2.82,2.86,2.88,2.81,28185,6535618.0,2.46,0.7,0.02,0.07,SH601872
1445,2012-12-05,2.86,2.93,3.0,2.85,57447,13823629.0,5.24,2.45,0.07,0.15,SH601872
1446,2012-12-06,2.93,2.94,2.95,2.91,24218,5816313.0,1.37,0.34,0.01,0.06,SH601872
1447,2012-12-07,2.94,2.97,2.97,2.89,62878,15216975.0,2.72,1.02,0.03,0.17,SH601872
1448,2012-12-10,2.97,2.98,2.99,2.94,70959,17308730.0,1.68,0.34,0.01,0.19,SH601872
1449,2012-12-11,2.97,2.95,2.97,2.94,33043,8012028.0,1.01,-1.01,-0.03,0.09,SH601872
1450,2012-12-12,2.95,2.95,2.96,2.93,24885,5999261.0,1.02,0.0,0.0,0.07,SH601872
1451,2012-12-13,2.94,2.92,2.95,2.92,28676,6894606.0,1.02,-1.02,-0.03,0.08,SH601872
1452,2012-12-14,2.92,3.02,3.02,2.91,98429,24188740.0,3.77,3.42,0.1,0.26,SH601872
1453,2012-12-17,3.02,3.04,3.13,3.0,106106,26634785.0,4.3,0.66,0.02,0.28,SH601872
1454,2012-12-18,3.03,3.03,3.07,3.02,66625,16648344.0,1.64,-0.33,-0.01,0.18,SH601872
1455,2012-12-19,3.03,3.03,3.04,3.02,24459,6096127.0,0.66,0.0,0.0,0.06,SH601872
1456,2012-12-20,3.02,3.03,3.04,2.98,43032,10626452.0,1.98,0.0,0.0,0.11,SH601872
1457,2012-12-21,3.02,3.02,3.08,2.97,74018,18473001.0,3.63,-0.33,-0.01,0.2,SH601872
1458,2012-12-24,3.0,3.0,3.02,2.98,37464,9235184.0,1.32,-0.66,-0.02,0.1,SH601872
1459,2012-12-25,2.99,3.05,3.06,2.98,97227,24334355.0,2.67,1.67,0.05,0.26,SH601872
1460,2012-12-26,3.05,3.07,3.08,3.04,70228,17722467.0,1.31,0.66,0.02,0.19,SH601872
1461,2012-12-27,3.08,3.07,3.09,3.04,66937,16904248.0,1.63,0.0,0.0,0.18,SH601872
1462,2012-12-28,3.06,3.07,3.08,3.05,63784,16112099.0,0.98,0.0,0.0,0.17,SH601872
1463,2012-12-31,3.08,3.1,3.11,3.07,67260,17150284.0,1.3,0.98,0.03,0.18,SH601872
1464,2013-01-04,3.11,3.13,3.18,3.1,126550,32791619.0,2.58,0.97,0.03,0.34,SH601872
1465,2013-01-07,3.15,3.14,3.16,3.11,62734,16229963.0,1.6,0.32,0.01,0.17,SH601872
1466,2013-01-08,3.14,3.1,3.14,3.09,80437,20619489.0,1.59,-1.27,-0.04,0.21,SH601872
1467,2013-01-09,3.1,3.1,3.14,3.08,66835,17118540.0,1.94,0.0,0.0,0.18,SH601872
1468,2013-01-10,3.09,3.14,3.16,3.09,77597,20067292.0,2.26,1.29,0.04,0.21,SH601872
1469,2013-01-11,3.13,3.05,3.13,3.05,67799,17248521.0,2.55,-2.87,-0.09,0.18,SH601872
1470,2013-01-14,3.05,3.1,3.11,3.05,67369,17169394.0,1.97,1.64,0.05,0.18,SH601872
1471,2013-01-15,3.11,3.14,3.15,3.09,91036,23396518.0,1.94,1.29,0.04,0.24,SH601872
1472,2013-01-16,3.14,3.13,3.14,3.08,80097,20553656.0,1.91,-0.32,-0.01,0.21,SH601872
1473,2013-01-17,3.11,3.11,3.17,3.09,80121,20681944.0,2.56,-0.64,-0.02,0.21,SH601872
1474,2013-01-18,3.11,3.14,3.15,3.09,73918,19053108.0,1.93,0.96,0.03,0.2,SH601872
1475,2013-01-21,3.15,3.21,3.27,3.14,208667,55445811.0,4.14,2.23,0.07,0.55,SH601872
1476,2013-01-22,3.19,3.15,3.2,3.13,107124,28012115.0,2.18,-1.87,-0.06,0.28,SH601872
1477,2013-01-23,3.16,3.15,3.16,3.1,64186,16587024.0,1.9,0.0,0.0,0.17,SH601872
1478,2013-01-24,3.14,3.11,3.19,3.09,95673,24864626.0,3.17,-1.27,-0.04,0.25,SH601872
1479,2013-01-25,3.1,3.1,3.11,3.08,36955,9447631.0,0.96,-0.32,-0.01,0.1,SH601872
1480,2013-01-28,3.09,3.14,3.15,3.09,45486,11708206.0,1.94,1.29,0.04,0.12,SH601872
1481,2013-01-29,3.13,3.14,3.15,3.1,67800,17465904.0,1.59,0.0,0.0,0.18,SH601872
1482,2013-01-30,3.15,3.15,3.17,3.09,91644,23748611.0,2.55,0.32,0.01,0.24,SH601872
1483,2013-01-31,3.15,3.16,3.17,3.13,74663,19443506.0,1.27,0.32,0.01,0.2,SH601872
1484,2013-02-01,3.15,3.17,3.19,3.14,90058,23525692.0,1.58,0.32,0.01,0.24,SH601872
1485,2013-02-04,3.18,3.2,3.22,3.16,93890,24784586.0,1.89,0.95,0.03,0.25,SH601872
1486,2013-02-05,3.18,3.26,3.29,3.17,139756,37446557.0,3.75,1.88,0.06,0.37,SH601872
1487,2013-02-06,3.27,3.24,3.27,3.2,86763,23203595.0,2.15,-0.61,-0.02,0.23,SH601872
1488,2013-02-07,3.24,3.2,3.24,3.18,67835,17940684.0,1.85,-1.23,-0.04,0.18,SH601872
1489,2013-02-08,3.2,3.22,3.24,3.18,53378,14205124.0,1.88,0.63,0.02,0.14,SH601872
1490,2013-02-18,3.19,3.21,3.24,3.19,55105,14650400.0,1.55,-0.31,-0.01,0.15,SH601872
1491,2013-02-19,3.2,3.2,3.25,3.18,88471,23515328.0,2.18,-0.31,-0.01,0.23,SH601872
1492,2013-02-20,3.2,3.25,3.25,3.2,66694,17830846.0,1.56,1.56,0.05,0.18,SH601872
1493,2013-02-21,3.24,3.18,3.24,3.15,73424,19347453.0,2.77,-2.15,-0.07,0.19,SH601872
1494,2013-02-22,3.17,3.16,3.18,3.15,33341,8717183.0,0.94,-0.63,-0.02,0.09,SH601872
1495,2013-02-25,3.17,3.16,3.17,3.15,22794,5953305.0,0.63,0.0,0.0,0.06,SH601872
1496,2013-02-26,3.15,3.1,3.16,3.1,37490,9675324.0,1.9,-1.9,-0.06,0.1,SH601872
1497,2013-02-27,3.1,3.11,3.14,3.08,26606,6816344.0,1.94,0.32,0.01,0.07,SH601872
1498,2013-02-28,3.11,3.15,3.15,3.09,40219,10391561.0,1.93,1.29,0.04,0.11,SH601872
1499,2013-03-01,3.15,3.14,3.15,3.11,32070,8292697.0,1.27,-0.32,-0.01,0.08,SH601872
1500,2013-03-04,3.13,3.07,3.13,3.03,77994,19791467.0,3.18,-2.23,-0.07,0.21,SH601872
1501,2013-03-05,3.06,3.08,3.09,3.03,60821,15328426.0,1.95,0.33,0.01,0.16,SH601872
1502,2013-03-06,3.08,3.11,3.13,3.07,52040,13300007.0,1.95,0.97,0.03,0.14,SH601872
1503,2013-03-07,3.1,3.11,3.15,3.08,64471,16613755.0,2.25,0.0,0.0,0.17,SH601872
1504,2013-03-08,3.1,3.09,3.13,3.09,31066,7955851.0,1.29,-0.64,-0.02,0.08,SH601872
1505,2013-03-11,3.1,3.1,3.13,3.08,21503,5509243.0,1.62,0.32,0.01,0.06,SH601872
1506,2013-03-12,3.11,3.07,3.14,3.04,53965,13747178.0,3.23,-0.97,-0.03,0.14,SH601872
1507,2013-03-13,3.06,3.04,3.07,3.02,36446,9122227.0,1.63,-0.98,-0.03,0.1,SH601872
1508,2013-03-14,3.04,3.04,3.05,3.02,26918,6714570.0,0.99,0.0,0.0,0.07,SH601872
1509,2013-03-15,3.04,3.06,3.08,3.04,37065,9348034.0,1.32,0.66,0.02,0.1,SH601872
1510,2013-03-18,3.05,3.03,3.06,3.0,35201,8766263.0,1.96,-0.98,-0.03,0.09,SH601872
1511,2013-03-19,3.02,3.04,3.05,3.0,24703,6154662.0,1.65,0.33,0.01,0.07,SH601872
1512,2013-03-20,3.05,3.07,3.08,3.03,30671,7747276.0,1.64,0.99,0.03,0.08,SH601872
1513,2013-03-21,3.07,3.07,3.09,3.06,38233,9674163.0,0.98,0.0,0.0,0.1,SH601872
1514,2013-03-22,3.07,3.1,3.11,3.06,60126,15347374.0,1.63,0.98,0.03,0.16,SH601872
1515,2013-03-25,3.09,3.14,3.14,3.08,52510,13469277.0,1.94,1.29,0.04,0.14,SH601872
1516,2013-03-26,3.1,3.1,3.13,3.08,45091,11540510.0,1.59,-1.27,-0.04,0.12,SH601872
1517,2013-03-27,3.08,3.09,3.14,3.08,23881,6117716.0,1.94,-0.32,-0.01,0.06,SH601872
1518,2013-03-28,3.08,3.03,3.08,3.02,47365,11841076.0,1.94,-1.94,-0.06,0.13,SH601872
1519,2013-03-29,3.03,3.02,3.04,3.02,19438,4832907.0,0.66,-0.33,-0.01,0.05,SH601872
1520,2013-04-01,3.02,3.0,3.02,2.98,27438,6758266.0,1.32,-0.66,-0.02,0.07,SH601872
1521,2013-04-02,2.99,2.99,3.04,2.98,25074,6193359.0,2.0,-0.33,-0.01,0.07,SH601872
1522,2013-04-03,2.99,2.99,3.02,2.97,20585,5058525.0,1.67,0.0,0.0,0.05,SH601872
1523,2013-04-08,2.98,2.96,2.98,2.94,24676,5978728.0,1.34,-1.0,-0.03,0.07,SH601872
1524,2013-04-09,2.96,2.95,2.98,2.93,104834,25356307.0,1.69,-0.34,-0.01,0.28,SH601872
1525,2013-04-10,2.94,2.96,2.97,2.94,41566,10072815.0,1.02,0.34,0.01,0.11,SH601872
1526,2013-04-11,2.96,2.97,2.99,2.95,42798,10446275.0,1.35,0.34,0.01,0.11,SH601872
1527,2013-04-12,2.97,2.93,2.97,2.93,28917,6970469.0,1.35,-1.35,-0.04,0.08,SH601872
1528,2013-04-15,2.92,2.87,2.93,2.86,28506,6730408.0,2.39,-2.05,-0.06,0.08,SH601872
1529,2013-04-16,2.85,2.91,2.94,2.84,48560,11502438.0,3.48,1.39,0.04,0.13,SH601872
1530,2013-04-17,2.89,2.85,2.91,2.84,90594,21187389.0,2.41,-2.06,-0.06,0.24,SH601872
1531,2013-04-18,2.84,2.85,2.88,2.84,85911,20094982.0,1.4,0.0,0.0,0.23,SH601872
1532,2013-04-19,2.85,2.88,2.91,2.85,86881,20460925.0,2.11,1.05,0.03,0.23,SH601872
1533,2013-04-22,2.87,2.88,2.89,2.86,75167,17696061.0,1.04,0.0,0.0,0.2,SH601872
1534,2013-04-23,2.87,2.83,2.87,2.81,73778,17077254.0,2.08,-1.74,-0.05,0.2,SH601872
1535,2013-04-24,2.83,2.86,2.86,2.82,47897,11132734.0,1.41,1.06,0.03,0.13,SH601872
1536,2013-04-25,2.85,2.82,2.86,2.82,38516,8922532.0,1.4,-1.4,-0.04,0.1,SH601872
1537,2013-04-26,2.82,2.8,2.84,2.8,35566,8154317.0,1.42,-0.71,-0.02,0.09,SH601872
1538,2013-05-02,2.8,2.77,2.8,2.75,54254,12252657.0,1.79,-1.07,-0.03,0.14,SH601872
1539,2013-05-03,2.76,2.78,2.8,2.75,188065,42505312.0,1.81,0.36,0.01,0.5,SH601872
1540,2013-05-06,2.78,2.81,2.82,2.76,157138,35664734.0,2.16,1.08,0.03,0.42,SH601872
1541,2013-05-07,2.78,2.78,2.8,2.77,76873,17458968.0,1.07,-1.07,-0.03,0.2,SH601872
1542,2013-05-08,2.8,2.8,2.81,2.77,68382,15556913.0,1.44,0.72,0.02,0.18,SH601872
1543,2013-05-09,2.8,2.78,2.8,2.76,70735,15981508.0,1.43,-0.71,-0.02,0.19,SH601872
1544,2013-05-10,2.78,2.78,2.78,2.75,107232,24203461.0,1.08,0.0,0.0,0.28,SH601872
1545,2013-05-13,2.77,2.77,2.78,2.75,133394,29992680.0,1.08,-0.36,-0.01,0.35,SH601872
1546,2013-05-14,2.76,2.75,2.76,2.73,68646,15325800.0,1.08,-0.72,-0.02,0.18,SH601872
1547,2013-05-15,2.75,2.76,2.77,2.74,50421,11322251.0,1.09,0.36,0.01,0.13,SH601872
1548,2013-05-16,2.76,2.76,2.78,2.74,123604,27825402.0,1.45,0.0,0.0,0.33,SH601872
1549,2013-05-17,2.77,2.78,2.8,2.75,122707,27773184.0,1.81,0.72,0.02,0.32,SH601872
1550,2013-05-20,2.8,2.81,2.82,2.78,139492,31944204.0,1.44,1.08,0.03,0.37,SH601872
1551,2013-05-21,2.81,2.81,2.81,2.78,92278,21059355.0,1.07,0.0,0.0,0.24,SH601872
1552,2013-05-22,2.81,2.81,2.82,2.78,133743,30563548.0,1.42,0.0,0.0,0.35,SH601872
1553,2013-05-23,2.82,2.8,2.84,2.78,124654,28583075.0,2.14,-0.36,-0.01,0.33,SH601872
1554,2013-05-24,2.78,2.81,2.81,2.78,69895,15943812.0,1.07,0.36,0.01,0.19,SH601872
1555,2013-05-27,2.8,2.78,2.81,2.77,66036,15029300.0,1.42,-1.07,-0.03,0.17,SH601872
1556,2013-05-28,2.8,2.83,2.83,2.78,96605,22104398.0,1.8,1.8,0.05,0.26,SH601872
1557,2013-05-29,2.82,2.83,2.84,2.81,122339,28236537.0,1.06,0.0,0.0,0.32,SH601872
1558,2013-05-30,2.82,2.84,2.84,2.81,91568,21135801.0,1.06,0.35,0.01,0.24,SH601872
1559,2013-05-31,2.83,2.82,2.84,2.82,80501,18596144.0,0.7,-0.7,-0.02,0.21,SH601872
1560,2013-06-03,2.82,2.81,2.83,2.8,67450,15440721.0,1.06,-0.35,-0.01,0.18,SH601872
1561,2013-06-04,2.8,2.77,2.81,2.76,84126,19064681.0,1.78,-1.42,-0.04,0.22,SH601872
1562,2013-06-05,2.77,2.78,2.78,2.76,29760,6731105.0,0.72,0.36,0.01,0.08,SH601872
1563,2013-06-06,2.78,2.75,2.78,2.75,39035,8783276.0,1.08,-1.08,-0.03,0.1,SH601872
1564,2013-06-07,2.75,2.73,2.77,2.72,69092,15403607.0,1.82,-0.73,-0.02,0.18,SH601872
1565,2013-06-13,2.71,2.62,2.72,2.6,99397,21206640.0,4.4,-4.03,-0.11,0.26,SH601872
1566,2013-06-14,2.62,2.63,2.63,2.61,40930,8688498.0,0.76,0.38,0.01,0.11,SH601872
1567,2013-06-17,2.63,2.66,2.67,2.62,63910,13712305.0,1.9,1.14,0.03,0.17,SH601872
1568,2013-06-18,2.66,2.67,2.69,2.61,56184,12024915.0,3.01,0.38,0.01,0.15,SH601872
1569,2013-06-19,2.66,2.69,2.73,2.65,70812,15476696.0,3.0,0.75,0.02,0.19,SH601872
1570,2013-06-20,2.67,2.61,2.67,2.6,123416,26284086.0,2.6,-2.97,-0.08,0.33,SH601872
1571,2013-06-21,2.61,2.58,2.61,2.55,108179,22442142.0,2.3,-1.15,-0.03,0.29,SH601872
1572,2013-06-24,2.56,2.48,2.58,2.47,110591,22364204.0,4.26,-3.88,-0.1,0.29,SH601872
1573,2013-06-25,2.48,2.47,2.5,2.36,112131,21801879.0,5.65,-0.4,-0.01,0.3,SH601872
1574,2013-06-26,2.45,2.45,2.47,2.42,50826,9950207.0,2.02,-0.81,-0.02,0.13,SH601872
1575,2013-06-27,2.47,2.41,2.48,2.41,67751,13305988.0,2.86,-1.63,-0.04,0.18,SH601872
1576,2013-06-28,2.4,2.43,2.48,2.39,125650,24431865.0,3.73,0.83,0.02,0.33,SH601872
1577,2013-07-01,2.44,2.44,2.44,2.41,48902,9518464.0,1.23,0.41,0.01,0.13,SH601872
1578,2013-07-02,2.44,2.43,2.45,2.39,55656,10788465.0,2.46,-0.41,-0.01,0.15,SH601872
1579,2013-07-03,2.43,2.43,2.48,2.4,117234,22982871.0,3.29,0.0,0.0,0.31,SH601872
1580,2013-07-04,2.42,2.43,2.47,2.4,66720,13035727.0,2.88,0.0,0.0,0.18,SH601872
1581,2013-07-05,2.43,2.44,2.47,2.42,58828,11515902.0,2.06,0.41,0.01,0.16,SH601872
1582,2013-07-08,2.43,2.39,2.44,2.38,55673,10691943.0,2.46,-2.05,-0.05,0.15,SH601872
1583,2013-07-09,2.39,2.4,2.41,2.39,31432,6024989.0,0.84,0.42,0.01,0.08,SH601872
1584,2013-07-10,2.4,2.43,2.43,2.38,57477,11062713.0,2.08,1.25,0.03,0.15,SH601872
1585,2013-07-11,2.43,2.5,2.52,2.42,141551,28127945.0,4.12,2.88,0.07,0.37,SH601872
1586,2013-07-12,2.5,2.44,2.5,2.44,75592,14961165.0,2.4,-2.4,-0.06,0.2,SH601872
1587,2013-07-15,2.45,2.47,2.48,2.44,46917,9260034.0,1.64,1.23,0.03,0.12,SH601872
1588,2013-07-16,2.47,2.47,2.48,2.44,49073,9673564.0,1.62,0.0,0.0,0.13,SH601872
1589,2013-07-17,2.45,2.45,2.5,2.44,66472,13203174.0,2.43,-0.81,-0.02,0.18,SH601872
1590,2013-07-18,2.45,2.42,2.45,2.41,56903,11080843.0,1.63,-1.22,-0.03,0.15,SH601872
1591,2013-07-19,2.43,2.38,2.43,2.38,39261,7529753.0,2.07,-1.65,-0.04,0.1,SH601872
1592,2013-07-22,2.38,2.39,2.41,2.37,43615,8284399.0,1.68,0.42,0.01,0.12,SH601872
1593,2013-07-23,2.41,2.44,2.44,2.38,45023,8720710.0,2.51,2.09,0.05,0.12,SH601872
1594,2013-07-24,2.43,2.43,2.44,2.41,39720,7676149.0,1.23,-0.41,-0.01,0.11,SH601872
1595,2013-07-25,2.44,2.43,2.46,2.41,46624,9078534.0,2.06,0.0,0.0,0.12,SH601872
1596,2013-07-26,2.42,2.41,2.43,2.39,33154,6379153.0,1.65,-0.82,-0.02,0.09,SH601872
1597,2013-07-29,2.39,2.38,2.41,2.37,36969,7040155.0,1.66,-1.24,-0.03,0.1,SH601872
1598,2013-07-30,2.38,2.38,2.41,2.37,32844,6254368.0,1.68,0.0,0.0,0.09,SH601872
1599,2013-07-31,2.38,2.39,2.41,2.38,25809,4925361.0,1.26,0.42,0.01,0.07,SH601872
1600,2013-08-01,2.38,2.42,2.42,2.38,33290,6396445.0,1.67,1.26,0.03,0.09,SH601872
1601,2013-08-02,2.42,2.42,2.43,2.41,35496,6854734.0,0.83,0.0,0.0,0.09,SH601872
1602,2013-08-05,2.42,2.47,2.5,2.41,140549,27773326.0,3.72,2.07,0.05,0.37,SH601872
1603,2013-08-06,2.46,2.46,2.48,2.44,99488,19523054.0,1.62,-0.4,-0.01,0.26,SH601872
1604,2013-08-07,2.46,2.46,2.49,2.46,58323,11565999.0,1.22,0.0,0.0,0.15,SH601872
1605,2013-08-08,2.46,2.45,2.48,2.44,56336,11102528.0,1.63,-0.41,-0.01,0.15,SH601872
1606,2013-08-09,2.43,2.46,2.47,2.43,43707,8573937.0,1.63,0.41,0.01,0.12,SH601872
1607,2013-08-12,2.45,2.5,2.5,2.44,79328,15762901.0,2.44,1.63,0.04,0.21,SH601872
1608,2013-08-13,2.49,2.52,2.53,2.48,70977,14283199.0,2.0,0.8,0.02,0.19,SH601872
1609,2013-08-14,2.52,2.49,2.55,2.48,102701,20751552.0,2.78,-1.19,-0.03,0.27,SH601872
1610,2013-08-15,2.49,2.5,2.53,2.48,52585,10561313.0,2.01,0.4,0.01,0.14,SH601872
1611,2013-08-16,2.49,2.49,2.55,2.47,106466,21420111.0,3.2,-0.4,-0.01,0.28,SH601872
1612,2013-08-19,2.48,2.5,2.5,2.46,68271,13594703.0,1.61,0.4,0.01,0.18,SH601872
1613,2013-08-20,2.49,2.48,2.5,2.46,50699,10094747.0,1.6,-0.8,-0.02,0.13,SH601872
1614,2013-08-21,2.48,2.47,2.48,2.46,51053,10098043.0,0.81,-0.4,-0.01,0.14,SH601872
1615,2013-08-22,2.47,2.46,2.48,2.46,33655,6654576.0,0.81,-0.4,-0.01,0.09,SH601872
1616,2013-08-23,2.47,2.48,2.5,2.46,62893,12507125.0,1.63,0.81,0.02,0.17,SH601872
1617,2013-08-26,2.48,2.58,2.64,2.46,280154,57864919.0,7.26,4.03,0.1,0.74,SH601872
1618,2013-08-27,2.58,2.6,2.67,2.56,248549,52496285.0,4.26,0.78,0.02,0.66,SH601872
1619,2013-08-28,2.58,2.83,2.83,2.57,602563,134438952.0,10.0,8.85,0.23,1.6,SH601872
1620,2013-08-29,2.89,2.83,2.94,2.78,576022,134172798.0,5.65,0.0,0.0,1.53,SH601872
1621,2013-08-30,2.79,2.91,3.03,2.78,685367,164251393.0,8.83,2.83,0.08,1.81,SH601872
1622,2013-09-02,2.9,2.74,2.96,2.66,521274,117115499.0,10.31,-5.84,-0.17,1.38,SH601872
1623,2013-09-03,2.74,2.71,2.74,2.67,191025,41834853.0,2.55,-1.09,-0.03,0.51,SH601872
1624,2013-09-04,2.7,2.74,2.8,2.69,157050,34998613.0,4.06,1.11,0.03,0.42,SH601872
1625,2013-09-05,2.74,2.72,2.78,2.66,207962,45878076.0,4.38,-0.73,-0.02,0.55,SH601872
1626,2013-09-06,2.72,2.97,2.97,2.71,688928,162517545.0,9.56,9.19,0.25,1.82,SH601872
1627,2013-09-09,3.04,3.23,3.23,2.97,486002,126595385.0,8.75,8.75,0.26,1.29,SH601872
1628,2013-09-10,3.36,3.53,3.53,3.33,702782,204110023.0,6.19,9.29,0.3,1.86,SH601872
1629,2013-09-11,3.85,3.85,3.85,3.65,2354942,747679760.0,5.67,9.07,0.32,6.24,SH601872
1630,2013-09-12,3.68,3.7,3.8,3.56,1308642,404437184.0,6.23,-3.9,-0.15,3.47,SH601872
1631,2013-09-13,3.62,3.41,3.65,3.36,978175,282501552.0,7.84,-7.84,-0.29,2.59,SH601872
1632,2013-09-16,3.41,3.4,3.47,3.36,448566,126976248.0,3.23,-0.29,-0.01,1.19,SH601872
1633,2013-09-17,3.41,3.26,3.43,3.23,495372,135746359.0,5.88,-4.12,-0.14,1.31,SH601872
1634,2013-09-18,3.29,3.31,3.4,3.26,403530,111212542.0,4.29,1.53,0.05,1.07,SH601872
1635,2013-09-23,3.43,3.35,3.43,3.32,399429,111673297.0,3.32,1.21,0.04,1.06,SH601872
1636,2013-09-24,3.35,3.41,3.46,3.23,648952,179801128.0,6.87,1.79,0.06,1.72,SH601872
1637,2013-09-25,3.36,3.3,3.45,3.26,557483,155087756.0,5.57,-3.23,-0.11,1.48,SH601872
1638,2013-09-26,3.26,3.08,3.29,3.05,518782,134673503.0,7.27,-6.67,-0.22,1.37,SH601872
1639,2013-09-27,3.1,3.1,3.12,3.02,279668,70958621.0,3.25,0.65,0.02,0.74,SH601872
1640,2013-09-30,3.12,3.09,3.13,3.08,152009,38760080.0,1.61,-0.32,-0.01,0.4,SH601872
1641,2013-10-08,3.1,3.15,3.19,3.09,245507,63762252.0,3.24,1.94,0.06,0.65,SH601872
1642,2013-10-09,3.13,3.44,3.44,3.13,896438,253107057.0,9.84,9.21,0.29,2.37,SH601872
1643,2013-10-10,3.44,3.25,3.44,3.25,743615,204625610.0,5.52,-5.52,-0.19,1.97,SH601872
1644,2013-10-11,3.26,3.34,3.36,3.22,389739,106876399.0,4.31,2.77,0.09,1.03,SH601872
1645,2013-10-14,3.32,3.24,3.34,3.24,307022,83000444.0,2.99,-2.99,-0.1,0.81,SH601872
1646,2013-10-15,3.24,3.25,3.29,3.19,200265,53663767.0,3.09,0.31,0.01,0.53,SH601872
1647,2013-10-16,3.23,3.1,3.24,3.05,267843,69175524.0,5.85,-4.62,-0.15,0.71,SH601872
1648,2013-10-17,3.12,3.12,3.15,3.09,134199,34404373.0,1.94,0.65,0.02,0.36,SH601872
1649,2013-10-18,3.05,3.1,3.2,3.04,183575,47472023.0,5.13,-0.64,-0.02,0.49,SH601872
1650,2013-10-21,3.08,3.11,3.11,3.0,201775,50784120.0,3.55,0.32,0.01,0.53,SH601872
1651,2013-10-22,3.09,3.08,3.12,3.05,148379,37530473.0,2.25,-0.96,-0.03,0.39,SH601872
1652,2013-10-23,3.05,2.99,3.1,2.98,168525,41873816.0,3.9,-2.92,-0.09,0.45,SH601872
1653,2013-10-24,2.99,3.01,3.01,2.99,84659,20814838.0,0.67,0.67,0.02,0.22,SH601872
1654,2013-10-25,3.01,2.93,3.02,2.91,120080,29014448.0,3.65,-2.66,-0.08,0.32,SH601872
1655,2013-10-28,2.92,3.01,3.02,2.91,152949,37329167.0,3.75,2.73,0.08,0.4,SH601872
1656,2013-10-29,3.0,2.94,3.0,2.83,169854,40682312.0,5.65,-2.33,-0.07,0.45,SH601872
1657,2013-10-30,2.92,3.0,3.0,2.9,122961,29851103.0,3.4,2.04,0.06,0.33,SH601872
1658,2013-10-31,2.99,2.96,3.0,2.94,77966,18933763.0,2.0,-1.33,-0.04,0.21,SH601872
1659,2013-11-01,2.94,2.96,2.99,2.89,80067,19239753.0,3.38,0.0,0.0,0.21,SH601872
1660,2013-11-04,2.97,2.97,3.01,2.93,93142,22727197.0,2.7,0.34,0.01,0.25,SH601872
1661,2013-11-05,2.94,2.99,2.99,2.94,68900,16761867.0,1.68,0.67,0.02,0.18,SH601872
1662,2013-11-06,2.99,2.92,2.99,2.92,83853,20288341.0,2.34,-2.34,-0.07,0.22,SH601872
1663,2013-11-07,2.91,2.88,2.92,2.87,88772,20911129.0,1.71,-1.37,-0.04,0.24,SH601872
1664,2013-11-08,2.86,2.82,2.87,2.8,104827,24240709.0,2.43,-2.08,-0.06,0.28,SH601872
1665,2013-11-11,2.81,2.82,2.85,2.75,109345,24850156.0,3.55,0.0,0.0,0.29,SH601872
1666,2013-11-12,2.8,2.82,2.85,2.8,67287,15487853.0,1.77,0.0,0.0,0.18,SH601872
1667,2013-11-13,2.82,2.86,3.04,2.78,175901,41319321.0,9.22,1.42,0.04,0.47,SH601872
1668,2013-11-14,2.82,2.87,2.88,2.79,98318,22743439.0,3.15,0.35,0.01,0.26,SH601872
1669,2013-11-15,2.87,2.91,2.97,2.86,130888,31227376.0,3.83,1.39,0.04,0.35,SH601872
1670,2013-11-18,2.93,2.97,2.97,2.9,134623,32456913.0,2.41,2.06,0.06,0.36,SH601872
1671,2013-11-19,2.97,2.94,2.98,2.93,98124,23738690.0,1.68,-1.01,-0.03,0.26,SH601872
1672,2013-11-20,2.94,2.98,2.98,2.91,101899,24588015.0,2.38,1.36,0.04,0.27,SH601872
1673,2013-11-21,2.96,2.98,3.04,2.91,218209,53536365.0,4.36,0.0,0.0,0.58,SH601872
1674,2013-11-22,2.98,2.94,2.99,2.93,103108,24958849.0,2.01,-1.34,-0.04,0.27,SH601872
1675,2013-11-25,2.96,2.96,3.0,2.96,139724,34132961.0,1.36,0.68,0.02,0.37,SH601872
1676,2013-11-26,2.96,3.02,3.07,2.93,247480,61359259.0,4.73,2.03,0.06,0.66,SH601872
1677,2013-11-27,3.02,2.99,3.02,2.97,149102,36565291.0,1.66,-0.99,-0.03,0.39,SH601872
1678,2013-11-28,3.0,2.99,3.02,2.97,127476,31355977.0,1.67,0.0,0.0,0.34,SH601872
1679,2013-11-29,3.02,3.03,3.05,3.0,159069,39609550.0,1.67,1.34,0.04,0.42,SH601872
1680,2013-12-02,3.0,2.92,3.02,2.86,216968,52125463.0,5.28,-3.63,-0.11,0.57,SH601872
1681,2013-12-03,2.89,2.96,2.96,2.89,82390,19734656.0,2.4,1.37,0.04,0.22,SH601872
1682,2013-12-04,2.94,3.22,3.22,2.94,387601,100782291.0,9.46,8.78,0.26,1.03,SH601872
1683,2013-12-05,3.27,3.16,3.3,3.11,513289,135598382.0,5.9,-1.86,-0.06,1.36,SH601872
1684,2013-12-06,3.13,3.15,3.22,3.12,207283,54156186.0,3.16,-0.32,-0.01,0.55,SH601872
1685,2013-12-09,3.18,3.14,3.2,3.13,158382,41226718.0,2.22,-0.32,-0.01,0.42,SH601872
1686,2013-12-10,3.13,3.13,3.21,3.12,131803,34348778.0,2.87,-0.32,-0.01,0.35,SH601872
1687,2013-12-11,3.13,3.07,3.15,3.04,128907,32665388.0,3.51,-1.92,-0.06,0.34,SH601872
1688,2013-12-12,3.05,3.08,3.1,3.05,77291,19563416.0,1.63,0.33,0.01,0.2,SH601872
1689,2013-12-13,3.08,3.14,3.25,3.08,186189,48565005.0,5.52,1.95,0.06,0.49,SH601872
1690,2013-12-16,3.1,3.03,3.11,3.0,137610,34581993.0,3.5,-3.5,-0.11,0.36,SH601872
1691,2013-12-17,3.01,3.02,3.05,2.99,56570,14000731.0,1.98,-0.33,-0.01,0.15,SH601872
1692,2013-12-18,3.01,3.0,3.03,2.99,42829,10577973.0,1.32,-0.66,-0.02,0.11,SH601872
1693,2013-12-19,3.01,2.96,3.02,2.93,60610,14760777.0,3.0,-1.33,-0.04,0.16,SH601872
1694,2013-12-20,2.96,2.92,2.98,2.9,61498,14752342.0,2.7,-1.35,-0.04,0.16,SH601872
1695,2013-12-23,2.91,2.9,2.93,2.88,55114,13090889.0,1.71,-0.68,-0.02,0.15,SH601872
1696,2013-12-24,2.91,2.93,2.98,2.9,51750,12426020.0,2.76,1.03,0.03,0.14,SH601872
1697,2013-12-25,2.94,2.94,2.97,2.91,53783,12937771.0,2.05,0.34,0.01,0.14,SH601872
1698,2013-12-26,2.94,2.89,2.96,2.87,73033,17389700.0,3.06,-1.7,-0.05,0.19,SH601872
1699,2013-12-27,2.9,2.94,2.97,2.87,75170,17979219.0,3.46,1.73,0.05,0.2,SH601872
1700,2013-12-30,2.92,2.92,2.96,2.92,43051,10334692.0,1.36,-0.68,-0.02,0.11,SH601872
1701,2013-12-31,2.91,2.96,2.98,2.9,62917,15180705.0,2.74,1.37,0.04,0.17,SH601872
1702,2014-01-02,2.94,2.93,2.97,2.92,44655,10746601.0,1.69,-1.01,-0.03,0.12,SH601872
1703,2014-01-03,2.92,2.9,2.92,2.87,66544,15691677.0,1.71,-1.02,-0.03,0.18,SH601872
1704,2014-01-06,2.9,2.8,2.9,2.8,80617,18601190.0,3.45,-3.45,-0.1,0.21,SH601872
1705,2014-01-07,2.78,2.83,2.87,2.76,39157,9021372.0,3.93,1.07,0.03,0.1,SH601872
1706,2014-01-08,2.82,2.78,2.85,2.76,53230,12154469.0,3.18,-1.77,-0.05,0.14,SH601872
1707,2014-01-09,2.79,2.76,2.8,2.75,61881,13983368.0,1.8,-0.72,-0.02,0.16,SH601872
1708,2014-01-10,2.76,2.74,2.76,2.7,62871,13891980.0,2.17,-0.72,-0.02,0.17,SH601872
1709,2014-01-13,2.72,2.72,2.77,2.71,32996,7308344.0,2.19,-0.73,-0.02,0.09,SH601872
1710,2014-01-14,2.72,2.77,2.77,2.72,35890,8014090.0,1.84,1.84,0.05,0.1,SH601872
1711,2014-01-15,2.77,2.72,2.77,2.7,51880,11489007.0,2.53,-1.81,-0.05,0.14,SH601872
1712,2014-01-16,2.71,2.74,2.76,2.71,32276,7163586.0,1.84,0.74,0.02,0.09,SH601872
1713,2014-01-17,2.74,2.71,2.76,2.71,29073,6452283.0,1.82,-1.09,-0.03,0.08,SH601872
1714,2014-01-20,2.71,2.7,2.74,2.69,29456,6467473.0,1.85,-0.37,-0.01,0.08,SH601872
1715,2014-01-21,2.69,2.72,2.74,2.69,29493,6506741.0,1.85,0.74,0.02,0.08,SH601872
1716,2014-01-22,2.72,2.78,2.78,2.71,46756,10481306.0,2.57,2.21,0.06,0.12,SH601872
1717,2014-01-23,2.77,2.77,2.79,2.76,29706,6691252.0,1.08,-0.36,-0.01,0.08,SH601872
1718,2014-01-24,2.77,2.78,2.8,2.75,57662,13013137.0,1.81,0.36,0.01,0.15,SH601872
1719,2014-01-27,2.77,2.76,2.78,2.72,44778,10022258.0,2.16,-0.72,-0.02,0.12,SH601872
1720,2014-01-28,2.76,2.77,2.78,2.75,31188,6998999.0,1.09,0.36,0.01,0.08,SH601872
1721,2014-01-29,2.78,2.77,2.78,2.75,34453,7735626.0,1.08,0.0,0.0,0.09,SH601872
1722,2014-01-30,2.75,2.74,2.76,2.7,41495,9173902.0,2.17,-1.08,-0.03,0.11,SH601872
1723,2014-02-07,2.71,2.75,2.76,2.71,50947,11309493.0,1.82,0.36,0.01,0.13,SH601872
1724,2014-02-10,2.75,2.83,2.86,2.74,105162,24128767.0,4.36,2.91,0.08,0.28,SH601872
1725,2014-02-11,2.83,2.83,2.88,2.81,72322,16800535.0,2.47,0.0,0.0,0.19,SH601872
1726,2014-02-12,2.83,2.86,2.87,2.81,79712,18480165.0,2.12,1.06,0.03,0.21,SH601872
1727,2014-02-13,2.86,2.85,2.89,2.82,89036,20757805.0,2.45,-0.35,-0.01,0.24,SH601872
1728,2014-02-14,2.85,2.88,2.89,2.83,57795,13536121.0,2.11,1.05,0.03,0.15,SH601872
1729,2014-02-17,2.88,2.88,2.89,2.85,80514,18795861.0,1.39,0.0,0.0,0.21,SH601872
1730,2014-02-18,2.88,2.85,2.88,2.82,73650,17080861.0,2.08,-1.04,-0.03,0.2,SH601872
1731,2014-02-19,2.86,2.89,2.89,2.82,119694,28112788.0,2.46,1.4,0.04,0.32,SH601872
1732,2014-02-20,2.89,2.96,3.08,2.87,232548,56254883.0,7.27,2.42,0.07,0.62,SH601872
1733,2014-02-21,2.96,2.87,2.96,2.86,106197,25093759.0,3.38,-3.04,-0.09,0.28,SH601872
1734,2014-02-24,2.86,2.79,2.86,2.78,88966,20365501.0,2.79,-2.79,-0.08,0.24,SH601872
1735,2014-02-25,2.79,2.75,2.81,2.74,75055,16944821.0,2.51,-1.43,-0.04,0.2,SH601872
1736,2014-02-26,2.75,2.76,2.78,2.74,83487,18666778.0,1.45,0.36,0.01,0.22,SH601872
1737,2014-02-27,2.77,2.75,2.78,2.74,61567,13804931.0,1.45,-0.36,-0.01,0.16,SH601872
1738,2014-02-28,2.75,2.77,2.78,2.72,60962,13630390.0,2.18,0.73,0.02,0.16,SH601872
1739,2014-03-03,2.77,2.8,2.81,2.75,61887,14009762.0,2.17,1.08,0.03,0.16,SH601872
1740,2014-03-04,2.78,2.78,2.8,2.76,47495,10739386.0,1.43,-0.71,-0.02,0.13,SH601872
1741,2014-03-05,2.79,2.78,2.81,2.77,49201,11164227.0,1.44,0.0,0.0,0.13,SH601872
1742,2014-03-06,2.78,2.8,2.81,2.77,60188,13673179.0,1.44,0.72,0.02,0.16,SH601872
1743,2014-03-07,2.79,2.8,2.81,2.78,60780,13840842.0,1.07,0.0,0.0,0.16,SH601872
1744,2014-03-10,2.8,2.71,2.8,2.7,81689,18126815.0,3.57,-3.21,-0.09,0.22,SH601872
1745,2014-03-11,2.71,2.72,2.74,2.7,42428,9348195.0,1.48,0.37,0.01,0.11,SH601872
1746,2014-03-12,2.74,2.72,2.74,2.7,54999,12106121.0,1.47,0.0,0.0,0.15,SH601872
1747,2014-03-13,2.72,2.72,2.75,2.71,32181,7130674.0,1.47,0.0,0.0,0.09,SH601872
1748,2014-03-14,2.72,2.75,2.78,2.71,64182,14363768.0,2.57,1.1,0.03,0.17,SH601872
1749,2014-03-17,2.75,2.76,2.77,2.74,41782,9331401.0,1.09,0.36,0.01,0.11,SH601872
1750,2014-03-18,2.77,2.76,2.78,2.75,27476,6160947.0,1.09,0.0,0.0,0.07,SH601872
1751,2014-03-19,2.75,2.76,2.76,2.72,34475,7669084.0,1.45,0.0,0.0,0.09,SH601872
1752,2014-03-20,2.76,2.74,2.78,2.72,48164,10787905.0,2.17,-0.72,-0.02,0.13,SH601872
1753,2014-03-21,2.72,2.81,2.88,2.72,119413,27304478.0,5.84,2.55,0.07,0.32,SH601872
1754,2014-03-24,2.81,2.9,2.91,2.79,148355,34863646.0,4.27,3.2,0.09,0.39,SH601872
1755,2014-03-25,2.92,2.96,3.02,2.9,220865,53700674.0,4.14,2.07,0.06,0.58,SH601872
1756,2014-03-26,2.97,2.91,2.98,2.88,104795,24942158.0,3.38,-1.69,-0.05,0.28,SH601872
1757,2014-03-27,2.91,2.92,2.94,2.87,89082,21123974.0,2.41,0.34,0.01,0.24,SH601872
1758,2014-03-28,2.92,2.92,3.01,2.9,118309,28641840.0,3.77,0.0,0.0,0.31,SH601872
1759,2014-03-31,2.93,2.88,2.94,2.86,89560,21153491.0,2.74,-1.37,-0.04,0.24,SH601872
1760,2014-04-01,2.88,2.96,2.98,2.86,124636,29906923.0,4.17,2.78,0.08,0.33,SH601872
1761,2014-04-02,2.93,2.98,2.98,2.91,100032,24181089.0,2.36,0.68,0.02,0.26,SH601872
1762,2014-04-03,2.97,2.94,3.0,2.93,82681,20024741.0,2.35,-1.34,-0.04,0.22,SH601872
1763,2014-04-04,2.94,2.96,2.98,2.93,62838,15198798.0,1.7,0.68,0.02,0.17,SH601872
1764,2014-04-08,2.94,2.99,2.99,2.94,90202,21947809.0,1.69,1.01,0.03,0.24,SH601872
1765,2014-04-09,2.99,3.01,3.04,2.99,131462,32530505.0,1.67,0.67,0.02,0.35,SH601872
1766,2014-04-10,3.02,3.07,3.13,3.0,315533,79273141.0,4.32,1.99,0.06,0.84,SH601872
1767,2014-04-11,3.04,3.04,3.07,3.01,135843,33808984.0,1.95,-0.98,-0.03,0.36,SH601872
1768,2014-04-14,3.04,3.02,3.05,3.0,119165,29470335.0,1.64,-0.66,-0.02,0.32,SH601872
1769,2014-04-15,3.02,2.96,3.02,2.96,76393,18723324.0,1.99,-1.99,-0.06,0.2,SH601872
1770,2014-04-16,2.96,2.97,2.98,2.94,71927,17447768.0,1.35,0.34,0.01,0.19,SH601872
1771,2014-04-17,2.98,2.98,2.99,2.96,47719,11632109.0,1.01,0.34,0.01,0.13,SH601872
1772,2014-04-18,2.98,3.02,3.02,2.96,92687,22885491.0,2.01,1.34,0.04,0.25,SH601872
1773,2014-04-21,3.0,2.96,3.03,2.94,64314,15741359.0,2.98,-1.99,-0.06,0.17,SH601872
1774,2014-04-22,2.94,2.94,2.98,2.91,61968,14908687.0,2.36,-0.68,-0.02,0.16,SH601872
1775,2014-04-23,2.94,2.93,2.96,2.91,36601,8757463.0,1.7,-0.34,-0.01,0.1,SH601872
1776,2014-04-24,2.96,2.9,2.96,2.9,35915,8567402.0,2.05,-1.02,-0.03,0.1,SH601872
1777,2014-04-25,2.9,2.88,2.92,2.87,49430,11665232.0,1.72,-0.69,-0.02,0.13,SH601872
1778,2014-04-28,2.87,2.8,2.89,2.8,68754,15828824.0,3.13,-2.78,-0.08,0.18,SH601872
1779,2014-04-29,2.8,2.83,2.86,2.8,36161,8347656.0,2.14,1.07,0.03,0.1,SH601872
1780,2014-04-30,2.85,2.9,2.92,2.82,67931,15986541.0,3.53,2.47,0.07,0.18,SH601872
1781,2014-05-05,2.89,2.92,2.94,2.88,86959,20689779.0,2.07,0.69,0.02,0.23,SH601872
1782,2014-05-06,2.92,2.9,2.96,2.89,66900,15927905.0,2.4,-0.68,-0.02,0.18,SH601872
1783,2014-05-07,2.91,2.86,2.91,2.86,29898,7026119.0,1.72,-1.38,-0.04,0.08,SH601872
1784,2014-05-08,2.86,2.89,2.9,2.85,37159,8738120.0,1.75,1.05,0.03,0.1,SH601872
1785,2014-05-09,2.88,2.88,2.9,2.86,33535,7864808.0,1.38,-0.35,-0.01,0.09,SH601872
1786,2014-05-12,2.9,3.0,3.12,2.87,170929,41889971.0,8.68,4.17,0.12,0.45,SH601872
1787,2014-05-13,2.98,2.94,3.01,2.93,94976,23004527.0,2.67,-2.0,-0.06,0.25,SH601872
1788,2014-05-14,2.93,3.0,3.09,2.92,134896,33423248.0,5.78,2.04,0.06,0.36,SH601872
1789,2014-05-15,2.98,3.02,3.08,2.98,152247,37874216.0,3.33,0.67,0.02,0.4,SH601872
1790,2014-05-16,3.0,3.02,3.04,2.94,99464,24371327.0,3.31,0.0,0.0,0.26,SH601872
1791,2014-05-19,3.02,2.97,3.02,2.94,85166,20645548.0,2.65,-1.66,-0.05,0.23,SH601872
1792,2014-05-20,2.98,2.98,2.99,2.94,51551,12522444.0,1.68,0.34,0.01,0.14,SH601872
1793,2014-05-21,2.97,2.98,3.0,2.94,60337,14703563.0,2.01,0.0,0.0,0.16,SH601872
1794,2014-05-22,2.98,2.93,3.0,2.93,70500,17112515.0,2.35,-1.68,-0.05,0.19,SH601872
1795,2014-05-23,2.94,2.93,2.94,2.91,53250,12722489.0,1.02,0.0,0.0,0.14,SH601872
1796,2014-05-26,2.94,2.96,2.96,2.91,41803,10038088.0,1.71,1.02,0.03,0.11,SH601872
1797,2014-05-27,2.94,2.94,2.97,2.93,27830,6713057.0,1.35,-0.68,-0.02,0.07,SH601872
1798,2014-05-28,2.94,2.99,3.0,2.93,89671,21902952.0,2.38,1.7,0.05,0.24,SH601872
1799,2014-05-29,2.99,2.94,2.99,2.94,45087,10943369.0,1.67,-1.67,-0.05,0.12,SH601872
1800,2014-05-30,2.96,2.94,2.97,2.93,30617,7373346.0,1.36,0.0,0.0,0.08,SH601872
1801,2014-06-03,2.94,2.94,2.97,2.93,26949,6498814.0,1.36,0.0,0.0,0.07,SH601872
1802,2014-06-04,2.93,2.9,2.96,2.89,42118,10010665.0,2.38,-1.36,-0.04,0.11,SH601872
1803,2014-06-05,2.9,2.92,2.92,2.88,25040,5939659.0,1.38,0.69,0.02,0.07,SH601872
1804,2014-06-06,2.92,2.9,2.92,2.89,27900,6612080.0,1.03,-0.68,-0.02,0.07,SH601872
1805,2014-06-09,2.89,2.89,2.91,2.88,37364,8833345.0,1.03,-0.34,-0.01,0.1,SH601872
1806,2014-06-10,2.89,2.91,2.93,2.89,32848,7819203.0,1.38,0.69,0.02,0.09,SH601872
1807,2014-06-11,2.92,2.92,2.94,2.91,45808,11003622.0,1.03,0.34,0.01,0.12,SH601872
1808,2014-06-12,2.92,2.94,2.97,2.92,47007,11334467.0,1.71,0.68,0.02,0.12,SH601872
1809,2014-06-13,2.94,2.93,2.96,2.92,44322,10639385.0,1.36,-0.34,-0.01,0.12,SH601872
1810,2014-06-16,2.93,2.91,2.93,2.9,58632,13965216.0,1.02,-0.68,-0.02,0.16,SH601872
1811,2014-06-17,2.91,2.91,2.92,2.9,28103,6682100.0,0.69,0.0,0.0,0.07,SH601872
1812,2014-06-18,2.91,2.87,2.91,2.85,72350,16959729.0,2.06,-1.37,-0.04,0.19,SH601872
1813,2014-06-19,2.87,2.81,2.87,2.81,56991,13174474.0,2.09,-2.09,-0.06,0.15,SH601872
1814,2014-06-20,2.82,2.85,2.85,2.8,52799,12098952.0,1.78,1.42,0.04,0.14,SH601872
1815,2014-06-23,2.85,2.83,2.85,2.81,35501,8182197.0,1.4,-0.7,-0.02,0.09,SH601872
1816,2014-06-24,2.83,2.82,2.83,2.8,45125,10348446.0,1.06,-0.35,-0.01,0.12,SH601872
1817,2014-06-25,2.82,2.8,2.82,2.78,41986,9569254.0,1.42,-0.71,-0.02,0.11,SH601872
1818,2014-06-26,2.8,2.81,2.82,2.8,30054,6889104.0,0.71,0.36,0.01,0.08,SH601872
1819,2014-06-27,2.81,2.85,2.88,2.8,55910,12961399.0,2.85,1.42,0.04,0.15,SH601872
1820,2014-06-30,2.85,2.87,2.87,2.83,63543,14784987.0,1.4,0.7,0.02,0.17,SH601872
1821,2014-07-01,2.86,2.87,2.88,2.83,47106,10955894.0,1.74,0.0,0.0,0.12,SH601872
1822,2014-07-02,2.87,2.9,2.91,2.85,95511,22454721.0,2.09,1.05,0.03,0.25,SH601872
1823,2014-07-03,2.89,3.05,3.16,2.88,497400,125362543.0,9.66,5.17,0.15,1.32,SH601872
1824,2014-07-04,3.04,2.97,3.04,2.94,226196,55161017.0,3.28,-2.62,-0.08,0.6,SH601872
1825,2014-07-07,2.94,2.96,2.98,2.93,88424,21349874.0,1.68,-0.34,-0.01,0.23,SH601872
1826,2014-07-08,2.96,2.97,2.97,2.92,50445,12160648.0,1.69,0.34,0.01,0.13,SH601872
1827,2014-07-09,2.96,2.94,2.98,2.93,78266,18923774.0,1.68,-1.01,-0.03,0.21,SH601872
1828,2014-07-10,2.96,3.01,3.07,2.94,240059,59450929.0,4.42,2.38,0.07,0.64,SH601872
1829,2014-07-11,3.02,3.11,3.2,3.01,255474,65200171.0,6.31,3.32,0.1,0.68,SH601872
1830,2014-07-14,3.09,3.08,3.09,3.04,145287,36639371.0,1.61,-0.96,-0.03,0.38,SH601872
1831,2014-07-15,3.07,3.1,3.13,3.05,119338,30536656.0,2.6,0.65,0.02,0.32,SH601872
1832,2014-07-16,3.11,3.14,3.29,3.08,251878,66113962.0,6.77,1.29,0.04,0.67,SH601872
1833,2014-07-17,3.14,3.12,3.21,3.08,191831,49621635.0,4.14,-0.64,-0.02,0.51,SH601872
1834,2014-07-18,3.1,3.09,3.12,3.07,82146,20927485.0,1.6,-0.96,-0.03,0.22,SH601872
1835,2014-07-21,3.08,3.13,3.15,3.07,104694,26829931.0,2.59,1.29,0.04,0.28,SH601872
1836,2014-07-22,3.13,3.14,3.18,3.11,94448,24417919.0,2.24,0.32,0.01,0.25,SH601872
1837,2014-07-23,3.14,3.08,3.14,3.07,97339,24848608.0,2.23,-1.91,-0.06,0.26,SH601872
1838,2014-07-24,3.08,3.13,3.15,3.08,129200,33216080.0,2.27,1.62,0.05,0.34,SH601872
1839,2014-07-25,3.12,3.14,3.16,3.12,80317,20828567.0,1.28,0.32,0.01,0.21,SH601872
1840,2014-07-28,3.15,3.19,3.22,3.15,146066,38520617.0,2.23,1.59,0.05,0.39,SH601872
1841,2014-07-29,3.2,3.16,3.21,3.14,144352,37888977.0,2.19,-0.94,-0.03,0.38,SH601872
1842,2014-07-30,3.16,3.15,3.2,3.14,91569,23922993.0,1.9,-0.32,-0.01,0.24,SH601872
1843,2014-07-31,3.15,3.18,3.18,3.12,154550,40074726.0,1.9,0.95,0.03,0.41,SH601872
1844,2014-08-01,3.16,3.13,3.21,3.12,156842,41009527.0,2.83,-1.57,-0.05,0.42,SH601872
1845,2014-08-04,3.13,3.18,3.18,3.12,186671,48340664.0,1.92,1.6,0.05,0.49,SH601872
1846,2014-08-05,3.18,3.2,3.21,3.14,190617,50020024.0,2.2,0.63,0.02,0.5,SH601872
1847,2014-08-06,3.2,3.26,3.29,3.16,292156,78362919.0,4.06,1.88,0.06,0.77,SH601872
1848,2014-08-07,3.26,3.26,3.36,3.24,328500,89836252.0,3.68,0.0,0.0,0.87,SH601872
1849,2014-08-08,3.25,3.38,3.4,3.24,436800,121337162.0,4.91,3.68,0.12,1.16,SH601872
1850,2014-08-11,3.37,3.42,3.46,3.33,300248,85266163.0,3.85,1.18,0.04,0.79,SH601872
1851,2014-08-12,3.41,3.42,3.43,3.36,117277,32998737.0,2.05,0.0,0.0,0.31,SH601872
1852,2014-08-13,3.45,3.47,3.51,3.42,218973,62888419.0,2.63,1.46,0.05,0.58,SH601872
1853,2014-08-14,3.45,3.48,3.63,3.41,364394,107662784.0,6.34,0.29,0.01,0.96,SH601872
1854,2014-08-15,3.47,3.46,3.54,3.43,178293,51650811.0,3.16,-0.57,-0.02,0.47,SH601872
1855,2014-08-18,3.47,3.56,3.62,3.46,215476,63785416.0,4.62,2.89,0.1,0.57,SH601872
1856,2014-08-19,3.55,3.54,3.55,3.49,113691,33408841.0,1.69,-0.56,-0.02,0.3,SH601872
1857,2014-08-20,3.55,3.59,3.66,3.51,245190,73901378.0,4.24,1.41,0.05,0.65,SH601872
1858,2014-08-21,3.63,3.59,3.63,3.54,94572,28147464.0,2.51,0.0,0.0,0.25,SH601872
1859,2014-08-22,3.57,3.64,3.67,3.54,166577,50106925.0,3.62,1.39,0.05,0.44,SH601872
1860,2014-08-25,3.64,3.56,3.64,3.56,142292,42575238.0,2.2,-2.2,-0.08,0.38,SH601872
1861,2014-08-26,3.54,3.46,3.57,3.42,198014,57351443.0,4.21,-2.81,-0.1,0.52,SH601872
1862,2014-08-27,3.42,3.44,3.47,3.42,70012,20071227.0,1.45,-0.58,-0.02,0.19,SH601872
1863,2014-08-28,3.45,3.44,3.46,3.43,71281,20439790.0,0.87,0.0,0.0,0.19,SH601872
1864,2014-08-29,3.45,3.53,3.54,3.45,118041,34467997.0,2.62,2.62,0.09,0.31,SH601872
1865,2014-09-01,3.54,3.55,3.56,3.51,79764,23546998.0,1.42,0.57,0.02,0.21,SH601872
1866,2014-09-02,3.56,3.62,3.64,3.55,193705,58170499.0,2.54,1.97,0.07,0.51,SH601872
1867,2014-09-03,3.64,3.68,3.79,3.62,317904,98514996.0,4.7,1.66,0.06,0.84,SH601872
1868,2014-09-04,3.69,3.7,3.73,3.66,159648,49347842.0,1.9,0.54,0.02,0.42,SH601872
1869,2014-09-05,3.7,3.77,3.81,3.66,246154,76980278.0,4.05,1.89,0.07,0.65,SH601872
1870,2014-09-09,3.79,3.75,3.8,3.74,130929,41243537.0,1.59,-0.53,-0.02,0.35,SH601872
1871,2014-09-10,3.73,3.78,3.89,3.73,184489,58765109.0,4.27,0.8,0.03,0.49,SH601872
1872,2014-09-11,3.76,3.74,3.79,3.71,165711,52151457.0,2.12,-1.06,-0.04,0.44,SH601872
1873,2014-09-12,3.73,3.8,3.8,3.7,158344,49879201.0,2.67,1.6,0.06,0.42,SH601872
1874,2014-09-15,3.81,3.85,3.87,3.78,143426,45860548.0,2.37,1.32,0.05,0.38,SH601872
1875,2014-09-16,3.86,3.89,4.09,3.84,424795,141690955.0,6.49,1.04,0.04,1.12,SH601872
1876,2014-09-17,3.87,3.9,3.91,3.79,208415,67578054.0,3.08,0.26,0.01,0.55,SH601872
1877,2014-09-18,3.91,4.0,4.03,3.88,192278,64501314.0,3.85,2.56,0.1,0.51,SH601872
1878,2014-09-19,4.0,3.97,4.02,3.92,115842,38641833.0,2.5,-0.75,-0.03,0.31,SH601872
1879,2014-09-22,3.93,3.85,3.93,3.84,153617,50059249.0,2.27,-3.02,-0.12,0.41,SH601872
1880,2014-09-23,3.86,3.85,3.88,3.77,208977,66817437.0,2.86,0.0,0.0,0.55,SH601872
1881,2014-09-24,3.81,3.9,3.91,3.8,141638,46142170.0,2.86,1.3,0.05,0.38,SH601872
1882,2014-09-25,3.88,3.98,4.03,3.88,218710,73215638.0,3.85,2.05,0.08,0.58,SH601872
1883,2014-09-26,3.98,3.9,3.98,3.87,173006,56906380.0,2.76,-2.01,-0.08,0.46,SH601872
1884,2014-09-29,3.97,3.96,4.06,3.95,179148,60018648.0,2.82,1.54,0.06,0.47,SH601872
1885,2014-09-30,3.96,3.98,4.0,3.93,151582,50623113.0,1.77,0.51,0.02,0.4,SH601872
1886,2014-10-08,3.99,4.02,4.03,3.95,163200,54924332.0,2.01,1.01,0.04,0.43,SH601872
1887,2014-10-09,4.02,4.02,4.04,3.98,151920,51318143.0,1.49,0.0,0.0,0.4,SH601872
1888,2014-10-10,4.01,4.15,4.19,3.99,400374,138524961.0,4.98,3.23,0.13,1.06,SH601872
1889,2014-10-13,4.14,4.08,4.14,4.01,301100,102999401.0,3.13,-1.69,-0.07,0.8,SH601872
1890,2014-10-14,4.02,4.14,4.25,4.01,361033,126968247.0,5.88,1.47,0.06,0.96,SH601872
1891,2014-10-15,4.11,4.25,4.25,4.09,351364,125030215.0,3.86,2.66,0.11,0.93,SH601872
1892,2014-10-16,4.23,4.12,4.25,4.11,262943,93106803.0,3.29,-3.06,-0.13,0.7,SH601872
1893,2014-10-17,4.1,4.28,4.3,4.07,514106,183351580.0,5.58,3.88,0.16,1.36,SH601872
1894,2014-10-20,4.25,4.26,4.35,4.22,288275,104091379.0,3.04,-0.47,-0.02,0.76,SH601872
1895,2014-10-21,4.25,4.12,4.26,4.12,299060,105596041.0,3.29,-3.29,-0.14,0.79,SH601872
1896,2014-10-22,4.14,4.01,4.15,4.0,231855,79865075.0,3.64,-2.67,-0.11,0.61,SH601872
1897,2014-10-23,4.0,3.89,4.06,3.86,251905,83583945.0,4.99,-2.99,-0.12,0.67,SH601872
1898,2014-10-24,3.89,3.9,3.93,3.85,160951,52816204.0,2.06,0.26,0.01,0.43,SH601872
1899,2014-10-27,3.89,3.97,3.98,3.85,142232,46929118.0,3.33,1.79,0.07,0.38,SH601872
1900,2014-10-28,3.97,4.1,4.11,3.97,182832,62616352.0,3.53,3.27,0.13,0.48,SH601872
1901,2014-10-29,4.15,4.32,4.42,4.1,562545,203469702.0,7.8,5.37,0.22,1.49,SH601872
1902,2014-10-30,4.42,4.58,4.73,4.32,1046360,407196432.0,9.49,6.02,0.26,2.77,SH601872
1903,2014-10-31,4.51,4.58,4.64,4.44,586245,226028338.0,4.37,0.0,0.0,1.55,SH601872
1904,2014-11-03,4.66,4.88,4.95,4.66,866360,356594704.0,6.33,6.55,0.3,2.29,SH601872
1905,2014-11-18,4.91,4.96,5.34,4.67,1006765,437021008.0,13.73,1.64,0.08,2.67,SH601872
1906,2014-11-19,4.91,4.72,4.92,4.69,631869,257800698.0,4.64,-4.84,-0.24,1.67,SH601872
1907,2014-11-20,4.65,4.67,4.76,4.61,273605,109062733.0,3.18,-1.06,-0.05,0.72,SH601872
1908,2014-11-21,4.68,4.75,4.75,4.59,321271,128070712.0,3.43,1.71,0.08,0.85,SH601872
1909,2014-11-24,4.78,4.8,4.91,4.7,480075,196704821.0,4.42,1.05,0.05,1.27,SH601872
1910,2014-11-25,4.78,4.86,4.95,4.77,362738,150645142.0,3.75,1.25,0.06,0.96,SH601872
1911,2014-11-26,4.84,4.79,4.87,4.74,337002,137871487.0,2.67,-1.44,-0.07,0.89,SH601872
1912,2014-11-27,4.79,4.78,4.84,4.74,273870,111398082.0,2.09,-0.21,-0.01,0.73,SH601872
1913,2014-11-28,4.94,5.11,5.19,4.94,893796,389598768.0,5.23,6.9,0.33,2.37,SH601872
1914,2014-12-01,5.18,5.32,5.45,5.11,895817,407222032.0,6.65,4.11,0.21,2.37,SH601872
1915,2014-12-02,5.14,5.29,5.35,5.05,698337,310113024.0,5.64,-0.56,-0.03,1.85,SH601872
1916,2014-12-03,5.25,5.12,5.28,5.08,695726,307788400.0,3.78,-3.21,-0.17,1.84,SH601872
1917,2014-12-04,5.1,5.19,5.28,5.03,509118,225261383.0,4.88,1.37,0.07,1.35,SH601872
1918,2014-12-05,5.12,4.96,5.19,4.78,700940,299022752.0,7.9,-4.43,-0.23,1.86,SH601872
1919,2014-12-08,4.92,5.09,5.11,4.83,526517,227194446.0,5.65,2.62,0.13,1.39,SH601872
1920,2014-12-09,5.09,5.16,5.38,5.09,1133749,509536752.0,5.7,1.38,0.07,3.0,SH601872
1921,2014-12-10,5.09,5.28,5.29,4.95,525000,230614629.0,6.59,2.33,0.12,1.39,SH601872
1922,2014-12-11,5.36,5.77,5.77,5.33,1504596,730277744.0,8.33,9.28,0.49,3.98,SH601872
1923,2014-12-12,5.82,5.6,5.9,5.56,879099,427443600.0,5.89,-2.95,-0.17,2.33,SH601872
1924,2014-12-15,5.69,5.66,5.74,5.46,641860,310770496.0,5.0,1.07,0.06,1.7,SH601872
1925,2014-12-16,5.72,5.86,5.95,5.72,736293,371173232.0,4.06,3.53,0.2,1.95,SH601872
1926,2014-12-17,5.96,6.42,6.42,5.94,1169111,634431984.0,8.19,9.56,0.56,3.1,SH601872
1927,2014-12-18,6.56,7.04,7.04,6.52,987988,586145552.0,8.1,9.66,0.62,2.62,SH601872
1928,2014-12-19,7.71,7.71,7.71,7.71,323082,217757046.0,0.0,9.52,0.67,0.86,SH601872
1929,2014-12-22,8.44,7.37,8.44,7.29,3127214,2148516816.0,14.92,-4.41,-0.34,8.28,SH601872
1930,2014-12-23,7.55,7.0,7.67,6.95,1703482,1076009040.0,9.77,-5.02,-0.37,4.51,SH601872
1931,2014-12-24,6.9,6.9,7.18,6.81,1246561,758323872.0,5.29,-1.43,-0.1,3.3,SH601872
1932,2014-12-25,6.94,7.39,7.49,6.72,1558272,964416416.0,11.16,7.1,0.49,4.13,SH601872
1933,2014-12-26,7.22,7.32,7.58,7.09,1619420,1035783760.0,6.63,-0.95,-0.07,4.29,SH601872
1934,2014-12-29,7.4,7.5,7.83,7.21,1465111,966835808.0,8.47,2.46,0.18,3.88,SH601872
1935,2014-12-30,7.65,7.14,7.74,7.06,1136846,728193920.0,9.07,-4.8,-0.36,3.01,SH601872
1936,2014-12-31,7.06,7.21,7.28,6.94,809288,500458064.0,4.76,0.98,0.07,2.14,SH601872
1937,2015-01-05,7.22,7.54,7.55,7.18,1146261,740882720.0,5.13,4.58,0.33,3.04,SH601872
1938,2015-01-06,7.88,8.27,8.27,7.82,1004619,713640336.0,5.97,9.68,0.73,2.66,SH601872
1939,2015-01-07,8.53,7.97,8.65,7.86,1933811,1382084448.0,9.55,-3.63,-0.3,5.12,SH601872
1940,2015-01-08,7.92,7.59,8.15,7.53,1539671,1048779088.0,7.78,-4.77,-0.38,4.08,SH601872
1941,2015-01-09,7.42,7.41,7.69,7.2,1326212,857457872.0,6.46,-2.37,-0.18,3.51,SH601872
1942,2015-01-12,7.27,7.25,7.36,7.06,771196,483163392.0,4.05,-2.16,-0.16,2.04,SH601872
1943,2015-01-13,7.47,7.26,7.59,7.22,828477,533975168.0,5.1,0.14,0.01,2.19,SH601872
1944,2015-01-14,7.14,7.03,7.25,6.89,840437,513377616.0,4.96,-3.17,-0.23,2.23,SH601872
1945,2015-01-15,6.93,7.22,7.22,6.89,681113,419105344.0,4.69,2.7,0.19,1.8,SH601872
1946,2015-01-16,7.3,7.16,7.34,7.05,627630,391775168.0,4.02,-0.83,-0.06,1.66,SH601872
1947,2015-01-19,6.73,6.48,6.84,6.48,813119,467346976.0,5.03,-9.5,-0.68,2.15,SH601872
1948,2015-01-20,6.41,6.54,6.68,6.4,886382,502034416.0,4.32,0.93,0.06,2.35,SH601872
1949,2015-01-21,6.65,6.84,6.99,6.56,1074979,631394000.0,6.57,4.59,0.3,2.85,SH601872
1950,2015-01-22,6.77,6.84,6.84,6.67,679382,399267328.0,2.49,0.0,0.0,1.8,SH601872
1951,2015-01-23,6.86,6.81,7.03,6.68,758798,454596832.0,5.12,-0.44,-0.03,2.01,SH601872
1952,2015-01-26,6.78,6.9,6.94,6.63,618574,364734176.0,4.55,1.32,0.09,1.64,SH601872
1953,2015-01-27,6.88,6.83,6.9,6.71,502864,297875408.0,2.75,-1.01,-0.07,1.33,SH601872
1954,2015-01-28,6.77,6.67,6.78,6.65,470848,274393568.0,1.9,-2.34,-0.16,1.25,SH601872
1955,2015-01-29,6.57,6.75,6.81,6.54,466944,273835952.0,4.05,1.2,0.08,1.24,SH601872
1956,2015-01-30,6.77,6.62,6.81,6.59,325022,188574093.0,3.26,-1.93,-0.13,0.86,SH601872
1957,2015-02-02,6.49,6.68,6.85,6.27,771182,441140224.0,8.76,0.91,0.06,2.04,SH601872
1958,2015-02-03,6.59,6.71,6.73,6.56,338802,195391804.0,2.54,0.45,0.03,0.9,SH601872
1959,2015-02-04,6.76,6.6,6.89,6.53,591536,347601424.0,5.37,-1.64,-0.11,1.57,SH601872
1960,2015-02-05,6.67,6.74,6.87,6.51,1043112,611393712.0,5.45,2.12,0.14,2.76,SH601872
1961,2015-02-06,6.62,6.32,6.66,6.23,680699,379053344.0,6.38,-6.23,-0.42,1.8,SH601872
1962,2015-02-09,6.24,6.0,6.27,5.91,561685,293458176.0,5.7,-5.06,-0.32,1.49,SH601872
1963,2015-02-10,5.97,6.11,6.18,5.97,328973,173379054.0,3.5,1.83,0.11,0.87,SH601872
1964,2015-02-11,6.23,6.16,6.33,6.1,280613,149652646.0,3.76,0.82,0.05,0.74,SH601872
1965,2015-02-12,6.12,6.12,6.17,5.99,349318,183699706.0,2.92,-0.65,-0.04,0.92,SH601872
1966,2015-02-13,6.12,6.21,6.33,6.09,444912,239788144.0,3.92,1.47,0.09,1.18,SH601872
1967,2015-02-16,6.18,6.23,6.3,6.12,291932,157025975.0,2.9,0.32,0.02,0.77,SH601872
1968,2015-02-17,6.27,6.49,6.56,6.23,691523,383551088.0,5.3,4.17,0.26,1.83,SH601872
1969,2015-02-25,6.49,6.39,6.49,6.35,309903,172354550.0,2.16,-1.54,-0.1,0.82,SH601872
1970,2015-02-26,6.39,6.72,6.73,6.32,720155,410633536.0,6.42,5.16,0.33,1.91,SH601872
1971,2015-02-27,6.73,6.65,6.75,6.62,401582,232690634.0,1.93,-1.04,-0.07,1.06,SH601872
1972,2015-03-02,6.67,6.67,6.71,6.54,411686,236958328.0,2.56,0.3,0.02,1.09,SH601872
1973,2015-03-03,6.66,6.65,6.82,6.49,776705,451985840.0,4.95,-0.3,-0.02,2.06,SH601872
1974,2015-03-04,6.56,6.62,6.68,6.51,412285,236166887.0,2.56,-0.45,-0.03,1.09,SH601872
1975,2015-03-05,6.57,6.43,6.6,6.35,464370,260937737.0,3.78,-2.87,-0.19,1.23,SH601872
1976,2015-03-06,6.42,6.57,6.76,6.34,569996,327618672.0,6.53,2.18,0.14,1.51,SH601872
1977,2015-03-09,6.57,6.68,6.71,6.38,643477,369631936.0,5.02,1.67,0.11,1.36,SH601872
1978,2015-03-10,6.64,6.7,6.79,6.62,589430,343900864.0,2.54,0.3,0.02,1.25,SH601872
1979,2015-03-11,6.72,6.9,6.98,6.67,1042579,621831648.0,4.63,2.99,0.2,2.21,SH601872
1980,2015-03-12,6.87,6.81,6.88,6.7,641313,378352544.0,2.61,-1.3,-0.09,1.36,SH601872
1981,2015-03-13,6.81,7.04,7.19,6.81,957178,585474944.0,5.58,3.38,0.23,2.03,SH601872
1982,2015-03-16,7.23,7.17,7.33,7.08,901942,563956848.0,3.55,1.85,0.13,1.91,SH601872
1983,2015-03-17,7.2,7.86,7.86,7.11,1147003,770724928.0,10.46,9.62,0.69,2.43,SH601872
1984,2015-03-18,8.31,8.17,8.58,8.1,3224484,2338980400.0,6.11,3.94,0.31,6.83,SH601872
1985,2015-03-19,7.99,7.92,8.06,7.77,1705699,1180767328.0,3.55,-3.06,-0.25,3.61,SH601872
1986,2015-03-20,7.92,7.91,8.09,7.75,1340085,925215952.0,4.29,-0.13,-0.01,2.84,SH601872
1987,2015-03-23,7.87,7.97,8.09,7.8,1274598,886146864.0,3.67,0.76,0.06,2.7,SH601872
1988,2015-03-24,7.97,7.95,8.05,7.55,1470402,1011909472.0,6.27,-0.25,-0.02,3.11,SH601872
1989,2015-03-25,7.94,7.84,7.94,7.7,918587,627294000.0,3.02,-1.38,-0.11,1.95,SH601872
1990,2015-03-26,7.76,7.82,7.98,7.61,923415,629472432.0,4.72,-0.26,-0.02,1.96,SH601872
1991,2015-03-27,7.77,7.77,7.87,7.71,561004,382469696.0,2.05,-0.64,-0.05,1.19,SH601872
1992,2015-03-30,7.89,8.0,8.1,7.84,1312016,918479648.0,3.35,2.96,0.23,2.78,SH601872
1993,2015-03-31,8.03,7.75,8.15,7.66,1040004,718464912.0,6.13,-3.13,-0.25,2.2,SH601872
1994,2015-04-01,7.73,7.83,7.91,7.72,698460,476892960.0,2.45,1.03,0.08,1.48,SH601872
1995,2015-04-02,7.77,7.85,7.92,7.77,687336,470826688.0,1.92,0.26,0.02,1.46,SH601872
1996,2015-04-03,8.02,8.08,8.2,7.86,1447703,1022342736.0,4.33,2.93,0.23,3.07,SH601872
1997,2015-04-07,8.1,8.52,8.65,7.98,2141936,1561662144.0,8.29,5.45,0.44,4.54,SH601872
1998,2015-04-08,8.46,8.46,8.6,8.24,1646891,1215010592.0,4.23,-0.7,-0.06,3.49,SH601872
1999,2015-04-09,8.46,8.98,9.07,8.25,2377380,1810016064.0,9.69,6.15,0.52,5.04,SH601872
2000,2015-04-10,8.81,9.25,9.79,8.69,2248698,1823486288.0,12.25,3.01,0.27,4.76,SH601872
2001,2015-04-13,9.27,9.28,9.35,9.06,1321345,1069150304.0,3.14,0.32,0.03,2.8,SH601872
2002,2015-04-14,9.27,9.13,9.52,8.99,1383104,1118470800.0,5.71,-1.62,-0.15,2.93,SH601872
2003,2015-04-15,9.09,9.07,9.52,8.77,1645076,1322745232.0,8.21,-0.66,-0.06,3.48,SH601872
2004,2015-04-16,8.84,9.09,9.39,8.72,1154339,920578080.0,7.39,0.22,0.02,2.45,SH601872
2005,2015-04-17,9.31,9.97,9.97,9.29,3002766,2616714352.0,7.48,9.68,0.88,6.36,SH601872
2006,2015-04-20,9.97,10.46,10.9,9.76,4116139,3801748016.0,11.43,4.91,0.49,8.72,SH601872
2007,2015-04-21,10.47,10.2,11.16,9.86,2456034,2243432384.0,12.43,-2.49,-0.26,5.2,SH601872
2008,2015-04-22,10.03,10.29,10.73,9.86,2310354,2102137856.0,8.53,0.88,0.09,4.89,SH601872
2009,2015-04-23,10.39,10.11,10.46,10.02,1389942,1248036448.0,4.28,-1.75,-0.18,2.94,SH601872
2010,2015-04-24,9.97,10.36,10.69,9.87,2213033,2036230544.0,8.11,2.47,0.25,4.69,SH601872
2011,2015-04-27,10.53,11.37,11.37,10.41,3502382,3429492304.0,9.27,9.75,1.01,7.42,SH601872
2012,2015-04-28,11.37,12.48,12.48,11.07,3972008,4238749424.0,12.4,9.76,1.11,8.41,SH601872
2013,2015-04-29,12.57,11.73,12.89,11.26,3212271,3398709888.0,13.06,-6.01,-0.75,6.8,SH601872
2014,2015-04-30,11.55,11.59,12.12,11.24,2136941,2190586256.0,7.5,-1.19,-0.14,4.53,SH601872
2015,2015-05-04,11.3,11.32,11.77,11.07,1615837,1623239344.0,6.04,-2.33,-0.27,3.42,SH601872
2016,2015-05-05,11.32,10.75,11.61,10.64,1636331,1634425696.0,8.57,-5.04,-0.57,3.47,SH601872
2017,2015-05-06,10.74,10.17,10.91,9.76,1693137,1544786672.0,10.7,-5.4,-0.58,3.59,SH601872
2018,2015-05-07,10.01,9.52,10.02,9.42,1262584,1075368304.0,5.9,-6.39,-0.65,2.67,SH601872
2019,2015-05-08,9.6,9.73,9.76,9.43,1114379,944708592.0,3.47,2.21,0.21,2.36,SH601872
2020,2015-05-11,9.91,10.01,10.05,9.54,1311500,1136049312.0,5.24,2.88,0.28,2.78,SH601872
2021,2015-05-12,10.0,10.68,10.74,9.85,1743458,1578935072.0,8.89,6.69,0.67,3.69,SH601872
2022,2015-05-13,10.62,10.29,10.63,10.09,1318686,1210063088.0,5.06,-3.65,-0.39,2.79,SH601872
2023,2015-05-14,10.29,10.12,10.39,10.01,931085,833781424.0,3.69,-1.65,-0.17,1.97,SH601872
2024,2015-05-15,10.09,9.78,10.09,9.64,869532,753686704.0,4.45,-3.36,-0.34,1.84,SH601872
2025,2015-05-18,9.67,9.86,10.18,9.57,882846,773717728.0,6.24,0.82,0.08,1.87,SH601872
2026,2015-05-19,9.8,10.16,10.18,9.73,914352,811761232.0,4.56,3.04,0.3,1.94,SH601872
2027,2015-05-20,10.47,10.59,10.96,10.22,1812465,1693795520.0,7.28,4.23,0.43,3.84,SH601872
2028,2015-05-21,10.94,11.62,11.62,10.74,1688143,1700025024.0,8.31,9.73,1.03,3.58,SH601872
2029,2015-05-22,12.39,11.37,12.45,11.29,3152157,3275440528.0,9.98,-2.15,-0.25,6.68,SH601872
2030,2015-05-25,11.22,11.54,11.62,10.9,1935012,1952238272.0,6.33,1.5,0.17,4.1,SH601872
2031,2015-05-26,11.55,11.5,11.65,11.16,1765543,1782983264.0,4.25,-0.35,-0.04,3.74,SH601872
2032,2015-05-27,11.51,11.21,11.57,11.14,1608350,1601136656.0,3.74,-2.52,-0.29,3.41,SH601872
2033,2015-05-28,11.21,10.71,11.47,10.66,1938125,1923414384.0,7.23,-4.46,-0.5,4.11,SH601872
2034,2015-05-29,10.63,10.25,10.85,9.79,1421662,1294427104.0,9.9,-4.3,-0.46,3.01,SH601872
2035,2015-06-01,10.25,10.78,10.79,10.23,1050029,976200544.0,5.46,5.17,0.53,2.22,SH601872
2036,2015-06-02,10.8,10.9,11.0,10.5,1151958,1096493312.0,4.64,1.11,0.12,2.44,SH601872
2037,2015-06-03,11.04,10.8,11.05,10.56,1090043,1044721936.0,4.5,-0.92,-0.1,2.31,SH601872
2038,2015-06-04,10.74,10.69,10.74,9.89,1041985,960239888.0,7.87,-1.02,-0.11,2.21,SH601872
2039,2015-06-05,10.77,11.13,11.18,10.71,1495118,1451453248.0,4.4,4.12,0.44,3.17,SH601872
2040,2015-06-08,11.18,11.66,12.06,11.13,2550117,2620953360.0,8.36,4.76,0.53,5.4,SH601872
2041,2015-06-09,11.46,11.25,11.55,11.11,1459450,1458779616.0,3.77,-3.52,-0.41,3.09,SH601872
2042,2015-06-10,11.16,11.21,11.33,10.86,1059449,1048119808.0,4.18,-0.36,-0.04,2.24,SH601872
2043,2015-06-11,11.21,11.41,11.58,11.1,1205877,1212265200.0,4.28,1.78,0.2,2.55,SH601872
2044,2015-06-12,11.51,11.74,11.86,11.25,2369807,2437690080.0,5.35,2.89,0.33,5.02,SH601872
2045,2015-06-15,11.85,12.02,12.62,11.69,2772616,2991396128.0,7.92,2.39,0.28,5.87,SH601872
2046,2015-06-16,11.69,11.19,11.8,11.1,1497916,1508872080.0,5.82,-6.91,-0.83,3.17,SH601872
2047,2015-06-17,11.11,11.52,11.59,10.53,1202861,1179561600.0,9.47,2.95,0.33,2.55,SH601872
2048,2015-06-18,11.56,11.37,12.07,11.29,1691881,1760619920.0,6.77,-1.3,-0.15,3.58,SH601872
2049,2015-06-19,10.85,10.26,11.14,10.26,1087481,1035340240.0,7.74,-9.76,-1.11,2.3,SH601872
2050,2015-06-23,10.26,10.72,10.81,9.33,1040799,938768976.0,14.42,4.48,0.46,2.2,SH601872
2051,2015-06-24,10.79,11.4,11.42,10.74,1499640,1468653536.0,6.34,6.34,0.68,3.18,SH601872
2052,2015-06-25,11.62,12.26,12.51,11.42,4254733,4632441856.0,9.56,7.54,0.86,9.01,SH601872
2053,2015-06-26,11.53,11.49,12.52,11.07,4092073,4301298432.0,11.83,-6.28,-0.77,8.67,SH601872
2054,2015-06-29,11.76,12.62,12.62,11.51,5275790,5755759872.0,9.66,9.83,1.13,11.18,SH601872
2055,2015-06-30,12.9,13.51,13.85,11.38,6039788,6704482304.0,19.57,7.05,0.89,12.79,SH601872
2056,2015-07-01,12.68,13.03,14.38,12.63,4673969,5555007744.0,12.95,-3.55,-0.48,9.9,SH601872
2057,2015-07-02,13.08,11.76,13.27,11.76,2807458,3069519632.0,11.59,-9.75,-1.27,5.95,SH601872
2058,2015-07-03,10.61,10.61,11.25,10.61,1431506,1353386752.0,5.44,-9.78,-1.15,3.03,SH601872
2059,2015-07-06,11.52,9.58,11.52,9.58,2111591,1910559968.0,18.28,-9.71,-1.03,4.47,SH601872
2060,2015-07-07,8.66,8.66,8.66,8.66,233518,177240162.0,0.0,-9.6,-0.92,0.49,SH601872
2061,2015-07-08,7.82,7.82,7.82,7.82,52718,36006394.0,0.0,-9.7,-0.84,0.11,SH601872
2062,2015-07-09,7.07,8.57,8.57,7.07,3805978,2612128416.0,19.18,9.59,0.75,8.06,SH601872
2063,2015-07-10,8.45,9.39,9.39,8.15,3893870,3140432416.0,14.47,9.57,0.82,8.25,SH601872
2064,2015-07-13,9.44,10.11,10.17,9.2,3705189,3170255552.0,10.33,7.67,0.72,7.85,SH601872
2065,2015-07-14,9.76,9.16,10.14,9.14,3110809,2621042544.0,9.89,-9.4,-0.95,6.59,SH601872
2066,2015-07-15,8.78,8.28,8.88,8.28,1698148,1257445696.0,6.55,-9.61,-0.88,3.6,SH601872
2067,2015-07-16,7.68,8.17,8.6,7.51,1368690,980275056.0,13.16,-1.33,-0.11,2.9,SH601872
2068,2015-07-17,8.24,8.68,8.87,8.24,1346617,1009137824.0,7.71,6.24,0.51,2.85,SH601872
2069,2015-07-20,8.7,9.21,9.44,8.56,1936116,1544571392.0,10.14,6.11,0.53,4.1,SH601872
2070,2015-07-21,8.94,9.21,9.38,8.8,1754228,1403126480.0,6.3,0.0,0.0,3.72,SH601872
2071,2015-07-22,9.18,9.81,10.05,9.11,3151760,2701722912.0,10.21,6.51,0.6,6.68,SH601872
2072,2015-07-23,9.93,10.3,10.61,9.64,3662796,3260035936.0,9.89,4.99,0.49,7.76,SH601872
2073,2015-07-24,10.28,9.81,10.54,9.51,2859586,2556194432.0,10.0,-4.76,-0.49,6.06,SH601872
2074,2015-07-27,9.44,8.87,9.95,8.87,1556902,1299048304.0,11.01,-9.58,-0.94,3.3,SH601872
2075,2015-07-28,8.11,8.18,8.87,8.01,1882714,1362352064.0,9.7,-7.78,-0.69,3.99,SH601872
2076,2015-07-29,8.46,8.98,8.98,8.28,1636797,1235894848.0,8.56,9.78,0.8,3.47,SH601872
2077,2015-07-30,8.98,8.77,9.42,8.56,1674630,1345555808.0,9.58,-2.34,-0.21,3.55,SH601872
2078,2015-07-31,8.56,8.56,9.05,8.28,1083985,830649152.0,8.78,-2.39,-0.21,2.3,SH601872
2079,2015-08-03,8.5,8.29,8.78,7.8,1037345,755319360.0,11.45,-3.15,-0.27,2.2,SH601872
2080,2015-08-04,8.43,9.1,9.1,8.23,1363693,1039933344.0,10.49,9.77,0.81,2.89,SH601872
2081,2015-08-05,9.16,8.83,9.31,8.7,1394636,1104494112.0,6.7,-2.97,-0.27,2.95,SH601872
2082,2015-08-06,8.56,8.93,9.34,8.44,1265679,999911904.0,10.19,1.13,0.1,2.68,SH601872
2083,2015-08-07,9.2,9.79,9.79,9.03,2696018,2259681888.0,8.51,9.63,0.86,5.71,SH601872
2084,2015-08-10,10.74,10.74,10.74,10.74,551322,522652832.0,0.0,9.7,0.95,1.17,SH601872
2085,2015-08-11,11.78,11.3,11.78,11.12,4659452,4760099072.0,6.15,5.21,0.56,9.87,SH601872
2086,2015-08-12,11.07,11.08,12.06,10.99,3557692,3620654656.0,9.47,-1.95,-0.22,7.54,SH601872
2087,2015-08-13,10.83,11.63,11.84,10.57,3513393,3469877072.0,11.46,4.96,0.55,7.44,SH601872
2088,2015-08-14,11.64,11.35,11.93,11.22,2793630,2856642784.0,6.1,-2.41,-0.28,5.92,SH601872
2089,2015-08-17,11.35,11.54,11.91,10.85,2490986,2518191872.0,9.34,1.67,0.19,5.28,SH601872
2090,2015-08-18,11.42,10.42,11.84,10.42,2280805,2229659232.0,12.31,-9.71,-1.12,4.83,SH601872
2091,2015-08-19,10.04,10.65,10.92,9.44,1765351,1577059504.0,14.2,2.21,0.23,3.74,SH601872
2092,2015-08-20,10.39,9.81,10.53,9.77,1179088,1062545504.0,7.14,-7.89,-0.84,2.5,SH601872
2093,2015-08-21,9.45,9.48,10.0,9.23,1304610,1110006464.0,7.85,-3.36,-0.33,2.76,SH601872
2094,2015-08-24,9.0,8.57,9.11,8.57,1051227,798250304.0,5.7,-9.6,-0.91,2.23,SH601872
2095,2015-08-25,7.74,7.74,8.14,7.74,1220753,836072976.0,4.67,-9.68,-0.83,2.59,SH601872
2096,2015-08-26,7.89,7.13,8.15,7.11,1496573,1002254576.0,13.44,-7.88,-0.61,3.17,SH601872
2097,2015-08-27,7.33,7.81,7.81,6.97,1388587,898195920.0,11.78,9.54,0.68,2.94,SH601872
2098,2015-08-28,8.01,8.49,8.56,7.85,1555175,1109149520.0,9.09,8.71,0.68,3.29,SH601872
2099,2015-08-31,8.32,8.04,8.36,7.96,1171670,834088656.0,4.71,-5.3,-0.45,2.48,SH601872
2100,2015-09-01,7.99,7.36,7.99,7.28,1165915,762657776.0,8.83,-8.46,-0.68,2.47,SH601872
2101,2015-09-02,6.8,7.04,7.68,6.75,838452,526850576.0,12.64,-4.35,-0.32,1.78,SH601872
2102,2015-09-07,7.71,7.71,7.71,7.44,1546179,1037734992.0,3.84,9.52,0.67,3.28,SH601872
2103,2015-09-08,7.46,7.94,8.07,7.26,1450747,957546032.0,10.51,2.98,0.23,3.07,SH601872
2104,2015-09-09,8.01,8.16,8.28,7.81,1394324,987605760.0,5.92,2.77,0.22,2.95,SH601872
2105,2015-09-10,7.95,7.95,8.25,7.9,908891,643190448.0,4.29,-2.57,-0.21,1.93,SH601872
2106,2015-09-11,7.94,8.06,8.08,7.8,680843,475320400.0,3.52,1.38,0.11,1.44,SH601872
2107,2015-09-14,8.3,7.59,8.5,7.35,1240951,875096464.0,14.27,-5.83,-0.47,2.63,SH601872
2108,2015-09-15,7.35,6.95,7.56,6.91,849135,533557248.0,8.56,-8.43,-0.64,1.8,SH601872
2109,2015-09-16,7.09,7.58,7.61,6.95,926659,587793968.0,9.5,9.06,0.63,1.96,SH601872
2110,2015-09-17,7.56,7.45,8.06,7.39,1314032,881727520.0,8.84,-1.72,-0.13,2.78,SH601872
2111,2015-09-18,7.57,7.56,7.68,7.33,730680,478606832.0,4.7,1.48,0.11,1.55,SH601872
2112,2015-09-21,7.55,8.05,8.21,7.46,1239397,863338000.0,9.92,6.48,0.49,2.63,SH601872
2113,2015-09-22,8.04,7.95,8.12,7.84,995692,695619776.0,3.48,-1.24,-0.1,2.11,SH601872
2114,2015-09-23,7.78,7.71,7.91,7.57,777390,525476752.0,4.28,-3.02,-0.24,1.65,SH601872
2115,2015-09-24,7.8,7.88,7.96,7.68,537937,367446464.0,3.63,2.2,0.17,1.14,SH601872
2116,2015-09-25,7.79,7.55,7.99,7.46,642285,432197552.0,6.73,-4.19,-0.33,1.36,SH601872
2117,2015-09-28,7.7,7.69,7.71,7.48,385044,255779869.0,3.05,1.85,0.14,0.82,SH601872
2118,2015-09-29,7.51,7.37,7.58,7.28,436897,283628384.0,3.9,-4.16,-0.32,0.93,SH601872
2119,2015-09-30,7.39,7.37,7.5,7.25,353219,226991606.0,3.39,0.0,0.0,0.75,SH601872
2120,2015-10-08,7.71,7.6,7.82,7.57,591169,394010288.0,3.39,3.12,0.23,1.25,SH601872
2121,2015-10-09,7.89,7.81,7.9,7.75,866147,592094160.0,1.97,2.76,0.21,1.83,SH601872
2122,2015-10-12,7.85,8.14,8.3,7.78,1163105,820705504.0,6.66,4.23,0.33,2.46,SH601872
2123,2015-10-13,8.07,8.14,8.21,8.01,830163,588313744.0,2.46,0.0,0.0,1.76,SH601872
2124,2015-10-14,8.1,8.4,8.71,7.96,1840151,1352282912.0,9.21,3.19,0.26,3.9,SH601872
2125,2015-10-15,8.33,8.8,9.11,8.24,1570719,1194176304.0,10.36,4.76,0.4,3.33,SH601872
2126,2015-10-16,8.89,8.77,9.16,8.58,1479619,1147694336.0,6.59,-0.34,-0.03,3.13,SH601872
2127,2015-10-19,8.89,8.93,9.11,8.68,1366987,1072251968.0,4.9,1.82,0.16,2.9,SH601872
2128,2015-10-20,8.95,8.94,8.95,8.71,936516,724567952.0,2.69,0.11,0.01,1.98,SH601872
2129,2015-10-21,8.91,8.08,9.05,8.08,1382559,1036892288.0,10.85,-9.62,-0.86,2.93,SH601872
2130,2015-10-22,8.08,8.5,8.59,8.04,1146356,831048144.0,6.81,5.2,0.42,2.43,SH601872
2131,2015-10-23,8.49,8.63,8.77,8.3,1107246,825499936.0,5.53,1.53,0.13,2.35,SH601872
2132,2015-10-26,8.67,8.63,8.73,8.52,880429,665459712.0,2.43,0.0,0.0,1.86,SH601872
2133,2015-10-27,8.61,8.54,8.61,8.13,730353,537549536.0,5.56,-1.04,-0.09,1.55,SH601872
2134,2015-10-28,8.62,8.43,8.91,8.39,1091035,833231904.0,6.09,-1.29,-0.11,2.31,SH601872
2135,2015-10-29,8.45,8.51,8.58,8.29,606167,449466912.0,3.44,0.95,0.08,1.28,SH601872
2136,2015-10-30,8.44,8.62,8.77,8.29,937964,698450352.0,5.64,1.29,0.11,1.99,SH601872
2137,2015-11-02,8.37,8.29,8.5,8.16,562477,412791808.0,3.94,-3.83,-0.33,1.19,SH601872
2138,2015-11-03,8.29,8.24,8.39,8.17,349913,253084800.0,2.65,-0.6,-0.05,0.74,SH601872
2139,2015-11-04,8.27,8.57,8.6,8.24,868876,644559280.0,4.37,4.0,0.33,1.84,SH601872
2140,2015-11-05,8.6,8.79,9.16,8.5,1745169,1353427312.0,7.7,2.57,0.22,3.7,SH601872
2141,2015-11-06,8.77,8.88,8.94,8.66,1196509,924396544.0,3.19,1.02,0.09,2.53,SH601872
2142,2015-11-09,8.78,9.16,9.27,8.76,1717823,1360054512.0,5.74,3.15,0.28,3.64,SH601872
2143,2015-11-10,9.09,9.03,9.09,8.84,1177773,927873760.0,2.73,-1.42,-0.13,2.49,SH601872
2144,2015-11-11,9.16,8.98,9.18,8.87,895251,707341296.0,3.43,-0.55,-0.05,1.9,SH601872
2145,2015-11-12,9.01,8.82,9.02,8.76,809012,628065104.0,2.9,-1.78,-0.16,1.71,SH601872
2146,2015-11-13,8.77,8.93,9.04,8.7,869127,673612448.0,3.85,1.25,0.11,1.84,SH601872
2147,2015-11-16,9.13,9.23,9.45,9.0,1562091,1267470368.0,5.04,3.36,0.3,3.31,SH601872
2148,2015-11-17,9.24,9.1,9.35,9.07,1180689,953532720.0,3.03,-1.41,-0.13,2.5,SH601872
2149,2015-11-18,9.05,8.83,9.16,8.78,603691,476795168.0,4.18,-2.97,-0.27,1.28,SH601872
2150,2015-11-19,8.85,9.01,9.07,8.79,530622,415934624.0,3.17,2.04,0.18,1.12,SH601872
2151,2015-11-20,9.07,9.12,9.32,9.03,805959,648676656.0,3.22,1.22,0.11,1.71,SH601872
2152,2015-11-23,9.05,9.03,9.14,8.93,635783,502306448.0,2.3,-0.99,-0.09,1.35,SH601872
2153,2015-11-24,9.03,8.93,9.03,8.8,438535,342458256.0,2.55,-1.11,-0.1,0.93,SH601872
2154,2015-11-25,8.89,8.96,8.98,8.83,501188,392256704.0,1.68,0.34,0.03,1.06,SH601872
2155,2015-11-26,8.98,9.15,9.26,8.9,1173160,937539056.0,4.02,2.12,0.19,2.49,SH601872
2156,2015-11-27,9.05,8.46,9.13,8.32,861335,661325728.0,8.85,-7.54,-0.69,1.82,SH601872
2157,2015-11-30,8.46,8.17,8.5,7.8,820050,586939088.0,8.27,-3.43,-0.29,1.74,SH601872
2158,2015-12-01,8.18,8.19,8.3,7.99,509471,362027040.0,3.79,0.24,0.02,1.08,SH601872
2159,2015-12-02,8.18,8.32,8.32,8.02,529503,379227888.0,3.66,1.59,0.13,1.12,SH601872
2160,2015-12-03,8.34,8.39,8.41,8.25,441524,322607584.0,1.92,0.84,0.07,0.94,SH601872
2161,2015-12-04,8.32,8.19,8.35,8.13,470128,338442560.0,2.62,-2.38,-0.2,1.0,SH601872
2162,2015-12-07,8.23,8.25,8.27,8.15,356829,256320580.0,1.47,0.73,0.06,0.76,SH601872
2163,2015-12-08,8.22,8.22,8.58,8.18,695840,510803312.0,4.85,-0.36,-0.03,1.47,SH601872
2164,2015-12-09,8.22,8.13,8.33,8.1,370424,264878213.0,2.8,-1.09,-0.09,0.78,SH601872
2165,2015-12-10,8.12,8.35,8.58,8.1,871189,641362240.0,5.9,2.71,0.22,1.85,SH601872
2166,2015-12-11,8.22,8.34,8.38,8.16,491684,354630752.0,2.63,-0.12,-0.01,1.04,SH601872
2167,2015-12-14,8.38,8.49,8.56,8.35,665567,492123952.0,2.52,1.8,0.15,1.41,SH601872
2168,2015-12-15,8.43,8.34,8.43,8.27,567113,413860368.0,1.88,-1.77,-0.15,1.2,SH601872
2169,2015-12-16,8.34,8.22,8.38,8.17,467685,338010928.0,2.52,-1.44,-0.12,0.99,SH601872
2170,2015-12-17,8.24,8.43,8.51,8.24,756211,553739312.0,3.28,2.55,0.21,1.6,SH601872
2171,2015-12-18,8.36,8.37,8.55,8.35,559782,413268576.0,2.37,-0.71,-0.06,1.19,SH601872
2172,2015-12-21,8.35,8.41,8.44,8.28,561378,411857776.0,1.91,0.48,0.04,1.19,SH601872
2173,2015-12-22,8.45,8.48,8.51,8.37,556508,412101776.0,1.66,0.83,0.07,1.18,SH601872
2174,2015-12-23,8.46,8.32,8.54,8.3,567459,417994448.0,2.83,-1.89,-0.16,1.2,SH601872
2175,2015-12-24,8.29,8.27,8.35,8.12,397044,285604352.0,2.76,-0.6,-0.05,0.84,SH601872
2176,2015-12-25,8.27,8.33,8.5,8.17,681475,497785792.0,3.99,0.73,0.06,1.44,SH601872
2177,2015-12-28,8.3,8.11,8.35,8.07,588082,422683072.0,3.36,-2.64,-0.22,1.25,SH601872
2178,2015-12-29,8.11,8.32,8.35,8.01,486513,346662192.0,4.19,2.59,0.21,1.03,SH601872
2179,2015-12-30,8.34,8.18,8.38,8.12,561671,403343696.0,3.13,-1.68,-0.14,1.19,SH601872
2180,2015-12-31,8.18,8.11,8.24,8.1,282567,201409299.0,1.71,-0.86,-0.07,0.6,SH601872
2181,2016-01-04,8.11,7.36,8.13,7.35,357713,241486689.0,9.62,-9.25,-0.75,0.76,SH601872
2182,2016-01-05,7.13,7.17,7.36,6.91,511815,317438192.0,6.11,-2.58,-0.19,1.08,SH601872
2183,2016-01-06,7.23,7.31,7.35,7.18,335342,212213909.0,2.37,1.95,0.14,0.71,SH601872
2184,2016-01-07,7.3,6.68,7.3,6.62,104748,63639248.0,9.3,-8.62,-0.63,0.22,SH601872
2185,2016-01-08,6.96,6.78,7.0,6.38,420549,248081925.0,9.28,1.5,0.1,0.89,SH601872
2186,2016-01-11,6.67,6.28,6.9,6.25,422528,240798687.0,9.59,-7.37,-0.5,0.9,SH601872
2187,2016-01-12,6.29,6.32,6.45,6.2,370201,202639452.0,3.98,0.64,0.04,0.78,SH601872
2188,2016-01-13,6.36,6.15,6.4,6.14,253172,137838930.0,4.11,-2.69,-0.17,0.54,SH601872
2189,2016-01-14,5.96,6.23,6.26,5.9,423696,222174002.0,5.85,1.3,0.08,0.9,SH601872
2190,2016-01-15,6.14,5.84,6.18,5.79,416053,213597396.0,6.26,-6.26,-0.39,0.88,SH601872
2191,2016-01-18,5.7,6.03,6.24,5.64,453749,234108455.0,10.27,3.25,0.19,0.96,SH601872
2192,2016-01-19,5.96,6.16,6.24,5.92,446553,235079584.0,5.31,2.16,0.13,0.95,SH601872
2193,2016-01-20,6.16,6.19,6.42,6.09,463391,250118959.0,5.36,0.49,0.03,0.98,SH601872
2194,2016-01-21,6.12,5.93,6.2,5.92,328996,172716840.0,4.52,-4.2,-0.26,0.7,SH601872
2195,2016-01-22,5.97,5.98,6.07,5.84,214630,110281550.0,3.88,0.84,0.05,0.45,SH601872
2196,2016-01-25,6.18,6.1,6.18,6.04,306854,162205396.0,2.34,2.01,0.12,0.65,SH601872
2197,2016-01-26,5.98,5.62,6.05,5.54,330099,165860922.0,8.36,-7.87,-0.48,0.7,SH601872
2198,2016-01-27,5.64,5.48,5.7,5.2,367551,172257894.0,8.9,-2.49,-0.14,0.78,SH601872
2199,2016-01-28,5.46,5.36,5.5,5.31,248557,115404553.0,3.47,-2.19,-0.12,0.53,SH601872
2200,2016-01-29,5.37,5.53,5.59,5.37,256516,120916575.0,4.1,3.17,0.17,0.54,SH601872
2201,2016-02-01,5.57,5.37,5.57,5.29,220590,102437463.0,5.06,-2.89,-0.16,0.47,SH601872
2202,2016-02-02,5.38,5.5,5.53,5.38,262677,123546305.0,2.79,2.42,0.13,0.56,SH601872
2203,2016-02-03,5.43,5.53,5.55,5.39,230920,108462724.0,2.91,0.55,0.03,0.49,SH601872
2204,2016-02-04,5.53,5.58,5.62,5.51,259909,124457686.0,1.99,0.9,0.05,0.55,SH601872
2205,2016-02-05,5.64,5.55,5.64,5.54,143358,68726180.0,1.79,-0.54,-0.03,0.3,SH601872
2206,2016-02-15,5.32,5.44,5.47,5.25,174218,80612222.0,3.96,-1.98,-0.11,0.37,SH601872
2207,2016-02-16,5.5,5.84,5.91,5.48,572233,282806752.0,7.9,7.35,0.4,1.21,SH601872
2208,2016-02-17,5.8,5.81,5.83,5.72,418113,207836425.0,1.88,-0.51,-0.03,0.89,SH601872
2209,2016-02-18,5.84,5.84,6.02,5.76,528112,266889428.0,4.48,0.52,0.03,1.12,SH601872
2210,2016-02-19,5.75,5.93,5.94,5.75,545757,277604976.0,3.25,1.54,0.09,1.16,SH601872
2211,2016-02-22,5.98,6.01,6.07,5.97,312908,162369609.0,1.69,1.35,0.08,0.66,SH601872
2212,2016-02-23,6.02,5.91,6.05,5.84,291488,148955627.0,3.49,-1.66,-0.1,0.62,SH601872
2213,2016-02-24,5.88,6.03,6.06,5.85,390375,200542728.0,3.55,2.03,0.12,0.83,SH601872
2214,2016-02-25,6.01,5.46,6.03,5.46,514841,253110288.0,9.45,-9.45,-0.57,1.09,SH601872
2215,2016-02-26,5.51,5.57,5.68,5.39,316276,149947946.0,5.31,2.01,0.11,0.67,SH601872
2216,2016-02-29,5.58,5.41,5.58,5.15,300110,137087406.0,7.72,-2.87,-0.16,0.64,SH601872
2217,2016-03-01,5.46,5.48,5.52,5.31,211351,98356756.0,3.88,1.29,0.07,0.45,SH601872
2218,2016-03-02,5.49,5.7,5.7,5.47,415429,199823382.0,4.2,4.01,0.22,0.88,SH601872
2219,2016-03-03,5.64,5.85,6.03,5.64,633569,319891264.0,6.84,2.63,0.15,1.34,SH601872
2220,2016-03-04,5.76,5.9,5.92,5.68,605319,304217776.0,4.1,0.85,0.05,1.28,SH601872
2221,2016-03-07,5.96,5.99,6.19,5.93,446437,232642782.0,4.41,1.53,0.09,0.95,SH601872
2222,2016-03-08,6.1,6.26,6.31,5.86,984690,520582880.0,7.51,4.51,0.27,2.09,SH601872
2223,2016-03-09,6.03,5.96,6.07,5.8,629618,322901424.0,4.31,-4.79,-0.3,1.33,SH601872
2224,2016-03-10,5.97,5.76,6.02,5.75,349925,176187751.0,4.53,-3.36,-0.2,0.74,SH601872
2225,2016-03-11,5.7,5.72,5.74,5.6,236002,115084594.0,2.43,-0.69,-0.04,0.5,SH601872
2226,2016-03-14,5.8,5.84,5.92,5.75,349510,176339109.0,2.97,2.1,0.12,0.74,SH601872
2227,2016-03-15,5.82,5.85,5.87,5.73,255438,127745515.0,2.4,0.17,0.01,0.54,SH601872
2228,2016-03-16,5.83,5.81,5.87,5.8,338075,169889905.0,1.2,-0.68,-0.04,0.72,SH601872
2229,2016-03-17,5.83,5.9,5.92,5.77,279942,141350147.0,2.58,1.55,0.09,0.59,SH601872
2230,2016-03-18,5.92,5.97,6.05,5.87,786789,404967504.0,3.05,1.19,0.07,1.67,SH601872
2231,2016-03-21,6.03,6.13,6.21,5.97,782592,411894736.0,4.02,2.68,0.16,1.66,SH601872
2232,2016-03-22,6.07,6.08,6.16,6.03,476114,249692590.0,2.12,-0.82,-0.05,1.01,SH601872
2233,2016-03-23,6.03,6.12,6.17,6.03,380325,200574850.0,2.3,0.66,0.04,0.81,SH601872
2234,2016-03-24,6.15,5.97,6.15,5.92,606363,317553808.0,3.76,-2.45,-0.15,1.28,SH601872
2235,2016-03-25,5.93,5.98,5.99,5.91,288136,147789075.0,1.34,0.17,0.01,0.61,SH601872
2236,2016-03-28,5.99,5.93,6.07,5.91,294377,152015239.0,2.68,-0.84,-0.05,0.62,SH601872
2237,2016-03-29,5.92,5.8,5.93,5.76,342083,171362010.0,2.87,-2.19,-0.13,0.72,SH601872
2238,2016-03-30,5.82,5.92,5.92,5.82,296356,149969777.0,1.72,2.07,0.12,0.63,SH601872
2239,2016-03-31,5.94,5.95,6.03,5.9,518156,266687603.0,2.2,0.51,0.03,1.1,SH601872
2240,2016-04-01,5.95,5.93,5.98,5.83,395553,201243167.0,2.52,-0.34,-0.02,0.84,SH601872
2241,2016-04-05,6.03,6.49,6.49,5.95,1229136,668815984.0,9.11,9.44,0.56,2.6,SH601872
2242,2016-04-06,6.69,6.46,6.71,6.36,1799425,1020263360.0,5.39,-0.46,-0.03,3.81,SH601872
2243,2016-04-07,6.41,6.4,6.56,6.29,1055203,585395456.0,4.18,-0.93,-0.06,2.24,SH601872
2244,2016-04-08,6.34,6.29,6.36,6.18,592265,320916304.0,2.81,-1.72,-0.11,1.25,SH601872
2245,2016-04-11,6.36,6.34,6.45,6.3,637303,350743216.0,2.38,0.79,0.05,1.35,SH601872
2246,2016-04-12,6.29,6.38,6.57,6.19,907152,502838496.0,5.99,0.63,0.04,1.92,SH601872
2247,2016-04-13,6.41,6.53,6.67,6.38,1231457,699689904.0,4.55,2.35,0.15,2.61,SH601872
2248,2016-04-14,6.54,6.51,6.64,6.42,661016,374381952.0,3.37,-0.31,-0.02,1.4,SH601872
2249,2016-04-15,6.59,6.49,6.64,6.46,394053,222611033.0,2.76,-0.31,-0.02,0.83,SH601872
2250,2016-04-18,6.46,6.38,6.53,6.36,421410,234848470.0,2.62,-1.69,-0.11,0.89,SH601872
2251,2016-04-19,6.43,6.37,6.52,6.31,409009,226872992.0,3.29,-0.16,-0.01,0.87,SH601872
2252,2016-04-20,6.4,6.05,6.43,5.82,603593,318413488.0,9.58,-5.02,-0.32,1.28,SH601872
2253,2016-04-21,6.05,5.99,6.09,5.94,388760,201437382.0,2.48,-0.99,-0.06,0.82,SH601872
2254,2016-04-22,5.97,6.02,6.04,5.93,212311,109632128.0,1.84,0.5,0.03,0.45,SH601872
2255,2016-04-25,5.97,5.94,5.99,5.84,216016,110220419.0,2.49,-1.33,-0.08,0.46,SH601872
2256,2016-04-26,5.94,5.95,5.97,5.87,149969,76660174.0,1.68,0.17,0.01,0.32,SH601872
2257,2016-04-27,5.96,5.93,6.01,5.92,184484,94754231.0,1.51,-0.34,-0.02,0.39,SH601872
2258,2016-04-28,5.95,5.87,5.96,5.77,234010,118275089.0,3.2,-1.01,-0.06,0.5,SH601872
2259,2016-04-29,5.84,5.86,5.88,5.81,139455,70275501.0,1.19,-0.17,-0.01,0.3,SH601872
2260,2016-05-03,5.88,6.02,6.03,5.84,332720,171781352.0,3.24,2.73,0.16,0.7,SH601872
2261,2016-05-04,5.99,6.13,6.15,5.96,405358,212577100.0,3.16,1.83,0.11,0.86,SH601872
2262,2016-05-05,6.07,6.08,6.12,6.03,229094,119835377.0,1.47,-0.82,-0.05,0.49,SH601872
2263,2016-05-06,6.08,5.85,6.1,5.84,351846,180574590.0,4.28,-3.78,-0.23,0.75,SH601872
2264,2016-05-09,5.84,5.59,5.84,5.57,337037,164799624.0,4.62,-4.44,-0.26,0.71,SH601872
2265,2016-05-10,5.59,5.8,5.99,5.58,388328,193483073.0,7.33,3.76,0.21,0.82,SH601872
2266,2016-05-11,5.8,5.72,5.84,5.69,245706,121484862.0,2.59,-1.38,-0.08,0.52,SH601872
2267,2016-05-12,5.61,5.69,5.71,5.54,164972,80102343.0,2.97,-0.52,-0.03,0.35,SH601872
2268,2016-05-13,5.68,5.72,5.75,5.64,160079,78547297.0,1.93,0.53,0.03,0.34,SH601872
2269,2016-05-16,5.7,5.75,5.76,5.69,126781,62534062.0,1.22,0.52,0.03,0.27,SH601872
2270,2016-05-17,5.75,5.71,5.76,5.7,104108,51229850.0,1.04,-0.7,-0.04,0.22,SH601872
2271,2016-05-18,5.69,5.64,5.73,5.59,184899,90000787.0,2.45,-1.23,-0.07,0.39,SH601872
2272,2016-05-19,5.64,5.61,5.69,5.59,122329,59380972.0,1.77,-0.53,-0.03,0.26,SH601872
2273,2016-05-20,5.57,5.64,5.66,5.57,101715,49151256.0,1.6,0.53,0.03,0.22,SH601872
2274,2016-05-23,5.62,5.69,5.76,5.62,196147,95702361.0,2.48,0.89,0.05,0.42,SH601872
2275,2016-05-24,5.68,5.62,5.68,5.59,127043,61409304.0,1.58,-1.23,-0.07,0.27,SH601872
2276,2016-05-25,5.64,5.59,5.66,5.59,112447,54285994.0,1.25,-0.53,-0.03,0.24,SH601872
2277,2016-05-26,5.57,5.55,5.61,5.48,134572,63818350.0,2.33,-0.72,-0.04,0.29,SH601872
2278,2016-05-27,5.54,5.55,5.61,5.51,134478,64120050.0,1.8,0.0,0.0,0.28,SH601872
2279,2016-05-30,5.48,5.5,5.54,5.46,100812,47573944.0,1.44,-0.9,-0.05,0.21,SH601872
2280,2016-05-31,5.53,5.69,5.71,5.52,259692,125749937.0,3.45,3.45,0.19,0.55,SH601872
2281,2016-06-01,5.66,5.68,5.73,5.64,210309,102959933.0,1.58,-0.18,-0.01,0.45,SH601872
2282,2016-06-02,5.68,5.68,5.7,5.63,160929,78366934.0,1.23,0.0,0.0,0.34,SH601872
2283,2016-06-03,5.66,5.7,5.72,5.65,158533,77571824.0,1.23,0.35,0.02,0.34,SH601872
2284,2016-06-06,5.7,5.69,5.72,5.66,118577,58002300.0,1.05,-0.18,-0.01,0.25,SH601872
2285,2016-06-07,5.7,5.65,5.7,5.61,126226,61244384.0,1.58,-0.7,-0.04,0.27,SH601872
2286,2016-06-08,5.63,5.65,5.75,5.6,247243,120770433.0,2.65,0.0,0.0,0.52,SH601872
2287,2016-06-13,5.59,5.46,5.68,5.44,193694,92742703.0,4.25,-3.36,-0.19,0.41,SH601872
2288,2016-06-14,5.46,5.49,5.61,5.46,120503,56946726.0,2.75,0.55,0.03,0.26,SH601872
2289,2016-06-15,5.44,5.54,5.58,5.42,175178,83152863.0,2.91,0.91,0.05,0.37,SH601872
2290,2016-06-16,5.54,5.51,5.59,5.5,145633,69197709.0,1.62,-0.54,-0.03,0.31,SH601872
2291,2016-06-17,5.57,5.61,5.64,5.54,199756,96200024.0,1.81,1.81,0.1,0.42,SH601872
2292,2016-06-20,5.62,5.57,5.62,5.53,114125,54472020.0,1.6,-0.71,-0.04,0.24,SH601872
2293,2016-06-21,5.59,5.54,5.62,5.52,105850,50672874.0,1.8,-0.54,-0.03,0.22,SH601872
2294,2016-06-22,5.56,5.57,5.57,5.52,81661,38383557.0,0.9,0.54,0.03,0.17,SH601872
2295,2016-06-23,5.57,5.53,5.59,5.51,111869,52427442.0,1.44,-0.72,-0.04,0.24,SH601872
2296,2016-06-24,5.55,5.42,5.55,5.29,182660,84034882.0,4.7,-1.99,-0.11,0.39,SH601872
2297,2016-06-27,5.4,5.48,5.48,5.36,151616,69950230.0,2.21,1.11,0.06,0.32,SH601872
2298,2016-06-28,5.5,5.53,5.54,5.46,148574,69156463.0,1.46,0.91,0.05,0.31,SH601872
2299,2016-06-29,5.52,5.55,5.61,5.52,189544,89351866.0,1.63,0.36,0.02,0.4,SH601872
2300,2016-06-30,5.55,5.53,5.57,5.51,115333,54000134.0,1.08,-0.36,-0.02,0.24,SH601872
2301,2016-07-01,5.54,5.52,5.56,5.51,112469,52646257.0,0.9,-0.18,-0.01,0.24,SH601872
2302,2016-07-04,5.5,5.62,5.63,5.48,259221,122633947.0,2.72,1.81,0.1,0.55,SH601872
2303,2016-07-05,6.14,6.02,6.14,5.97,1557983,809309136.0,3.02,7.12,0.4,3.3,SH601872
2304,2016-07-06,5.87,5.88,5.95,5.84,698252,349215984.0,1.83,-2.33,-0.14,1.48,SH601872
2305,2016-07-07,5.88,5.91,5.97,5.83,514305,257616170.0,2.38,0.51,0.03,1.09,SH601872
2306,2016-07-08,5.89,5.87,5.91,5.85,304922,152331708.0,1.02,-0.68,-0.04,0.65,SH601872
2307,2016-07-11,5.89,5.85,5.91,5.84,281038,140359575.0,1.19,-0.34,-0.02,0.6,SH601872
2308,2016-07-12,5.84,6.07,6.09,5.83,703434,357127328.0,4.44,3.76,0.22,1.49,SH601872
2309,2016-07-13,6.06,6.13,6.29,6.0,705497,367194768.0,4.78,0.99,0.06,1.49,SH601872
2310,2016-07-14,6.1,6.29,6.49,6.08,939268,506876256.0,6.69,2.61,0.16,1.99,SH601872
2311,2016-07-15,6.35,6.22,6.38,6.19,450136,240003873.0,3.02,-1.11,-0.07,0.95,SH601872
2312,2016-07-18,6.2,6.13,6.22,6.05,370798,193655987.0,2.73,-1.45,-0.09,0.79,SH601872
2313,2016-07-19,6.12,6.14,6.16,6.06,237233,123493746.0,1.63,0.16,0.01,0.5,SH601872
2314,2016-07-20,6.14,6.09,6.17,6.08,216488,112822545.0,1.47,-0.81,-0.05,0.46,SH601872
2315,2016-07-21,6.12,6.08,6.13,6.06,190458,99004123.0,1.15,-0.16,-0.01,0.4,SH601872
2316,2016-07-22,6.08,5.98,6.11,5.97,295039,151231742.0,2.3,-1.64,-0.1,0.62,SH601872
2317,2016-07-25,5.97,6.0,6.01,5.96,138041,70357021.0,0.84,0.33,0.02,0.29,SH601872
2318,2016-07-26,6.0,6.07,6.08,5.98,189354,97565605.0,1.67,1.17,0.07,0.4,SH601872
2319,2016-07-27,6.07,6.14,6.3,5.96,931781,488274752.0,5.6,1.15,0.07,1.97,SH601872
2320,2016-07-28,6.12,6.33,6.4,6.0,985745,526984832.0,6.51,3.09,0.19,2.09,SH601872
2321,2016-07-29,6.3,6.14,6.33,6.11,527740,279323360.0,3.48,-3.0,-0.19,1.12,SH601872
2322,2016-08-01,6.1,6.01,6.16,5.97,328140,168353277.0,3.09,-2.12,-0.13,0.7,SH601872
2323,2016-08-02,6.01,6.08,6.09,5.97,241467,124248506.0,2.0,1.16,0.07,0.51,SH601872
2324,2016-08-03,6.07,6.11,6.12,6.02,317596,164561961.0,1.64,0.49,0.03,0.67,SH601872
2325,2016-08-04,6.09,6.03,6.09,6.0,205783,105767386.0,1.47,-1.31,-0.08,0.44,SH601872
2326,2016-08-05,6.06,6.01,6.08,5.99,219115,112496845.0,1.49,-0.33,-0.02,0.46,SH601872
2327,2016-08-08,6.0,6.1,6.1,5.98,236794,122026243.0,2.0,1.5,0.09,0.5,SH601872
2328,2016-08-09,6.1,6.1,6.11,6.03,252010,130476659.0,1.31,0.0,0.0,0.53,SH601872
2329,2016-08-10,6.11,6.06,6.11,6.06,168876,87470674.0,0.82,-0.66,-0.04,0.36,SH601872
2330,2016-08-11,6.07,6.0,6.09,5.99,179889,92530114.0,1.65,-0.99,-0.06,0.38,SH601872
2331,2016-08-12,5.99,6.09,6.1,5.99,208307,107224655.0,1.83,1.5,0.09,0.44,SH601872
2332,2016-08-15,6.08,6.2,6.27,6.08,463532,244057660.0,3.12,1.81,0.11,0.98,SH601872
2333,2016-08-16,6.21,6.22,6.25,6.14,432808,229181768.0,1.77,0.32,0.02,0.92,SH601872
2334,2016-08-17,6.22,6.19,6.22,6.14,218278,115088772.0,1.29,-0.48,-0.03,0.46,SH601872
2335,2016-08-18,6.18,6.2,6.24,6.17,220141,116531725.0,1.13,0.16,0.01,0.47,SH601872
2336,2016-08-19,6.2,6.23,6.27,6.11,298366,157597425.0,2.58,0.48,0.03,0.63,SH601872
2337,2016-08-22,6.23,6.11,6.23,6.1,286480,150601106.0,2.09,-1.93,-0.12,0.61,SH601872
2338,2016-08-23,6.13,6.12,6.16,6.08,164174,85652529.0,1.31,0.16,0.01,0.35,SH601872
2339,2016-08-24,6.11,6.11,6.14,6.08,137826,71763509.0,0.98,-0.16,-0.01,0.29,SH601872
2340,2016-08-25,6.08,6.03,6.08,5.98,194863,99915637.0,1.64,-1.31,-0.08,0.41,SH601872
2341,2016-08-26,6.03,6.05,6.08,6.02,134741,69520196.0,1.0,0.33,0.02,0.29,SH601872
2342,2016-08-29,6.07,6.06,6.08,6.01,175370,90201370.0,1.16,0.17,0.01,0.37,SH601872
2343,2016-08-30,6.06,6.03,6.07,6.01,130340,67097836.0,0.99,-0.5,-0.03,0.28,SH601872
2344,2016-08-31,6.03,6.06,6.06,6.01,96789,49787098.0,0.83,0.5,0.03,0.21,SH601872
2345,2016-09-01,6.06,6.06,6.14,6.05,216309,112375413.0,1.49,0.0,0.0,0.46,SH601872
2346,2016-09-02,6.06,6.11,6.11,6.01,191203,98601251.0,1.65,0.83,0.05,0.41,SH601872
2347,2016-09-05,6.11,6.1,6.13,6.08,150706,78397911.0,0.82,-0.16,-0.01,0.32,SH601872
2348,2016-09-06,6.1,6.1,6.12,6.05,177814,92224714.0,1.15,0.0,0.0,0.38,SH601872
2349,2016-09-07,6.19,6.13,6.2,6.11,290137,152448814.0,1.48,0.49,0.03,0.61,SH601872
2350,2016-09-08,6.13,6.23,6.27,6.1,362158,190976424.0,2.77,1.63,0.1,0.77,SH601872
2351,2016-09-09,6.24,6.21,6.38,6.2,682427,367324672.0,2.89,-0.32,-0.02,1.45,SH601872
2352,2016-09-12,6.09,6.11,6.12,6.0,445897,229880405.0,1.93,-1.61,-0.1,0.94,SH601872
2353,2016-09-13,6.1,6.08,6.1,6.03,140646,72618856.0,1.15,-0.49,-0.03,0.3,SH601872
2354,2016-09-14,6.03,6.02,6.06,5.99,132935,68170611.0,1.15,-0.99,-0.06,0.28,SH601872
2355,2016-09-19,6.01,6.03,6.06,6.01,107448,55255771.0,0.83,0.17,0.01,0.23,SH601872
2356,2016-09-20,6.05,6.03,6.06,6.01,89019,45705533.0,0.83,0.0,0.0,0.19,SH601872
2357,2016-09-21,6.05,6.11,6.12,6.03,245249,127270430.0,1.49,1.33,0.08,0.52,SH601872
2358,2016-09-22,6.2,6.13,6.23,6.11,267636,140325308.0,1.96,0.33,0.02,0.57,SH601872
2359,2016-09-23,6.16,6.17,6.25,6.12,322966,170751877.0,2.12,0.65,0.04,0.68,SH601872
2360,2016-09-26,6.14,6.02,6.16,6.01,195939,101450669.0,2.43,-2.43,-0.15,0.42,SH601872
2361,2016-09-27,6.01,6.03,6.03,5.97,143101,73197815.0,1.0,0.17,0.01,0.3,SH601872
2362,2016-09-28,6.07,5.99,6.07,5.98,111882,57201716.0,1.49,-0.66,-0.04,0.24,SH601872
2363,2016-09-29,6.01,6.0,6.03,5.99,108975,55757205.0,0.67,0.17,0.01,0.23,SH601872
2364,2016-09-30,5.97,5.99,6.01,5.97,131158,66816017.0,0.67,-0.17,-0.01,0.28,SH601872
2365,2016-10-10,6.01,6.1,6.11,6.01,252040,130525440.0,1.67,1.84,0.11,0.53,SH601872
2366,2016-10-11,6.1,6.16,6.2,6.09,257296,134835530.0,1.8,0.98,0.06,0.55,SH601872
2367,2016-10-12,6.13,6.09,6.14,6.07,194632,101200014.0,1.14,-1.14,-0.07,0.41,SH601872
2368,2016-10-13,6.07,6.18,6.21,6.07,332606,174297375.0,2.3,1.48,0.09,0.7,SH601872
2369,2016-10-14,6.17,6.14,6.17,6.07,213517,111255861.0,1.62,-0.65,-0.04,0.45,SH601872
2370,2016-10-17,6.17,6.14,6.24,6.1,357527,188697612.0,2.28,0.0,0.0,0.76,SH601872
2371,2016-10-18,6.13,6.27,6.28,6.11,472329,251383442.0,2.77,2.12,0.13,1.0,SH601872
2372,2016-10-19,6.25,6.25,6.42,6.21,579355,312650112.0,3.35,-0.32,-0.02,1.23,SH601872
2373,2016-10-20,6.21,6.19,6.24,6.16,247375,130696735.0,1.28,-0.96,-0.06,0.52,SH601872
2374,2016-10-21,6.19,6.45,6.53,6.16,673182,362077856.0,5.98,4.2,0.26,1.43,SH601872
2375,2016-10-24,6.44,6.66,6.94,6.34,1480215,839658480.0,9.3,3.26,0.21,3.14,SH601872
2376,2016-10-25,6.63,6.56,6.71,6.52,520581,293854512.0,2.85,-1.5,-0.1,1.1,SH601872
2377,2016-10-26,6.58,6.62,6.68,6.5,414367,233854763.0,2.74,0.91,0.06,0.88,SH601872
2378,2016-10-27,6.62,6.53,6.68,6.43,616191,345131504.0,3.78,-1.36,-0.09,1.31,SH601872
2379,2016-10-28,6.5,6.34,6.54,6.32,450601,248046397.0,3.37,-2.91,-0.19,0.95,SH601872
2380,2016-10-31,6.34,6.3,6.34,6.25,294882,158337483.0,1.42,-0.63,-0.04,0.62,SH601872
2381,2016-11-01,6.31,6.29,6.34,6.25,387289,208213890.0,1.43,-0.16,-0.01,0.82,SH601872
2382,2016-11-02,6.25,6.19,6.31,6.17,364625,194082118.0,2.23,-1.59,-0.1,0.77,SH601872
2383,2016-11-03,6.17,6.28,6.35,6.16,530377,283488544.0,3.07,1.45,0.09,1.12,SH601872
2384,2016-11-04,6.28,6.21,6.3,6.19,282939,150717008.0,1.75,-1.11,-0.07,0.6,SH601872
2385,2016-11-07,6.21,6.22,6.24,6.18,204557,108447405.0,0.97,0.16,0.01,0.43,SH601872
2386,2016-11-08,6.24,6.27,6.31,6.22,295854,158128698.0,1.45,0.8,0.05,0.63,SH601872
2387,2016-11-09,6.29,6.21,6.34,6.14,374627,200098776.0,3.19,-0.96,-0.06,0.79,SH601872
2388,2016-11-10,6.29,6.38,6.52,6.27,704084,383220064.0,4.03,2.74,0.17,1.49,SH601872
2389,2016-11-11,6.39,6.52,6.6,6.36,850916,471643776.0,3.76,2.19,0.14,1.8,SH601872
2390,2016-11-14,6.52,6.66,6.87,6.52,1205947,696225472.0,5.37,2.15,0.14,2.55,SH601872
2391,2016-11-15,6.75,6.62,6.96,6.56,959205,553231376.0,6.01,-0.6,-0.04,2.03,SH601872
2392,2016-11-16,6.91,6.75,6.96,6.67,729247,423715568.0,4.38,1.96,0.13,1.54,SH601872
2393,2016-11-17,6.95,6.85,7.04,6.77,1426315,843130400.0,4.0,1.48,0.1,3.02,SH601872
2394,2016-11-18,6.68,6.57,6.74,6.54,856697,485789952.0,2.92,-4.09,-0.28,1.81,SH601872
2395,2016-11-21,6.55,6.6,6.67,6.54,472602,267237210.0,1.98,0.46,0.03,1.0,SH601872
2396,2016-11-22,6.6,6.63,6.65,6.55,422738,238881273.0,1.52,0.45,0.03,0.9,SH601872
2397,2016-11-23,6.61,6.46,6.63,6.43,547563,305392096.0,3.02,-2.56,-0.17,1.16,SH601872
2398,2016-11-24,6.49,6.49,6.52,6.45,420697,233643425.0,1.08,0.46,0.03,0.89,SH601872
2399,2016-11-25,6.5,6.57,6.61,6.43,483863,269758832.0,2.77,1.23,0.08,1.02,SH601872
2400,2016-11-28,6.57,6.67,6.74,6.55,687702,391638208.0,2.89,1.52,0.1,1.46,SH601872
2401,2016-11-29,6.64,6.69,6.77,6.57,795429,454552048.0,3.0,0.3,0.02,1.68,SH601872
2402,2016-11-30,6.64,6.56,6.66,6.53,429424,241833081.0,1.94,-1.94,-0.13,0.91,SH601872
2403,2016-12-01,6.56,6.65,6.74,6.56,613797,349912992.0,2.74,1.37,0.09,1.3,SH601872
2404,2016-12-02,6.65,6.51,6.74,6.49,575525,325102128.0,3.76,-2.11,-0.14,1.22,SH601872
2405,2016-12-05,6.41,6.47,6.53,6.35,347438,191412486.0,2.76,-0.61,-0.04,0.74,SH601872
2406,2016-12-06,6.45,6.39,6.5,6.38,215909,118622786.0,1.85,-1.24,-0.08,0.46,SH601872
2407,2016-12-07,6.4,6.44,6.45,6.36,141783,77796767.0,1.41,0.78,0.05,0.3,SH601872
2408,2016-12-08,6.45,6.42,6.47,6.4,147367,81092295.0,1.09,-0.31,-0.02,0.31,SH601872
2409,2016-12-09,6.41,6.4,6.45,6.36,200841,109891604.0,1.4,-0.31,-0.02,0.43,SH601872
2410,2016-12-12,6.39,6.13,6.4,6.09,572218,302626512.0,4.84,-4.22,-0.27,1.21,SH601872
2411,2016-12-13,6.1,6.08,6.13,6.0,347288,179737804.0,2.12,-0.82,-0.05,0.74,SH601872
2412,2016-12-14,6.08,5.97,6.09,5.94,372747,190241675.0,2.47,-1.81,-0.11,0.79,SH601872
2413,2016-12-15,5.95,5.96,5.99,5.9,328448,166350803.0,1.51,-0.17,-0.01,0.7,SH601872
2414,2016-12-16,5.97,5.94,6.0,5.91,321310,162587449.0,1.51,-0.34,-0.02,0.68,SH601872
2415,2016-12-19,5.95,5.8,5.95,5.79,461225,229782800.0,2.69,-2.36,-0.14,0.98,SH601872
2416,2016-12-20,5.78,5.84,5.84,5.77,196096,96767090.0,1.21,0.69,0.04,0.42,SH601872
2417,2016-12-21,5.84,5.97,6.01,5.84,414854,209464676.0,2.91,2.23,0.13,0.88,SH601872
2418,2016-12-22,5.97,5.94,5.98,5.9,182720,92206979.0,1.34,-0.5,-0.03,0.39,SH601872
2419,2016-12-23,5.94,5.95,5.98,5.91,206664,104636838.0,1.18,0.17,0.01,0.44,SH601872
2420,2016-12-26,5.92,5.95,5.98,5.84,168003,84446092.0,2.35,0.0,0.0,0.36,SH601872
2421,2016-12-27,5.95,5.9,5.98,5.89,149584,75593094.0,1.51,-0.84,-0.05,0.32,SH601872
2422,2016-12-28,5.92,5.86,5.92,5.83,167258,83396962.0,1.53,-0.68,-0.04,0.35,SH601872
2423,2016-12-29,5.85,5.81,5.86,5.78,257429,127147964.0,1.37,-0.85,-0.05,0.55,SH601872
2424,2016-12-30,5.81,5.81,5.84,5.77,281392,138578635.0,1.2,0.0,0.0,0.6,SH601872
2425,2017-01-03,5.81,5.86,5.87,5.8,155948,77450331.0,1.2,0.86,0.05,0.33,SH601872
2426,2017-01-04,5.86,5.91,5.91,5.84,286753,143352539.0,1.19,0.85,0.05,0.61,SH601872
2427,2017-01-05,5.91,5.91,5.95,5.89,184205,92623658.0,1.02,0.0,0.0,0.39,SH601872
2428,2017-01-06,5.91,5.91,6.0,5.89,264010,133486730.0,1.86,0.0,0.0,0.56,SH601872
2429,2017-01-09,5.91,5.97,5.97,5.89,171796,86921676.0,1.35,1.02,0.06,0.36,SH601872
2430,2017-01-10,5.96,6.02,6.09,5.91,442696,226716680.0,3.02,0.84,0.05,0.94,SH601872
2431,2017-01-11,5.98,5.9,6.02,5.9,321105,162567593.0,1.99,-1.99,-0.12,0.68,SH601872
2432,2017-01-12,5.9,5.84,5.94,5.83,203734,101845732.0,1.86,-1.02,-0.06,0.43,SH601872
2433,2017-01-13,5.84,5.87,5.88,5.8,174146,86539437.0,1.37,0.51,0.03,0.37,SH601872
2434,2017-01-16,5.85,5.94,5.96,5.79,439939,219746342.0,2.9,1.19,0.07,0.93,SH601872
2435,2017-01-17,5.92,5.89,5.94,5.87,164699,82498013.0,1.18,-0.84,-0.05,0.35,SH601872
2436,2017-01-18,5.89,5.94,5.98,5.88,196713,99480810.0,1.7,0.85,0.05,0.42,SH601872
2437,2017-01-19,5.95,5.94,5.97,5.9,171066,86244758.0,1.18,0.0,0.0,0.36,SH601872
2438,2017-01-20,5.92,5.96,5.97,5.91,191466,96965508.0,1.01,0.34,0.02,0.41,SH601872
2439,2017-01-23,5.97,5.97,6.0,5.95,175926,89366154.0,0.84,0.17,0.01,0.37,SH601872
2440,2017-01-24,5.96,5.94,5.97,5.92,149191,75505655.0,0.84,-0.5,-0.03,0.32,SH601872
2441,2017-01-25,5.92,5.95,5.97,5.91,128841,65099201.0,1.01,0.17,0.01,0.27,SH601872
2442,2017-01-26,5.96,5.95,5.97,5.94,163125,82613783.0,0.5,0.0,0.0,0.35,SH601872
2443,2017-02-03,5.94,5.91,5.95,5.89,102801,51708160.0,1.01,-0.67,-0.04,0.22,SH601872
2444,2017-02-06,5.91,5.92,5.95,5.9,131222,66085206.0,0.85,0.17,0.01,0.28,SH601872
2445,2017-02-07,5.92,5.98,5.99,5.91,271317,137573967.0,1.35,1.01,0.06,0.57,SH601872
2446,2017-02-08,5.98,5.98,5.99,5.91,335444,170019904.0,1.34,0.0,0.0,0.71,SH601872
2447,2017-02-09,5.97,6.02,6.03,5.96,360984,184669808.0,1.17,0.67,0.04,0.76,SH601872
2448,2017-02-10,6.02,6.11,6.12,6.02,567040,294205488.0,1.66,1.5,0.09,1.2,SH601872
2449,2017-02-13,6.16,6.16,6.27,6.11,606375,319205680.0,2.62,0.82,0.05,1.28,SH601872
2450,2017-02-14,6.17,6.16,6.19,6.11,287802,150734156.0,1.3,0.0,0.0,0.61,SH601872
2451,2017-02-15,6.14,6.17,6.25,6.1,525552,276806592.0,2.44,0.16,0.01,1.11,SH601872
2452,2017-02-16,6.14,6.18,6.2,6.12,405304,213042565.0,1.3,0.16,0.01,0.86,SH601872
2453,2017-02-17,6.18,6.08,6.23,6.07,495952,259679214.0,2.59,-1.62,-0.1,1.05,SH601872
2454,2017-02-20,6.09,6.21,6.25,6.08,811563,427742256.0,2.8,2.14,0.13,1.72,SH601872
2455,2017-02-21,6.2,6.22,6.22,6.14,382036,201667951.0,1.29,0.16,0.01,0.81,SH601872
2456,2017-02-22,6.22,6.25,6.28,6.2,494339,263451350.0,1.29,0.48,0.03,1.05,SH601872
2457,2017-02-23,6.23,6.2,6.31,6.16,416129,221192702.0,2.4,-0.8,-0.05,0.88,SH601872
2458,2017-02-24,6.19,6.29,6.32,6.13,575312,305692560.0,3.06,1.45,0.09,1.22,SH601872
2459,2017-02-27,6.3,6.19,6.31,6.18,353279,187784571.0,2.07,-1.59,-0.1,0.75,SH601872
2460,2017-02-28,6.2,6.21,6.22,6.16,265784,140365675.0,0.97,0.32,0.02,0.56,SH601872
2461,2017-03-01,6.21,6.19,6.25,6.17,301399,159730434.0,1.29,-0.32,-0.02,0.64,SH601872
2462,2017-03-02,6.21,6.18,6.28,6.17,306916,162706195.0,1.78,-0.16,-0.01,0.65,SH601872
2463,2017-03-03,6.16,6.16,6.18,6.08,340931,177713564.0,1.62,-0.32,-0.02,0.72,SH601872
2464,2017-03-06,6.14,6.16,6.17,6.11,225122,117916071.0,0.97,0.0,0.0,0.48,SH601872
2465,2017-03-07,6.16,6.16,6.19,6.12,188564,98946471.0,1.14,0.0,0.0,0.4,SH601872
2466,2017-03-08,6.19,6.21,6.27,6.18,417130,221320085.0,1.46,0.81,0.05,0.88,SH601872
2467,2017-03-09,6.21,6.18,6.23,6.11,296297,155568938.0,1.93,-0.48,-0.03,0.63,SH601872
2468,2017-03-10,6.16,6.11,6.18,6.1,170294,88956380.0,1.29,-1.13,-0.07,0.36,SH601872
2469,2017-03-13,6.1,6.14,6.16,6.07,174116,90800658.0,1.47,0.49,0.03,0.37,SH601872
2470,2017-03-14,6.13,6.12,6.16,6.09,162129,84655886.0,1.14,-0.33,-0.02,0.34,SH601872
2471,2017-03-15,6.1,6.12,6.14,6.09,141392,73713060.0,0.82,0.0,0.0,0.3,SH601872
2472,2017-03-16,6.14,6.18,6.19,6.14,256598,134966402.0,0.82,0.98,0.06,0.54,SH601872
2473,2017-03-17,6.19,6.11,6.21,6.09,263125,137836171.0,1.94,-1.13,-0.07,0.56,SH601872
2474,2017-03-20,6.1,6.19,6.2,6.1,249823,131109648.0,1.64,1.31,0.08,0.53,SH601872
2475,2017-03-21,6.19,6.18,6.21,6.14,222912,117425397.0,1.13,-0.16,-0.01,0.47,SH601872
2476,2017-03-22,6.12,6.19,6.25,6.12,294001,155202358.0,2.1,0.16,0.01,0.62,SH601872
2477,2017-03-23,6.17,6.14,6.21,6.09,277104,145434734.0,1.94,-0.81,-0.05,0.59,SH601872
2478,2017-03-24,6.16,6.31,6.41,6.13,953222,510320064.0,4.56,2.77,0.17,2.02,SH601872
2479,2017-03-27,6.32,6.25,6.38,6.24,532419,286967312.0,2.22,-0.95,-0.06,1.13,SH601872
2480,2017-03-28,6.28,6.32,6.33,6.21,460347,246899463.0,1.92,1.12,0.07,0.98,SH601872
2481,2017-03-29,6.4,6.46,6.65,6.35,1334253,741787120.0,4.75,2.22,0.14,2.83,SH601872
2482,2017-03-30,6.5,6.57,6.63,6.35,1305834,728513904.0,4.33,1.7,0.11,2.77,SH601872
2483,2017-03-31,6.5,6.35,6.51,6.33,864037,473135904.0,2.74,-3.35,-0.22,1.83,SH601872
2484,2017-04-05,6.39,6.41,6.46,6.33,557818,305195760.0,2.05,0.94,0.06,1.18,SH601872
2485,2017-04-06,6.42,6.49,6.53,6.35,676272,373132912.0,2.81,1.25,0.08,1.43,SH601872
2486,2017-04-07,6.44,6.39,6.46,6.36,502389,275001264.0,1.54,-1.54,-0.1,1.06,SH601872
2487,2017-04-10,6.38,6.4,6.43,6.32,373536,203921677.0,1.72,0.16,0.01,0.79,SH601872
2488,2017-04-11,6.43,6.56,6.57,6.33,866829,478422976.0,3.75,2.5,0.16,1.84,SH601872
2489,2017-04-12,6.52,6.46,6.54,6.42,559358,310782224.0,1.83,-1.52,-0.1,1.18,SH601872
2490,2017-04-13,6.45,6.43,6.46,6.39,290841,159935186.0,1.08,-0.46,-0.03,0.62,SH601872
2491,2017-04-14,6.43,6.32,6.45,6.3,354931,193120031.0,2.33,-1.71,-0.11,0.75,SH601872
2492,2017-04-17,6.31,6.27,6.33,6.21,331752,177298222.0,1.9,-0.79,-0.05,0.7,SH601872
2493,2017-04-18,6.24,6.2,6.31,6.19,210453,112468440.0,1.91,-1.12,-0.07,0.45,SH601872
2494,2017-04-19,6.19,6.17,6.22,6.08,339907,177868408.0,2.26,-0.48,-0.03,0.72,SH601872
2495,2017-04-20,6.17,6.19,6.19,6.12,189269,99392515.0,1.13,0.32,0.02,0.4,SH601872
2496,2017-04-21,6.19,6.21,6.23,6.1,229246,120735914.0,2.1,0.32,0.02,0.49,SH601872
2497,2017-04-24,6.18,6.18,6.2,6.01,360761,187684189.0,3.06,-0.48,-0.03,0.76,SH601872
2498,2017-04-25,6.14,6.12,6.18,6.12,118940,62384119.0,0.97,-0.97,-0.06,0.25,SH601872
2499,2017-04-26,6.11,6.08,6.14,6.06,157161,81493555.0,1.31,-0.65,-0.04,0.33,SH601872
2500,2017-04-27,6.08,6.05,6.08,5.91,259952,132891621.0,2.8,-0.49,-0.03,0.55,SH601872
2501,2017-04-28,6.03,6.06,6.09,5.98,169901,87353007.0,1.82,0.17,0.01,0.36,SH601872
2502,2017-09-12,6.62,6.44,6.62,6.33,1568202,853325760.0,4.79,6.27,0.38,3.32,SH601872
2503,2017-09-13,6.4,6.24,6.4,6.18,993541,520613184.0,3.42,-3.11,-0.2,2.1,SH601872
2504,2017-09-14,6.21,6.22,6.29,6.18,503667,262353847.0,1.76,-0.32,-0.02,1.07,SH601872
2505,2017-09-15,6.24,6.18,6.25,6.16,352783,183137323.0,1.45,-0.64,-0.04,0.75,SH601872
2506,2017-09-18,6.18,6.14,6.19,6.11,235332,120863107.0,1.29,-0.65,-0.04,0.5,SH601872
2507,2017-09-19,6.13,6.09,6.14,6.08,217256,110892748.0,0.98,-0.81,-0.05,0.46,SH601872
2508,2017-09-20,6.09,6.11,6.13,6.08,155943,79677681.0,0.82,0.33,0.02,0.33,SH601872
2509,2017-09-21,6.13,6.11,6.2,6.11,259183,133682446.0,1.47,0.0,0.0,0.55,SH601872
2510,2017-09-22,6.08,6.08,6.12,6.06,146999,74658051.0,0.98,-0.49,-0.03,0.31,SH601872
2511,2017-09-25,6.08,6.05,6.1,6.02,156731,79547247.0,1.32,-0.49,-0.03,0.33,SH601872
2512,2017-09-26,6.05,6.05,6.07,6.01,126550,63800478.0,0.99,0.0,0.0,0.27,SH601872
2513,2017-09-27,6.06,6.03,6.06,6.01,114143,57508193.0,0.83,-0.33,-0.02,0.24,SH601872
2514,2017-09-28,6.03,5.95,6.03,5.95,191519,95663937.0,1.33,-1.33,-0.08,0.41,SH601872
2515,2017-09-29,5.97,5.94,6.0,5.91,132385,65822584.0,1.51,-0.17,-0.01,0.28,SH601872
2516,2017-10-09,6.0,5.98,6.03,5.96,156157,78042985.0,1.18,0.67,0.04,0.33,SH601872
2517,2017-10-10,5.99,6.02,6.02,5.97,140947,70625558.0,0.84,0.67,0.04,0.3,SH601872
2518,2017-10-11,6.02,6.03,6.07,5.99,117304,59080889.0,1.33,0.17,0.01,0.25,SH601872
2519,2017-10-12,6.02,6.0,6.05,5.97,95495,47813138.0,1.33,-0.5,-0.03,0.2,SH601872
2520,2017-10-13,5.99,5.99,6.0,5.97,83913,41899404.0,0.5,-0.17,-0.01,0.18,SH601872
2521,2017-10-16,5.99,5.97,6.03,5.96,124220,62077406.0,1.17,-0.33,-0.02,0.26,SH601872
2522,2017-10-17,5.98,5.97,6.0,5.96,89865,44845777.0,0.67,0.0,0.0,0.19,SH601872
2523,2017-10-18,5.98,5.97,5.99,5.95,91759,45699190.0,0.67,0.0,0.0,0.19,SH601872
2524,2017-10-19,5.96,5.89,5.97,5.88,139744,68940914.0,1.51,-1.34,-0.08,0.3,SH601872
2525,2017-10-20,5.96,6.05,6.06,5.95,290427,145844546.0,1.87,2.72,0.16,0.62,SH601872
2526,2017-10-23,6.03,6.0,6.03,5.95,176740,88187690.0,1.32,-0.83,-0.05,0.37,SH601872
2527,2017-10-24,5.98,6.03,6.05,5.96,176874,88731296.0,1.5,0.5,0.03,0.37,SH601872
2528,2017-10-25,6.0,6.06,6.08,6.0,133855,67570452.0,1.33,0.5,0.03,0.28,SH601872
2529,2017-10-26,6.05,6.06,6.07,6.0,118543,59783741.0,1.16,0.0,0.0,0.25,SH601872
2530,2017-10-27,6.02,6.08,6.08,6.01,168559,85334022.0,1.16,0.33,0.02,0.36,SH601872
2531,2017-10-30,6.08,5.99,6.08,5.96,115293,57712637.0,1.97,-1.48,-0.09,0.24,SH601872
2532,2017-10-31,5.97,6.08,6.1,5.95,201187,101197182.0,2.5,1.5,0.09,0.43,SH601872
2533,2017-11-01,6.05,6.02,6.05,6.01,130705,65764042.0,0.66,-0.99,-0.06,0.28,SH601872
2534,2017-11-02,6.02,5.95,6.02,5.94,132013,65762992.0,1.33,-1.16,-0.07,0.28,SH601872
2535,2017-11-03,5.94,5.9,5.98,5.83,145742,71615439.0,2.52,-0.84,-0.05,0.31,SH601872
2536,2017-11-06,5.89,5.89,5.9,5.83,105271,51310742.0,1.19,-0.17,-0.01,0.22,SH601872
2537,2017-11-07,5.9,5.88,5.92,5.85,162648,79521327.0,1.19,-0.17,-0.01,0.34,SH601872
2538,2017-11-08,5.88,5.89,5.91,5.85,100834,49433678.0,1.02,0.17,0.01,0.21,SH601872
2539,2017-11-09,5.89,5.9,5.92,5.87,80888,39709493.0,0.85,0.17,0.01,0.17,SH601872
2540,2017-11-10,5.89,5.85,5.9,5.83,127050,61898966.0,1.19,-0.85,-0.05,0.27,SH601872
2541,2017-11-13,5.81,5.84,5.86,5.81,95737,46468522.0,0.85,-0.17,-0.01,0.2,SH601872
2542,2017-11-14,5.83,5.75,5.84,5.74,149338,71742256.0,1.71,-1.54,-0.09,0.32,SH601872
2543,2017-11-15,5.77,5.67,5.77,5.66,126457,59724874.0,1.91,-1.39,-0.08,0.27,SH601872
2544,2017-11-16,5.67,5.62,5.69,5.61,104213,48947272.0,1.41,-0.88,-0.05,0.22,SH601872
2545,2017-11-17,5.61,5.46,5.63,5.45,182857,83725553.0,3.2,-2.85,-0.16,0.39,SH601872
2546,2017-11-20,5.46,5.43,5.47,5.33,93661,41744796.0,2.56,-0.55,-0.03,0.2,SH601872
2547,2017-11-21,5.44,5.51,5.53,5.43,94105,42826675.0,1.84,1.47,0.08,0.2,SH601872
2548,2017-11-22,5.51,5.54,5.56,5.47,77968,35618937.0,1.63,0.54,0.03,0.17,SH601872
2549,2017-11-23,5.54,5.42,5.56,5.41,74440,33839382.0,2.71,-2.17,-0.12,0.16,SH601872
2550,2017-11-24,5.4,5.43,5.46,5.39,66749,29941894.0,1.29,0.18,0.01,0.14,SH601872
2551,2017-11-27,5.43,5.37,5.44,5.33,74445,33206170.0,2.03,-1.1,-0.06,0.16,SH601872
2552,2017-11-28,5.37,5.41,5.42,5.36,62320,27743165.0,1.12,0.74,0.04,0.13,SH601872
2553,2017-11-29,5.42,5.47,5.51,5.39,102188,45945172.0,2.22,1.11,0.06,0.22,SH601872
2554,2017-11-30,5.46,5.44,5.48,5.43,63946,28893029.0,0.91,-0.55,-0.03,0.14,SH601872
2555,2017-12-01,5.43,5.48,5.48,5.42,75368,33995297.0,1.1,0.74,0.04,0.16,SH601872
2556,2017-12-04,5.51,5.53,5.63,5.48,210062,96941971.0,2.74,0.91,0.05,0.44,SH601872
2557,2017-12-05,5.51,5.34,5.51,5.33,146383,65456899.0,3.25,-3.44,-0.19,0.31,SH601872
2558,2017-12-06,5.35,5.33,5.37,5.28,93772,41203210.0,1.69,-0.19,-0.01,0.2,SH601872
2559,2017-12-07,5.31,5.32,5.35,5.29,65064,28525351.0,1.13,-0.19,-0.01,0.14,SH601872
2560,2017-12-08,5.3,5.34,5.36,5.3,63948,28158224.0,1.13,0.38,0.02,0.14,SH601872
2561,2017-12-11,5.33,5.42,5.42,5.32,98114,43690055.0,1.87,1.5,0.08,0.21,SH601872
2562,2017-12-12,5.41,5.37,5.43,5.35,56308,25087504.0,1.48,-0.92,-0.05,0.12,SH601872
2563,2017-12-13,5.39,5.42,5.42,5.36,53037,23617777.0,1.12,0.93,0.05,0.11,SH601872
2564,2017-12-25,5.44,5.37,5.57,5.37,157973,71412064.0,3.69,-0.92,-0.05,0.33,SH601872
2565,2017-12-26,5.34,5.33,5.35,5.28,98334,43106152.0,1.3,-0.74,-0.04,0.21,SH601872
2566,2017-12-27,5.32,5.28,5.33,5.25,70132,30635029.0,1.5,-0.94,-0.05,0.15,SH601872
2567,2017-12-28,5.28,5.26,5.3,5.24,68309,29707583.0,1.14,-0.38,-0.02,0.14,SH601872
2568,2017-12-29,5.28,5.32,5.33,5.26,64493,28181151.0,1.33,1.14,0.06,0.14,SH601872
2569,2018-01-02,5.32,5.39,5.39,5.3,100924,44551004.0,1.69,1.32,0.07,0.21,SH601872
2570,2018-01-03,5.4,5.4,5.41,5.35,81328,36234513.0,1.11,0.19,0.01,0.17,SH601872
2571,2018-01-04,5.42,5.58,5.68,5.42,336533,155639791.0,4.81,3.33,0.18,0.71,SH601872
2572,2018-01-05,5.55,5.55,5.62,5.51,137228,63183861.0,1.97,-0.54,-0.03,0.29,SH601872
2573,2018-01-08,5.56,5.55,5.59,5.53,111025,51147289.0,1.08,0.0,0.0,0.24,SH601872
2574,2018-01-09,5.55,5.48,5.56,5.46,106618,48564844.0,1.8,-1.26,-0.07,0.23,SH601872
2575,2018-01-10,5.48,5.53,5.56,5.45,99620,45548271.0,2.01,0.91,0.05,0.21,SH601872
2576,2018-01-11,5.5,5.52,5.54,5.48,59841,27322420.0,1.08,-0.18,-0.01,0.13,SH601872
2577,2018-01-12,5.51,5.51,5.54,5.48,65151,29768890.0,1.09,-0.18,-0.01,0.14,SH601872
2578,2018-01-15,5.48,5.48,5.53,5.46,82004,37247409.0,1.27,-0.54,-0.03,0.17,SH601872
2579,2018-01-16,5.48,5.5,5.53,5.45,66314,30159664.0,1.46,0.36,0.02,0.14,SH601872
2580,2018-01-17,5.48,5.59,5.62,5.46,173411,79946135.0,2.91,1.64,0.09,0.37,SH601872
2581,2018-01-18,5.57,5.57,5.61,5.55,68953,31867156.0,1.07,-0.36,-0.02,0.15,SH601872
2582,2018-01-19,5.58,5.59,5.61,5.55,81122,37545859.0,1.08,0.36,0.02,0.17,SH601872
2583,2018-01-22,5.61,5.58,5.62,5.54,68891,31805239.0,1.43,-0.18,-0.01,0.15,SH601872
2584,2018-01-23,5.56,5.55,5.59,5.54,66989,30917036.0,0.9,-0.54,-0.03,0.14,SH601872
2585,2018-01-24,5.45,5.44,5.47,5.34,253975,113708701.0,2.34,-1.98,-0.11,0.54,SH601872
2586,2018-01-25,5.41,5.43,5.48,5.4,130318,58714034.0,1.47,-0.18,-0.01,0.28,SH601872
2587,2018-01-26,5.43,5.47,5.51,5.41,132819,60244543.0,1.84,0.74,0.04,0.28,SH601872
2588,2018-01-29,5.5,5.42,5.51,5.4,86101,38846042.0,2.01,-0.91,-0.05,0.18,SH601872
2589,2018-01-30,5.4,5.37,5.44,5.33,94546,42030523.0,2.03,-0.92,-0.05,0.2,SH601872
2590,2018-01-31,5.35,5.25,5.36,5.23,121585,53117570.0,2.42,-2.23,-0.12,0.26,SH601872
2591,2018-02-01,5.22,5.03,5.3,5.0,162226,68443726.0,5.71,-4.19,-0.22,0.34,SH601872
2592,2018-02-02,5.01,5.02,5.07,4.9,85574,34918024.0,3.38,-0.2,-0.01,0.18,SH601872
2593,2018-02-05,4.98,5.07,5.1,4.95,69244,28671534.0,2.99,1.0,0.05,0.15,SH601872
2594,2018-02-06,4.98,4.82,5.06,4.81,116879,47149989.0,4.93,-4.93,-0.25,0.25,SH601872
2595,2018-02-07,4.88,4.84,4.93,4.82,86863,34607550.0,2.28,0.41,0.02,0.18,SH601872
2596,2018-02-08,4.84,4.92,4.92,4.82,71808,28776241.0,2.07,1.65,0.08,0.15,SH601872
2597,2018-02-09,4.85,4.73,4.89,4.7,111412,43323205.0,3.86,-3.86,-0.19,0.24,SH601872
2598,2018-02-12,4.75,4.78,4.8,4.74,50239,19584341.0,1.27,1.06,0.05,0.11,SH601872
2599,2018-02-13,4.81,4.79,4.81,4.78,38170,14950019.0,0.63,0.21,0.01,0.08,SH601872
2600,2018-02-14,4.79,4.8,4.81,4.77,30538,11940947.0,0.84,0.21,0.01,0.06,SH601872
2601,2018-02-22,4.82,4.84,4.85,4.81,35681,14092224.0,0.83,0.83,0.04,0.08,SH601872
2602,2018-02-23,4.84,4.82,4.87,4.8,55421,21870034.0,1.45,-0.41,-0.02,0.12,SH601872
2603,2018-02-26,4.86,4.88,4.88,4.82,75286,29870753.0,1.24,1.24,0.06,0.16,SH601872
2604,2018-02-27,4.87,4.9,4.9,4.85,57225,22794141.0,1.02,0.41,0.02,0.12,SH601872
2605,2018-02-28,4.87,4.89,4.95,4.85,63760,25553351.0,2.04,-0.2,-0.01,0.14,SH601872
2606,2018-03-01,4.89,5.0,5.02,4.87,122586,49870037.0,3.07,2.25,0.11,0.26,SH601872
2607,2018-03-02,4.97,4.97,5.01,4.96,43060,17547168.0,1.0,-0.6,-0.03,0.09,SH601872
2608,2018-03-05,4.97,4.96,4.98,4.93,32108,13016581.0,1.01,-0.2,-0.01,0.07,SH601872
2609,2018-03-06,4.96,4.98,4.98,4.93,45389,18453437.0,1.01,0.4,0.02,0.1,SH601872
2610,2018-03-07,4.98,4.93,4.98,4.92,38214,15482301.0,1.2,-1.0,-0.05,0.08,SH601872
2611,2018-03-08,4.93,4.97,4.98,4.92,37979,15395221.0,1.22,0.81,0.04,0.08,SH601872
2612,2018-03-09,4.97,5.0,5.01,4.95,62453,25528152.0,1.21,0.6,0.03,0.13,SH601872
2613,2018-03-12,5.01,5.0,5.03,4.98,62338,25524190.0,1.0,0.0,0.0,0.13,SH601872
2614,2018-03-13,5.02,5.0,5.03,4.98,60384,24759013.0,1.0,0.0,0.0,0.13,SH601872
2615,2018-03-14,5.01,4.95,5.01,4.92,55720,22652787.0,1.8,-1.0,-0.05,0.12,SH601872
2616,2018-03-15,4.92,4.92,4.95,4.87,60029,24084987.0,1.62,-0.61,-0.03,0.13,SH601872
2617,2018-03-16,4.91,4.89,4.93,4.88,31423,12607345.0,1.02,-0.61,-0.03,0.07,SH601872
2618,2018-03-19,4.89,4.89,4.92,4.87,38005,15221703.0,1.02,0.0,0.0,0.08,SH601872
2619,2018-03-20,4.87,4.88,4.89,4.84,51516,20481787.0,1.02,-0.2,-0.01,0.11,SH601872
2620,2018-03-21,4.86,4.88,4.91,4.86,39331,15732379.0,1.02,0.0,0.0,0.08,SH601872
2621,2018-03-22,4.88,4.85,4.89,4.84,39823,15813418.0,1.02,-0.61,-0.03,0.08,SH601872
2622,2018-03-23,4.8,4.55,4.86,4.52,161688,61172098.0,7.01,-6.19,-0.3,0.34,SH601872
2623,2018-03-26,4.43,4.56,4.57,4.4,84823,30832712.0,3.74,0.22,0.01,0.18,SH601872
2624,2018-03-27,4.59,4.63,4.66,4.59,51564,19405582.0,1.54,1.54,0.07,0.11,SH601872
2625,2018-03-28,4.6,4.54,4.62,4.54,50776,18807530.0,1.73,-1.94,-0.09,0.11,SH601872
2626,2018-03-29,4.56,4.57,4.58,4.54,50438,18659208.0,0.88,0.66,0.03,0.11,SH601872
2627,2018-03-30,4.58,4.58,4.62,4.56,54818,20435777.0,1.31,0.22,0.01,0.12,SH601872
2628,2018-04-02,4.58,4.56,4.62,4.55,79692,29634608.0,1.53,-0.44,-0.02,0.17,SH601872
2629,2018-04-03,4.52,4.49,4.53,4.48,69835,25429925.0,1.1,-1.54,-0.07,0.15,SH601872
2630,2018-04-04,4.49,4.46,4.52,4.45,49471,17976143.0,1.56,-0.67,-0.03,0.1,SH601872
2631,2018-04-09,4.41,4.4,4.44,4.36,88473,31380097.0,1.79,-1.35,-0.06,0.19,SH601872
2632,2018-04-10,4.4,4.74,4.79,4.36,323578,121889375.0,9.77,7.73,0.34,0.69,SH601872
2633,2018-04-11,4.66,4.7,4.77,4.63,217824,83162911.0,2.95,-0.84,-0.04,0.46,SH601872
2634,2018-04-12,4.68,4.58,4.68,4.57,96405,36312863.0,2.34,-2.55,-0.12,0.2,SH601872
2635,2018-04-13,4.6,4.59,4.69,4.56,81955,30802949.0,2.84,0.22,0.01,0.17,SH601872
2636,2018-04-16,4.6,4.56,4.64,4.49,75148,27819666.0,3.27,-0.65,-0.03,0.16,SH601872
2637,2018-04-17,4.56,4.51,4.57,4.49,54271,19945755.0,1.75,-1.1,-0.05,0.11,SH601872
2638,2018-04-18,4.53,4.53,4.56,4.44,51806,18840598.0,2.66,0.44,0.02,0.11,SH601872
2639,2018-04-19,4.56,4.54,4.56,4.52,49460,18211249.0,0.88,0.22,0.01,0.1,SH601872
2640,2018-04-20,4.55,4.64,4.82,4.53,201872,76960023.0,6.39,2.2,0.1,0.43,SH601872
2641,2018-04-23,4.58,4.69,4.75,4.57,121246,46159836.0,3.88,1.08,0.05,0.26,SH601872
2642,2018-04-24,4.67,4.71,4.71,4.64,105968,40451852.0,1.49,0.43,0.02,0.22,SH601872
2643,2018-04-25,4.68,4.65,4.7,4.64,58562,22220729.0,1.27,-1.27,-0.06,0.12,SH601872
2644,2018-04-26,4.6,4.62,4.64,4.54,98653,36782646.0,2.15,-0.65,-0.03,0.21,SH601872
2645,2018-04-27,4.62,4.64,4.66,4.59,52807,19857701.0,1.52,0.43,0.02,0.11,SH601872
2646,2018-05-02,4.62,4.58,4.65,4.48,70226,26000235.0,3.66,-1.29,-0.06,0.15,SH601872
2647,2018-05-03,4.58,4.59,4.6,4.51,67338,24945184.0,1.97,0.22,0.01,0.14,SH601872
2648,2018-05-04,4.6,4.67,4.7,4.58,86713,32787080.0,2.61,1.74,0.08,0.18,SH601872
2649,2018-05-07,4.69,4.67,4.7,4.62,69859,26500577.0,1.71,0.0,0.0,0.15,SH601872
2650,2018-05-08,4.68,4.74,4.76,4.66,101688,39155705.0,2.14,1.5,0.07,0.22,SH601872
2651,2018-05-09,4.76,4.86,4.91,4.76,258793,103029747.0,3.16,2.53,0.12,0.55,SH601872
2652,2018-05-10,4.85,4.87,4.88,4.81,74849,29633128.0,1.44,0.21,0.01,0.16,SH601872
2653,2018-05-11,4.87,4.82,4.88,4.8,67162,26471816.0,1.64,-1.03,-0.05,0.14,SH601872
2654,2018-05-14,4.84,4.79,4.87,4.76,84444,33020144.0,2.28,-0.62,-0.03,0.18,SH601872
2655,2018-05-15,4.78,4.86,4.89,4.76,101165,39879750.0,2.71,1.46,0.07,0.21,SH601872
2656,2018-05-16,4.85,4.82,4.93,4.8,79125,31555328.0,2.67,-0.82,-0.04,0.17,SH601872
2657,2018-05-17,4.81,4.82,4.87,4.79,67960,26890993.0,1.66,0.0,0.0,0.14,SH601872
2658,2018-05-18,4.8,4.99,5.09,4.79,290961,118451249.0,6.22,3.53,0.17,0.62,SH601872
2659,2018-05-21,5.39,5.15,5.39,5.14,561374,244135068.0,5.01,3.21,0.16,1.19,SH601872
2660,2018-05-22,5.13,5.1,5.25,5.07,307955,131020989.0,3.5,-0.97,-0.05,0.65,SH601872
2661,2018-05-23,5.13,4.95,5.19,4.93,245411,101904183.0,5.1,-2.94,-0.15,0.52,SH601872
2662,2018-05-24,5.0,5.04,5.12,4.96,192074,79557959.0,3.23,1.82,0.09,0.41,SH601872
2663,2018-05-25,5.04,4.96,5.04,4.93,175351,71501955.0,2.18,-1.59,-0.08,0.37,SH601872
2664,2018-05-28,4.93,4.97,5.0,4.88,95851,38825553.0,2.42,0.2,0.01,0.2,SH601872
2665,2018-05-29,4.92,4.89,4.98,4.85,108983,43766464.0,2.62,-1.61,-0.08,0.23,SH601872
2666,2018-05-30,4.82,4.73,4.84,4.7,121535,47259102.0,2.86,-3.27,-0.16,0.26,SH601872
2667,2018-05-31,4.76,4.79,4.81,4.75,70810,27648376.0,1.27,1.27,0.06,0.15,SH601872
2668,2018-06-01,4.77,4.79,4.81,4.76,47844,18702769.0,1.04,0.0,0.0,0.1,SH601872
2669,2018-06-04,4.79,4.77,4.81,4.75,58671,22884136.0,1.25,-0.42,-0.02,0.12,SH601872
2670,2018-06-05,4.75,4.82,4.82,4.75,73176,28496356.0,1.47,1.05,0.05,0.16,SH601872
2671,2018-06-06,4.8,4.82,4.85,4.78,82627,32518522.0,1.45,0.0,0.0,0.18,SH601872
2672,2018-06-07,4.82,4.65,4.86,4.62,157691,61058893.0,4.98,-3.53,-0.17,0.33,SH601872
2673,2018-06-08,4.68,4.56,4.69,4.53,222634,82352895.0,3.44,-1.94,-0.09,0.47,SH601872
2674,2018-06-11,4.56,4.48,4.58,4.45,82227,30053569.0,2.85,-1.75,-0.08,0.17,SH601872
2675,2018-06-12,4.49,4.53,4.53,4.45,49229,17897788.0,1.79,1.12,0.05,0.1,SH601872
2676,2018-06-13,4.52,4.46,4.52,4.45,43076,15631984.0,1.55,-1.55,-0.07,0.09,SH601872
2677,2018-06-14,4.43,4.47,4.48,4.43,39496,14212198.0,1.12,0.22,0.01,0.08,SH601872
2678,2018-06-15,4.47,4.53,4.53,4.41,79962,28936357.0,2.68,1.34,0.06,0.17,SH601872
2679,2018-06-19,4.46,4.26,4.53,4.12,162790,56572456.0,9.05,-5.96,-0.27,0.34,SH601872
2680,2018-06-20,4.25,4.23,4.3,4.1,154524,52041401.0,4.69,-0.7,-0.03,0.33,SH601872
2681,2018-06-21,4.24,4.24,4.33,4.23,116671,40038522.0,2.36,0.24,0.01,0.25,SH601872
2682,2018-06-22,4.21,4.4,4.41,4.21,96194,33790424.0,4.72,3.77,0.16,0.2,SH601872
2683,2018-06-25,4.41,4.41,4.44,4.38,45238,16099645.0,1.36,0.23,0.01,0.1,SH601872
2684,2018-06-26,4.36,4.45,4.48,4.35,47104,16843405.0,2.95,0.91,0.04,0.1,SH601872
2685,2018-06-27,4.46,4.43,4.49,4.41,36148,13013540.0,1.8,-0.45,-0.02,0.08,SH601872
2686,2018-06-28,4.44,4.38,4.49,4.38,38801,13948306.0,2.48,-1.13,-0.05,0.08,SH601872
2687,2018-06-29,4.41,4.46,4.47,4.38,44908,16107880.0,2.05,1.83,0.08,0.1,SH601872
2688,2018-07-02,4.47,4.41,4.48,4.38,35857,12851815.0,2.24,-1.12,-0.05,0.08,SH601872
2689,2018-07-03,4.4,4.36,4.44,4.32,59026,20772722.0,2.72,-1.13,-0.05,0.13,SH601872
2690,2018-07-04,4.37,4.34,4.4,4.32,29320,10278705.0,1.83,-0.46,-0.02,0.06,SH601872
2691,2018-07-05,4.34,4.22,4.35,4.21,58625,20098937.0,3.23,-2.76,-0.12,0.12,SH601872
2692,2018-07-06,4.16,4.2,4.25,4.12,51419,17303985.0,3.08,-0.47,-0.02,0.11,SH601872
2693,2018-07-09,4.2,4.24,4.25,4.19,42664,14496372.0,1.43,0.95,0.04,0.09,SH601872
2694,2018-07-10,4.25,4.24,4.27,4.2,37737,12841065.0,1.65,0.0,0.0,0.08,SH601872
2695,2018-07-11,4.22,4.19,4.22,4.14,55508,18586855.0,1.89,-1.18,-0.05,0.12,SH601872
2696,2018-07-12,4.18,4.26,4.27,4.18,55151,18817448.0,2.15,1.67,0.07,0.12,SH601872
2697,2018-07-13,4.27,4.28,4.3,4.26,30696,10458279.0,0.94,0.47,0.02,0.07,SH601872
2698,2018-07-16,4.3,4.27,4.3,4.25,22843,7753200.0,1.17,-0.23,-0.01,0.05,SH601872
2699,2018-07-17,4.27,4.26,4.29,4.24,23783,8057515.0,1.17,-0.23,-0.01,0.05,SH601872
2700,2018-07-18,4.25,4.25,4.28,4.24,40009,13556119.0,0.94,-0.23,-0.01,0.08,SH601872
2701,2018-07-19,4.25,4.25,4.26,4.2,39260,13196875.0,1.41,0.0,0.0,0.08,SH601872
2702,2018-07-20,4.25,4.28,4.29,4.19,41610,14102345.0,2.35,0.71,0.03,0.09,SH601872
2703,2018-07-23,4.25,4.31,4.34,4.2,55367,18848775.0,3.27,0.7,0.03,0.12,SH601872
2704,2018-07-24,4.32,4.4,4.45,4.32,90315,31682025.0,3.02,2.09,0.09,0.19,SH601872
2705,2018-07-25,4.4,4.39,4.43,4.36,50786,17844240.0,1.59,-0.23,-0.01,0.11,SH601872
2706,2018-07-26,4.39,4.4,4.48,4.36,84182,29887463.0,2.73,0.23,0.01,0.18,SH601872
2707,2018-07-27,4.4,4.46,4.48,4.39,80561,28590420.0,2.05,1.36,0.06,0.17,SH601872
2708,2018-07-30,4.41,4.36,4.41,4.31,77734,27000576.0,2.24,-2.24,-0.1,0.16,SH601872
2709,2018-07-31,4.35,4.36,4.38,4.34,28729,9996435.0,0.92,0.0,0.0,0.06,SH601872
2710,2018-08-01,4.37,4.4,4.51,4.37,113629,40364395.0,3.21,0.92,0.04,0.24,SH601872
2711,2018-08-02,4.38,4.25,4.39,4.16,89676,30457545.0,5.23,-3.41,-0.15,0.19,SH601872
2712,2018-08-03,4.27,4.25,4.3,4.21,33563,11390951.0,2.12,0.0,0.0,0.07,SH601872
2713,2018-08-06,4.27,4.21,4.27,4.19,49513,16635450.0,1.88,-0.94,-0.04,0.1,SH601872
2714,2018-08-07,4.24,4.31,4.32,4.2,54507,18521117.0,2.85,2.38,0.1,0.12,SH601872
2715,2018-08-08,4.31,4.31,4.36,4.28,66811,23037070.0,1.86,0.0,0.0,0.14,SH601872
2716,2018-08-09,4.32,4.39,4.42,4.31,70159,24634734.0,2.55,1.86,0.08,0.15,SH601872
2717,2018-08-10,4.39,4.45,4.45,4.39,70553,24965098.0,1.37,1.37,0.06,0.15,SH601872
2718,2018-08-13,4.45,4.4,4.45,4.35,62178,21752117.0,2.25,-1.12,-0.05,0.13,SH601872
2719,2018-08-14,4.39,4.43,4.43,4.37,36264,12775973.0,1.36,0.68,0.03,0.08,SH601872
2720,2018-08-15,4.42,4.4,4.43,4.39,39513,13922961.0,0.9,-0.68,-0.03,0.08,SH601872
2721,2018-08-16,4.38,4.35,4.38,4.28,53871,18631126.0,2.27,-1.14,-0.05,0.11,SH601872
2722,2018-08-17,4.34,4.25,4.36,4.24,44649,15254224.0,2.76,-2.3,-0.1,0.09,SH601872
2723,2018-08-20,4.25,4.24,4.28,4.2,63868,21452717.0,1.88,-0.24,-0.01,0.14,SH601872
2724,2018-08-21,4.24,4.26,4.29,4.23,45608,15475396.0,1.42,0.47,0.02,0.1,SH601872
2725,2018-08-22,4.26,4.27,4.29,4.24,37965,12886510.0,1.17,0.23,0.01,0.08,SH601872
2726,2018-08-23,4.25,4.26,4.29,4.23,43581,14755201.0,1.41,-0.23,-0.01,0.09,SH601872
2727,2018-08-24,4.26,4.26,4.28,4.23,29743,10066949.0,1.17,0.0,0.0,0.06,SH601872
2728,2018-08-27,4.28,4.29,4.31,4.26,36375,12443982.0,1.17,0.7,0.03,0.08,SH601872
2729,2018-08-28,4.3,4.31,4.34,4.29,25191,8659553.0,1.17,0.47,0.02,0.05,SH601872
2730,2018-08-29,4.31,4.24,4.31,4.23,74938,25326927.0,1.86,-1.62,-0.07,0.16,SH601872
2731,2018-08-30,4.24,4.23,4.26,4.21,30770,10357358.0,1.18,-0.24,-0.01,0.07,SH601872
2732,2018-08-31,4.21,4.17,4.24,4.17,61879,20651224.0,1.65,-1.42,-0.06,0.13,SH601872
2733,2018-09-03,4.19,4.16,4.2,4.14,50468,16677084.0,1.44,-0.24,-0.01,0.11,SH601872
2734,2018-09-04,4.16,4.24,4.26,4.16,42104,14116357.0,2.4,1.92,0.08,0.09,SH601872
2735,2018-09-05,4.24,4.25,4.28,4.2,66523,22487032.0,1.89,0.24,0.01,0.14,SH601872
2736,2018-09-06,4.24,4.2,4.26,4.2,28792,9653931.0,1.41,-1.18,-0.05,0.06,SH601872
2737,2018-09-07,4.2,4.21,4.25,4.19,39300,13161229.0,1.43,0.24,0.01,0.08,SH601872
2738,2018-09-10,4.21,4.18,4.23,4.17,26199,8707035.0,1.43,-0.71,-0.03,0.06,SH601872
2739,2018-09-11,4.19,4.18,4.23,4.16,22895,7626806.0,1.67,0.0,0.0,0.05,SH601872
2740,2018-09-12,4.21,4.19,4.21,4.17,20930,6962513.0,0.96,0.24,0.01,0.04,SH601872
2741,2018-09-13,4.21,4.24,4.25,4.2,37807,12714973.0,1.19,1.19,0.05,0.08,SH601872
2742,2018-09-14,4.26,4.31,4.35,4.24,113345,38897329.0,2.59,1.65,0.07,0.24,SH601872
2743,2018-09-17,4.3,4.3,4.36,4.29,51901,17887597.0,1.62,-0.23,-0.01,0.11,SH601872
2744,2018-09-18,4.29,4.34,4.35,4.25,65034,22358934.0,2.33,0.93,0.04,0.14,SH601872
2745,2018-09-19,4.35,4.4,4.47,4.32,145458,51417327.0,3.46,1.38,0.06,0.31,SH601872
2746,2018-09-20,4.45,4.42,4.47,4.4,58344,20698323.0,1.59,0.45,0.02,0.12,SH601872
2747,2018-09-21,4.45,4.47,4.49,4.45,67357,24095814.0,0.9,1.13,0.05,0.14,SH601872
2748,2018-09-25,4.46,4.53,4.54,4.43,108860,39327460.0,2.46,1.34,0.06,0.23,SH601872
2749,2018-09-26,4.51,4.5,4.54,4.47,99794,36112612.0,1.55,-0.66,-0.03,0.21,SH601872
2750,2018-09-27,4.5,4.45,4.53,4.43,79518,28466938.0,2.22,-1.11,-0.05,0.17,SH601872
2751,2018-09-28,4.48,4.62,4.84,4.45,201038,74913465.0,8.76,3.82,0.17,0.43,SH601872
2752,2018-10-08,4.83,4.74,5.02,4.74,431017,170787482.0,6.06,2.6,0.12,0.91,SH601872
2753,2018-10-09,4.79,4.86,4.98,4.7,383267,151340322.0,5.91,2.53,0.12,0.81,SH601872
2754,2018-10-10,4.86,4.79,4.91,4.71,135926,52457746.0,4.12,-1.44,-0.07,0.29,SH601872
2755,2018-10-11,4.64,4.57,4.7,4.49,213282,79366323.0,4.38,-4.59,-0.22,0.45,SH601872
2756,2018-10-12,4.52,4.49,4.65,4.47,214395,78000813.0,3.94,-1.75,-0.08,0.45,SH601872
2757,2018-10-15,4.5,4.69,4.81,4.5,223724,84022423.0,6.9,4.45,0.2,0.47,SH601872
2758,2018-10-16,4.72,4.57,4.74,4.5,151480,55930571.0,5.12,-2.56,-0.12,0.32,SH601872
2759,2018-10-17,4.59,4.72,4.82,4.57,211659,80466073.0,5.47,3.28,0.15,0.45,SH601872
2760,2018-10-18,4.7,4.58,4.7,4.52,136003,50360942.0,3.81,-2.97,-0.14,0.29,SH601872
2761,2018-10-19,4.53,4.49,4.56,4.29,228459,81312564.0,5.9,-1.97,-0.09,0.48,SH601872
2762,2018-10-22,4.52,4.68,4.71,4.52,159537,59651681.0,4.23,4.23,0.19,0.34,SH601872
2763,2018-10-23,4.7,4.72,4.87,4.65,156409,60145983.0,4.7,0.85,0.04,0.33,SH601872
2764,2018-10-24,4.76,4.75,4.82,4.68,121917,46741156.0,2.97,0.64,0.03,0.26,SH601872
2765,2018-10-25,4.61,4.81,4.84,4.59,129760,49769110.0,5.26,1.26,0.06,0.27,SH601872
2766,2018-10-26,4.83,4.89,5.01,4.81,206721,82599009.0,4.16,1.66,0.08,0.44,SH601872
2767,2018-10-29,5.01,4.96,5.06,4.89,206514,83557335.0,3.48,1.43,0.07,0.44,SH601872
2768,2018-10-30,5.0,4.96,5.03,4.83,177564,71301042.0,4.03,0.0,0.0,0.38,SH601872
2769,2018-10-31,4.93,4.94,5.02,4.93,84772,34227337.0,1.81,-0.4,-0.02,0.18,SH601872
2770,2018-11-01,4.94,5.02,5.06,4.94,147317,60140862.0,2.43,1.62,0.08,0.31,SH601872
2771,2018-11-02,5.13,5.13,5.19,5.06,146533,61083433.0,2.59,2.19,0.11,0.31,SH601872
2772,2018-11-05,5.16,4.9,5.16,4.81,361887,144359705.0,6.82,-4.48,-0.23,0.77,SH601872
2773,2018-11-06,4.85,4.87,4.9,4.83,129119,50787679.0,1.43,-0.61,-0.03,0.27,SH601872
2774,2018-11-07,4.9,4.84,4.9,4.83,97104,38260843.0,1.44,-0.62,-0.03,0.21,SH601872
2775,2018-11-08,4.86,4.76,4.87,4.74,102475,39622993.0,2.69,-1.65,-0.08,0.22,SH601872
2776,2018-11-09,4.78,4.71,4.78,4.62,129123,48670756.0,3.36,-1.05,-0.05,0.27,SH601872
2777,2018-11-12,4.71,4.81,4.83,4.67,87689,33701410.0,3.4,2.12,0.1,0.19,SH601872
2778,2018-11-13,4.74,4.85,4.86,4.73,82350,32108921.0,2.7,0.83,0.04,0.17,SH601872
2779,2018-11-14,4.89,4.82,4.93,4.78,115741,45517252.0,3.09,-0.62,-0.03,0.25,SH601872
2780,2018-11-15,4.81,4.82,4.84,4.79,95788,37297394.0,1.04,0.0,0.0,0.2,SH601872
2781,2018-11-16,4.8,4.81,4.86,4.78,101639,39645010.0,1.66,-0.21,-0.01,0.22,SH601872
2782,2018-11-19,4.83,4.76,4.9,4.73,117292,45370709.0,3.53,-1.04,-0.05,0.25,SH601872
2783,2018-11-20,4.75,4.72,4.76,4.69,117897,44865359.0,1.47,-0.84,-0.04,0.25,SH601872
2784,2018-11-21,4.7,4.71,4.75,4.67,63986,24295110.0,1.69,-0.21,-0.01,0.14,SH601872
2785,2018-11-22,4.71,4.79,4.81,4.7,91467,35217135.0,2.34,1.7,0.08,0.19,SH601872
2786,2018-11-23,4.79,4.71,4.81,4.69,70002,26859556.0,2.51,-1.67,-0.08,0.15,SH601872
2787,2018-11-26,4.7,4.75,4.81,4.7,68948,26614677.0,2.34,0.85,0.04,0.15,SH601872
2788,2018-11-27,4.79,4.72,4.8,4.71,56196,21513229.0,1.89,-0.63,-0.03,0.12,SH601872
2789,2018-11-28,4.75,4.92,4.93,4.74,212118,83692078.0,4.03,4.24,0.2,0.45,SH601872
2790,2018-11-29,4.98,4.87,4.98,4.85,112821,44725732.0,2.64,-1.02,-0.05,0.24,SH601872
2791,2018-11-30,4.85,5.0,5.02,4.82,205272,82650624.0,4.11,2.67,0.13,0.43,SH601872
2792,2018-12-03,5.23,5.3,5.34,5.23,537094,232450925.0,2.2,6.0,0.3,1.14,SH601872
2793,2018-12-04,5.27,5.19,5.3,5.19,186326,79750188.0,2.08,-2.08,-0.11,0.39,SH601872
2794,2018-12-05,5.17,5.13,5.18,5.02,302360,125488174.0,3.08,-1.16,-0.06,0.64,SH601872
2795,2018-12-06,5.08,5.0,5.15,4.98,169200,69532565.0,3.31,-2.53,-0.13,0.36,SH601872
2796,2018-12-07,5.03,5.05,5.18,5.03,140410,58172249.0,3.0,1.0,0.05,0.3,SH601872
2797,2018-12-10,5.03,5.0,5.11,4.95,103828,42434223.0,3.17,-0.99,-0.05,0.22,SH601872
2798,2018-12-11,5.0,5.01,5.05,4.96,94156,38233041.0,1.8,0.2,0.01,0.2,SH601872
2799,2018-12-12,5.02,4.95,5.03,4.93,112521,45367062.0,2.0,-1.2,-0.06,0.24,SH601872
2800,2018-12-13,4.98,4.97,5.03,4.93,100672,40800718.0,2.02,0.4,0.02,0.21,SH601872
2801,2018-12-14,4.96,4.94,4.98,4.92,83275,33408957.0,1.21,-0.6,-0.03,0.18,SH601872
2802,2018-12-17,4.93,4.89,4.98,4.84,142276,56651139.0,2.83,-1.01,-0.05,0.3,SH601872
2803,2018-12-18,4.86,4.85,4.91,4.78,141780,55463856.0,2.66,-0.82,-0.04,0.3,SH601872
2804,2018-12-19,4.83,4.82,4.86,4.78,98918,38686644.0,1.65,-0.62,-0.03,0.21,SH601872
2805,2018-12-20,4.82,4.82,4.85,4.8,77970,30458841.0,1.04,0.0,0.0,0.17,SH601872
2806,2018-12-21,4.8,4.76,4.84,4.72,80640,31093430.0,2.49,-1.24,-0.06,0.17,SH601872
2807,2018-12-24,4.78,4.82,4.83,4.72,62714,24217847.0,2.31,1.26,0.06,0.13,SH601872
2808,2018-12-25,4.78,4.72,4.78,4.6,106093,40079803.0,3.73,-2.07,-0.1,0.22,SH601872
2809,2018-12-26,4.71,4.68,4.75,4.61,74248,27940226.0,2.97,-0.85,-0.04,0.16,SH601872
2810,2018-12-27,4.74,4.63,4.76,4.63,55771,21133443.0,2.78,-1.07,-0.05,0.12,SH601872
2811,2018-12-28,4.69,4.59,4.7,4.59,75220,28079529.0,2.38,-0.86,-0.04,0.16,SH601872
2812,2019-01-02,4.68,4.59,4.69,4.59,63335,23604132.0,2.18,0.0,0.0,0.13,SH601872
2813,2019-01-03,4.6,4.54,4.65,4.49,123133,45522314.0,3.49,-1.09,-0.05,0.26,SH601872
2814,2019-01-04,4.53,4.63,4.68,4.52,137546,51128835.0,3.52,1.98,0.09,0.29,SH601872
2815,2019-01-07,4.68,4.74,4.74,4.63,96996,36742245.0,2.38,2.38,0.11,0.21,SH601872
2816,2019-01-08,4.71,4.74,4.79,4.68,105152,40291792.0,2.32,0.0,0.0,0.22,SH601872
2817,2019-01-09,4.76,4.8,4.87,4.7,136094,53313264.0,3.59,1.27,0.06,0.29,SH601872
2818,2019-01-10,4.79,4.83,4.89,4.78,83813,32822640.0,2.29,0.63,0.03,0.18,SH601872
2819,2019-01-11,4.82,4.85,4.89,4.79,106110,41526088.0,2.07,0.41,0.02,0.22,SH601872
2820,2019-01-14,4.86,4.82,4.87,4.82,66130,25934214.0,1.03,-0.62,-0.03,0.14,SH601872
2821,2019-01-15,4.85,4.87,4.89,4.81,71920,28323504.0,1.66,1.04,0.05,0.15,SH601872
2822,2019-01-16,4.86,4.9,4.92,4.86,72813,28913429.0,1.23,0.62,0.03,0.15,SH601872
2823,2019-01-17,4.89,4.8,4.9,4.8,81508,31935917.0,2.04,-2.04,-0.1,0.17,SH601872
2824,2019-01-18,4.83,4.85,4.9,4.83,126449,49865627.0,1.46,1.04,0.05,0.27,SH601872
2825,2019-01-21,4.89,5.0,5.04,4.87,153953,62397943.0,3.51,3.09,0.15,0.33,SH601872
2826,2019-01-22,5.09,4.86,5.13,4.83,196546,78741267.0,6.0,-2.8,-0.14,0.42,SH601872
2827,2019-01-23,4.86,5.0,5.01,4.82,239413,96252938.0,3.91,2.88,0.14,0.51,SH601872
2828,2019-01-24,4.93,5.04,5.08,4.89,246681,100252891.0,3.8,0.8,0.04,0.52,SH601872
2829,2019-01-25,5.01,5.14,5.17,5.0,228146,95161221.0,3.37,1.98,0.1,0.48,SH601872
2830,2019-01-28,5.14,5.11,5.17,5.08,149059,62262046.0,1.75,-0.58,-0.03,0.32,SH601872
2831,2019-01-29,5.09,5.08,5.18,5.04,160497,66944460.0,2.74,-0.59,-0.03,0.34,SH601872
2832,2019-01-30,5.15,5.18,5.22,5.11,208040,87987478.0,2.17,1.97,0.1,0.44,SH601872
2833,2019-01-31,5.15,5.09,5.17,4.93,250234,103142679.0,4.63,-1.74,-0.09,0.53,SH601872
2834,2019-02-01,5.05,5.12,5.13,4.97,155341,64039548.0,3.14,0.59,0.03,0.33,SH601872
2835,2019-02-11,5.06,5.18,5.19,5.05,162380,67943241.0,2.73,1.17,0.06,0.34,SH601872
2836,2019-02-12,5.15,5.13,5.2,5.11,163228,68576885.0,1.74,-0.97,-0.05,0.35,SH601872
2837,2019-02-13,5.16,5.13,5.17,5.06,235828,98031757.0,2.14,0.0,0.0,0.5,SH601872
2838,2019-02-14,5.11,5.07,5.13,5.05,143842,59556990.0,1.56,-1.17,-0.06,0.3,SH601872
2839,2019-02-15,5.05,5.09,5.13,5.05,175095,72818978.0,1.58,0.39,0.02,0.37,SH601872
2840,2019-02-18,5.07,5.14,5.14,5.07,171673,71688912.0,1.38,0.98,0.05,0.36,SH601872
2841,2019-02-19,5.15,5.22,5.22,5.14,228659,96550309.0,1.56,1.56,0.08,0.48,SH601872
2842,2019-02-20,5.22,5.11,5.22,5.09,166935,69727407.0,2.49,-2.11,-0.11,0.35,SH601872
2843,2019-02-21,5.09,5.15,5.23,5.06,209590,88179515.0,3.33,0.78,0.04,0.44,SH601872
2844,2019-02-22,5.16,5.2,5.22,5.09,196748,82705193.0,2.52,0.97,0.05,0.42,SH601872
2845,2019-02-25,5.24,5.42,5.44,5.22,527248,230377682.0,4.23,4.23,0.22,1.12,SH601872
2846,2019-02-26,5.44,5.66,5.89,5.36,615342,284141024.0,9.78,4.43,0.24,1.3,SH601872
2847,2019-02-27,5.61,5.57,5.72,5.56,305182,141520365.0,2.83,-1.59,-0.09,0.65,SH601872
2848,2019-02-28,5.6,5.6,5.78,5.56,253251,117518481.0,3.95,0.54,0.03,0.54,SH601872
2849,2019-03-01,5.6,5.67,5.68,5.57,172623,79806012.0,1.96,1.25,0.07,0.37,SH601872
2850,2019-03-04,5.7,5.68,5.81,5.6,302513,142919558.0,3.7,0.18,0.01,0.64,SH601872
2851,2019-03-05,5.66,5.72,5.74,5.6,239038,111688670.0,2.46,0.7,0.04,0.51,SH601872
2852,2019-03-06,5.71,5.79,5.79,5.7,219196,103846502.0,1.57,1.22,0.07,0.46,SH601872
2853,2019-03-07,5.75,5.85,5.94,5.72,336665,162434356.0,3.8,1.04,0.06,0.71,SH601872
2854,2019-03-08,5.75,5.5,5.77,5.49,305724,142123807.0,4.79,-5.98,-0.35,0.65,SH601872
2855,2019-03-11,5.5,5.67,5.71,5.5,264309,123107710.0,3.82,3.09,0.17,0.56,SH601872
2856,2019-03-12,5.67,5.69,5.78,5.67,222577,104785604.0,1.94,0.35,0.02,0.47,SH601872
2857,2019-03-13,5.7,5.6,5.72,5.58,211560,98198167.0,2.46,-1.58,-0.09,0.45,SH601872
2858,2019-03-14,5.59,5.58,5.67,5.52,173169,79621134.0,2.68,-0.36,-0.02,0.37,SH601872
2859,2019-03-15,5.57,5.63,5.81,5.55,324263,151664082.0,4.66,0.9,0.05,0.69,SH601872
2860,2019-03-18,5.64,5.74,5.77,5.61,255372,120062453.0,2.84,1.95,0.11,0.54,SH601872
2861,2019-03-19,5.78,5.67,5.78,5.64,188642,88312910.0,2.44,-1.22,-0.07,0.4,SH601872
2862,2019-03-20,5.67,5.71,5.72,5.6,202511,94698348.0,2.12,0.71,0.04,0.43,SH601872
2863,2019-03-21,5.71,5.75,5.82,5.68,244685,116373308.0,2.45,0.7,0.04,0.52,SH601872
2864,2019-03-22,5.72,5.81,5.81,5.71,183278,87288433.0,1.74,1.04,0.06,0.39,SH601872
2865,2019-03-25,5.7,5.68,5.77,5.68,185382,87484551.0,1.55,-2.24,-0.13,0.39,SH601872
2866,2019-03-26,5.69,5.55,5.72,5.53,218285,100588714.0,3.35,-2.29,-0.13,0.46,SH601872
2867,2019-03-27,5.59,5.64,5.67,5.55,156641,72420275.0,2.16,1.62,0.09,0.33,SH601872
2868,2019-03-28,5.64,5.71,5.81,5.61,178308,84121003.0,3.55,1.24,0.07,0.38,SH601872
2869,2019-03-29,5.69,5.9,5.92,5.6,381085,183858696.0,5.6,3.33,0.19,0.81,SH601872
2870,2019-04-01,5.89,6.02,6.08,5.85,288611,143967058.0,3.9,2.03,0.12,0.61,SH601872
2871,2019-04-02,6.04,5.94,6.07,5.93,229772,114046413.0,2.33,-1.33,-0.08,0.49,SH601872
2872,2019-04-03,5.93,6.48,6.48,5.93,945661,499759840.0,9.26,9.09,0.54,2.0,SH601872
2873,2019-04-04,6.6,6.33,6.66,6.23,843841,448293664.0,6.64,-2.31,-0.15,1.79,SH601872
2874,2019-04-08,6.29,6.15,6.32,6.14,397167,205353038.0,2.84,-2.84,-0.18,0.84,SH601872
2875,2019-04-09,6.16,6.23,6.28,6.16,227567,117719105.0,1.95,1.3,0.08,0.48,SH601872
2876,2019-04-10,6.18,6.21,6.25,6.06,239512,122494699.0,3.05,-0.32,-0.02,0.51,SH601872
2877,2019-04-11,6.18,6.18,6.33,6.15,265540,137743333.0,2.9,-0.48,-0.03,0.56,SH601872
2878,2019-04-12,6.19,6.25,6.32,6.18,257228,134071732.0,2.27,1.13,0.07,0.54,SH601872
2879,2019-04-15,6.29,6.16,6.35,6.15,235326,122838311.0,3.2,-1.44,-0.09,0.5,SH601872
2880,2019-04-16,6.15,6.17,6.21,6.02,223366,113124252.0,3.08,0.16,0.01,0.47,SH601872
2881,2019-04-17,6.19,6.11,6.21,6.07,178939,90856908.0,2.27,-0.97,-0.06,0.38,SH601872
2882,2019-04-18,6.12,6.11,6.14,6.05,133109,67246396.0,1.47,0.0,0.0,0.28,SH601872
2883,2019-04-19,6.12,6.06,6.12,6.0,172985,86654227.0,1.96,-0.82,-0.05,0.37,SH601872
2884,2019-04-22,6.05,5.99,6.07,5.95,152304,75781162.0,1.98,-1.16,-0.07,0.32,SH601872
2885,2019-04-23,5.99,5.96,6.02,5.94,121408,60167618.0,1.34,-0.5,-0.03,0.26,SH601872
2886,2019-04-24,5.97,6.03,6.05,5.93,159022,78943665.0,2.01,1.17,0.07,0.34,SH601872
2887,2019-04-25,6.01,5.81,6.06,5.77,195272,95682066.0,4.81,-3.65,-0.22,0.41,SH601872
2888,2019-04-26,5.78,5.79,5.88,5.75,128936,61918228.0,2.24,-0.34,-0.02,0.27,SH601872
2889,2019-04-29,5.86,5.79,5.91,5.71,151220,72608875.0,3.45,0.0,0.0,0.32,SH601872
2890,2019-04-30,5.8,5.88,5.99,5.77,195188,94901349.0,3.8,1.55,0.09,0.41,SH601872
2891,2019-05-06,5.53,5.34,5.68,5.34,247534,109510146.0,5.78,-9.18,-0.54,0.52,SH601872
2892,2019-05-07,5.38,5.23,5.39,5.16,314654,135570001.0,4.31,-2.06,-0.11,0.67,SH601872
2893,2019-05-08,5.17,5.15,5.22,5.08,234088,98105820.0,2.68,-1.53,-0.08,0.5,SH601872
2894,2019-05-09,5.07,5.0,5.13,4.94,161444,66415743.0,3.69,-2.91,-0.15,0.34,SH601872
2895,2019-05-10,5.05,5.13,5.17,4.98,236998,98444190.0,3.8,2.6,0.13,0.5,SH601872
2896,2019-05-13,5.09,5.25,5.25,5.02,220455,92959859.0,4.48,2.34,0.12,0.47,SH601872
2897,2019-05-14,5.17,5.15,5.27,5.07,209560,87903302.0,3.81,-1.9,-0.1,0.44,SH601872
2898,2019-05-15,5.15,5.22,5.24,5.14,159037,67248123.0,1.94,1.36,0.07,0.34,SH601872
2899,2019-05-16,5.22,5.16,5.22,5.13,137918,58072337.0,1.72,-1.15,-0.06,0.29,SH601872
2900,2019-05-17,5.15,5.03,5.18,5.02,129024,53407762.0,3.1,-2.52,-0.13,0.27,SH601872
2901,2019-05-20,5.04,4.96,5.05,4.87,123734,49745755.0,3.58,-1.39,-0.07,0.26,SH601872
2902,2019-05-21,4.96,4.98,5.07,4.96,127167,51856869.0,2.22,0.4,0.02,0.27,SH601872
2903,2019-05-22,5.01,4.93,5.01,4.9,142165,57038369.0,2.21,-1.0,-0.05,0.3,SH601872
2904,2019-05-23,4.95,4.86,4.98,4.84,134576,53428323.0,2.84,-1.42,-0.07,0.29,SH601872
2905,2019-05-24,4.86,4.86,4.92,4.81,145572,57301582.0,2.26,0.0,0.0,0.31,SH601872
2906,2019-05-27,4.87,4.92,4.95,4.84,150203,59718122.0,2.26,1.23,0.06,0.32,SH601872
2907,2019-05-28,4.94,4.9,4.95,4.89,113000,45137292.0,1.22,-0.41,-0.02,0.24,SH601872
2908,2019-05-29,4.9,4.94,5.03,4.89,149456,60205038.0,2.86,0.82,0.04,0.32,SH601872
2909,2019-05-30,4.9,4.86,4.94,4.82,211561,83097452.0,2.43,-1.62,-0.08,0.45,SH601872
2910,2019-05-31,4.86,4.93,4.97,4.85,160246,64164625.0,2.47,1.44,0.07,0.34,SH601872
2911,2019-06-03,4.96,5.0,5.03,4.95,153109,62063481.0,1.62,1.42,0.07,0.32,SH601872
2912,2019-06-04,4.98,4.98,5.02,4.9,144826,58127761.0,2.4,-0.4,-0.02,0.31,SH601872
2913,2019-06-05,5.0,4.91,5.02,4.91,123851,49868585.0,2.21,-1.41,-0.07,0.26,SH601872
2914,2019-06-06,4.91,4.9,4.95,4.86,104091,41405385.0,1.83,-0.2,-0.01,0.22,SH601872
2915,2019-06-10,4.9,4.83,4.92,4.79,189725,74017043.0,2.65,-1.43,-0.07,0.4,SH601872
2916,2019-06-11,4.84,4.97,4.97,4.81,175823,69964637.0,3.31,2.9,0.14,0.37,SH601872
2917,2019-06-12,4.93,4.97,5.01,4.93,115371,46543916.0,1.61,0.0,0.0,0.24,SH601872
2918,2019-06-13,4.97,4.96,5.0,4.93,76624,30868163.0,1.41,-0.2,-0.01,0.16,SH601872
2919,2019-06-14,4.96,4.95,5.03,4.93,74745,30151451.0,2.02,-0.2,-0.01,0.16,SH601872
2920,2019-06-17,4.94,4.94,4.98,4.87,131469,52589856.0,2.22,-0.2,-0.01,0.28,SH601872
2921,2019-06-18,4.9,4.87,4.94,4.84,129243,50967244.0,2.02,-1.42,-0.07,0.27,SH601872
2922,2019-06-19,4.98,5.01,5.06,4.98,241393,98667248.0,1.64,2.87,0.14,0.51,SH601872
2923,2019-06-20,5.0,5.15,5.2,4.98,230688,96390942.0,4.39,2.79,0.14,0.49,SH601872
2924,2019-06-21,5.2,5.29,5.39,5.18,322479,139680724.0,4.08,2.72,0.14,0.68,SH601872
2925,2019-06-24,5.3,5.36,5.4,5.28,198638,87073931.0,2.27,1.32,0.07,0.42,SH601872
2926,2019-06-25,5.34,5.31,5.4,5.18,247302,107037946.0,4.1,-0.93,-0.05,0.52,SH601872
2927,2019-06-26,5.35,5.27,5.35,5.22,134329,57817603.0,2.45,-0.75,-0.04,0.28,SH601872
2928,2019-06-27,5.27,5.35,5.39,5.24,175851,76819692.0,2.85,1.52,0.08,0.37,SH601872
2929,2019-06-28,5.37,5.33,5.37,5.24,135496,58828438.0,2.43,-0.37,-0.02,0.29,SH601872
2930,2019-07-01,5.41,5.36,5.48,5.34,190046,84189277.0,2.63,0.56,0.03,0.4,SH601872
2931,2019-07-02,5.4,5.31,5.4,5.28,167286,72932636.0,2.24,-0.93,-0.05,0.35,SH601872
2932,2019-07-03,5.3,5.25,5.34,5.16,157067,67053326.0,3.39,-1.13,-0.06,0.33,SH601872
2933,2019-07-04,5.23,5.3,5.38,5.23,167722,72980924.0,2.86,0.95,0.05,0.36,SH601872
2934,2019-07-05,5.36,5.36,5.44,5.29,157069,68810424.0,2.83,1.13,0.06,0.33,SH601872
2935,2019-07-08,5.33,5.2,5.33,5.11,183048,77540353.0,4.1,-2.99,-0.16,0.39,SH601872
2936,2019-07-09,5.17,5.17,5.4,5.09,207234,88309645.0,5.96,-0.58,-0.03,0.44,SH601872
2937,2019-07-10,5.12,5.08,5.16,5.02,171197,70643555.0,2.71,-1.74,-0.09,0.36,SH601872
2938,2019-07-11,5.04,5.09,5.23,5.04,157128,65656882.0,3.74,0.2,0.01,0.33,SH601872
2939,2019-07-12,5.08,5.09,5.15,5.06,133315,55335518.0,1.77,0.0,0.0,0.28,SH601872
2940,2019-07-15,5.11,5.19,5.19,5.01,170501,71120702.0,3.54,1.96,0.1,0.36,SH601872
2941,2019-07-16,5.17,5.19,5.22,5.14,143394,60544892.0,1.54,0.0,0.0,0.3,SH601872
2942,2019-07-17,5.22,5.21,5.26,5.17,143024,60264041.0,1.73,0.39,0.02,0.3,SH601872
2943,2019-07-18,5.19,5.15,5.21,5.12,111224,46204050.0,1.73,-1.15,-0.06,0.24,SH601872
2944,2019-07-19,5.16,5.25,5.32,5.16,175727,74364346.0,3.11,1.94,0.1,0.37,SH601872
2945,2019-07-22,5.22,5.17,5.27,5.11,133313,55736846.0,3.05,-1.52,-0.08,0.28,SH601872
2946,2019-07-23,5.17,5.27,5.27,5.14,126600,53234309.0,2.51,1.93,0.1,0.27,SH601872
2947,2019-07-24,5.29,5.21,5.33,5.17,162759,68758027.0,3.04,-1.14,-0.06,0.31,SH601872
2948,2019-07-25,5.19,5.11,5.21,5.09,189403,78219309.0,2.3,-1.92,-0.1,0.36,SH601872
2949,2019-07-26,5.11,5.26,5.3,5.09,218414,91626415.0,4.11,2.94,0.15,0.41,SH601872
2950,2019-07-29,5.26,5.18,5.29,5.16,132183,55310186.0,2.47,-1.52,-0.08,0.25,SH601872
2951,2019-07-30,5.18,5.18,5.27,5.18,108854,45720252.0,1.74,0.0,0.0,0.21,SH601872
2952,2019-07-31,5.18,5.15,5.18,5.11,138913,57435028.0,1.35,-0.58,-0.03,0.26,SH601872
2953,2019-08-01,5.12,5.12,5.15,5.1,99800,41083060.0,0.97,-0.58,-0.03,0.19,SH601872
2954,2019-08-02,5.05,5.0,5.07,4.96,137911,55341734.0,2.15,-2.34,-0.12,0.26,SH601872
2955,2019-08-05,4.99,5.01,5.04,4.96,125082,50122515.0,1.6,0.2,0.01,0.24,SH601872
2956,2019-08-06,4.97,4.94,4.98,4.86,165908,65336929.0,2.4,-1.4,-0.07,0.31,SH601872
2957,2019-08-07,4.96,4.92,4.97,4.88,76260,29993858.0,1.82,-0.4,-0.02,0.14,SH601872
2958,2019-08-08,4.94,4.94,4.97,4.92,70898,28075314.0,1.02,0.41,0.02,0.13,SH601872
2959,2019-08-09,4.95,4.92,5.0,4.88,75230,29758637.0,2.43,-0.4,-0.02,0.14,SH601872
2960,2019-08-12,4.89,5.04,5.05,4.86,150016,60167528.0,3.86,2.44,0.12,0.28,SH601872
2961,2019-08-13,5.01,5.01,5.07,4.96,77534,31114706.0,2.18,-0.6,-0.03,0.15,SH601872
2962,2019-08-14,5.1,5.17,5.2,5.08,193836,80444955.0,2.4,3.19,0.16,0.37,SH601872
2963,2019-08-15,5.1,5.2,5.22,5.08,148129,61748878.0,2.71,0.58,0.03,0.28,SH601872
2964,2019-08-16,5.2,5.16,5.23,5.08,200027,83446310.0,2.88,-0.77,-0.04,0.38,SH601872
2965,2019-08-19,5.25,5.32,5.34,5.21,237968,101431150.0,2.52,3.1,0.16,0.45,SH601872
2966,2019-08-20,5.37,5.37,5.43,5.34,236441,103048480.0,1.69,0.94,0.05,0.45,SH601872
2967,2019-08-21,5.34,5.65,5.82,5.34,415548,191700276.0,8.94,5.21,0.28,0.78,SH601872
2968,2019-08-22,5.67,5.7,5.74,5.56,212002,97966140.0,3.19,0.88,0.05,0.4,SH601872
2969,2019-08-23,5.69,5.76,5.78,5.66,190311,89074971.0,2.11,1.05,0.06,0.36,SH601872
2970,2019-08-26,5.61,5.69,5.75,5.6,155609,71838629.0,2.6,-1.22,-0.07,0.29,SH601872
2971,2019-08-27,5.72,5.82,5.87,5.72,172070,81795948.0,2.64,2.28,0.13,0.32,SH601872
2972,2019-08-28,5.8,5.82,5.92,5.76,189074,89838361.0,2.75,0.0,0.0,0.36,SH601872
2973,2019-08-29,5.82,5.76,5.83,5.74,152607,72102008.0,1.55,-1.03,-0.06,0.29,SH601872
2974,2019-08-30,5.85,5.77,5.88,5.7,216756,101781821.0,3.13,0.17,0.01,0.41,SH601872
2975,2019-09-02,5.73,5.78,5.81,5.7,223776,105110849.0,1.91,0.17,0.01,0.42,SH601872
2976,2019-09-03,5.76,5.72,5.8,5.63,229319,106491726.0,2.94,-1.04,-0.06,0.43,SH601872
2977,2019-09-04,5.71,5.84,5.84,5.67,251580,117779327.0,2.97,2.1,0.12,0.47,SH601872
2978,2019-09-05,5.81,5.8,5.87,5.77,308699,146860573.0,1.71,-0.68,-0.04,0.58,SH601872
2979,2019-09-06,5.81,5.76,5.82,5.65,194971,90858238.0,2.93,-0.69,-0.04,0.37,SH601872
2980,2019-09-09,5.76,5.77,5.8,5.72,175207,82378902.0,1.39,0.17,0.01,0.33,SH601872
2981,2019-09-10,5.8,5.73,5.8,5.72,153107,71767840.0,1.39,-0.69,-0.04,0.29,SH601872
2982,2019-09-11,5.73,5.73,5.8,5.69,108983,50873761.0,1.92,0.0,0.0,0.21,SH601872
2983,2019-09-12,5.72,5.8,5.81,5.67,106392,49835049.0,2.44,1.22,0.07,0.2,SH601872
2984,2019-09-16,5.82,5.72,5.82,5.63,246031,113818909.0,3.28,-1.38,-0.08,0.46,SH601872
2985,2019-09-17,5.73,6.02,6.16,5.73,635868,311631008.0,7.52,5.24,0.3,1.2,SH601872
2986,2019-09-18,5.95,5.85,5.98,5.82,278932,134298535.0,2.66,-2.82,-0.17,0.53,SH601872
2987,2019-09-19,5.84,5.77,5.87,5.72,128294,60426758.0,2.56,-1.37,-0.08,0.24,SH601872
2988,2019-09-20,5.77,5.84,5.85,5.77,138562,65880534.0,1.39,1.21,0.07,0.26,SH601872
2989,2019-09-23,5.78,5.91,5.96,5.75,244306,116674862.0,3.6,1.2,0.07,0.46,SH601872
2990,2019-09-24,5.88,5.85,5.94,5.85,99066,47731013.0,1.52,-1.02,-0.06,0.19,SH601872
2991,2019-09-25,5.85,6.05,6.07,5.85,243119,119746086.0,3.76,3.42,0.2,0.46,SH601872
2992,2019-09-26,6.05,6.26,6.41,5.99,590435,304725440.0,6.94,3.47,0.21,1.11,SH601872
2993,2019-09-27,6.33,5.86,6.38,5.83,509239,251640391.0,8.79,-6.39,-0.4,0.96,SH601872
2994,2019-09-30,5.97,5.84,6.19,5.75,340185,165125683.0,7.51,-0.34,-0.02,0.64,SH601872
2995,2019-10-08,6.37,6.2,6.37,6.1,573065,293847840.0,4.62,6.16,0.36,1.08,SH601872
2996,2019-10-09,6.42,6.41,6.52,6.17,544004,284432448.0,5.65,3.39,0.21,1.03,SH601872
2997,2019-10-10,6.71,6.99,6.99,6.55,705108,403173744.0,6.86,9.05,0.58,1.33,SH601872
2998,2019-10-11,7.63,7.63,7.63,7.3,2118066,1344478800.0,4.72,9.16,0.64,4.0,SH601872
2999,2019-10-14,8.34,8.34,8.34,8.12,1372715,965413584.0,2.88,9.31,0.71,2.59,SH601872
3000,2019-10-15,8.59,8.29,8.8,8.05,3269664,2338393680.0,8.99,-0.6,-0.05,6.17,SH601872
3001,2019-10-16,8.01,7.84,8.6,7.67,2781928,1897547328.0,11.22,-5.43,-0.45,5.25,SH601872
3002,2019-10-17,7.69,7.26,7.91,7.17,3038643,1905921696.0,9.44,-7.4,-0.58,5.73,SH601872
3003,2019-10-18,7.26,7.14,7.38,7.04,1810289,1088774800.0,4.68,-1.65,-0.12,3.42,SH601872
3004,2019-10-21,7.08,6.96,7.14,6.84,1340541,776184560.0,4.2,-2.52,-0.18,2.53,SH601872
3005,2019-10-22,6.96,7.01,7.03,6.85,1211311,700758976.0,2.59,0.72,0.05,2.29,SH601872
3006,2019-10-23,6.97,6.81,6.98,6.8,938404,535496288.0,2.57,-2.85,-0.2,1.77,SH601872
3007,2019-10-24,6.94,6.81,7.02,6.81,870024,500099296.0,3.08,0.0,0.0,1.64,SH601872
3008,2019-10-25,6.7,6.81,6.93,6.61,936950,526521552.0,4.7,0.0,0.0,1.77,SH601872
3009,2019-10-28,6.66,6.73,6.77,6.62,843854,468062528.0,2.2,-1.17,-0.08,1.59,SH601872
3010,2019-10-29,6.68,6.68,6.82,6.53,934648,515230720.0,4.31,-0.74,-0.05,1.76,SH601872
3011,2019-10-30,6.6,6.49,6.71,6.49,590331,321024224.0,3.29,-2.84,-0.19,1.11,SH601872
3012,2019-10-31,6.53,6.65,6.77,6.47,995098,544358384.0,4.62,2.47,0.16,1.88,SH601872
3013,2019-11-01,6.59,6.63,6.65,6.53,408266,222845233.0,1.8,-0.3,-0.02,0.77,SH601872
3014,2019-11-04,6.68,6.86,6.88,6.65,787503,443978976.0,3.47,3.47,0.23,1.49,SH601872
3015,2019-11-05,6.86,6.84,6.9,6.76,452200,256226101.0,2.04,-0.29,-0.02,0.85,SH601872
3016,2019-11-06,6.75,6.55,6.8,6.54,542039,298872720.0,3.8,-4.24,-0.29,1.02,SH601872
3017,2019-11-07,6.51,6.5,6.54,6.38,523277,279307248.0,2.44,-0.76,-0.05,0.99,SH601872
3018,2019-11-08,6.47,6.52,6.69,6.47,505339,275242496.0,3.38,0.31,0.02,0.95,SH601872
3019,2019-11-11,6.49,6.6,6.73,6.48,567741,311122288.0,3.83,1.23,0.08,1.07,SH601872
3020,2019-11-12,6.65,6.63,6.8,6.6,448907,248800832.0,3.03,0.45,0.03,0.85,SH601872
3021,2019-11-13,6.74,6.75,6.84,6.69,457138,256247315.0,2.26,1.81,0.12,0.86,SH601872
3022,2019-11-14,6.81,6.69,6.84,6.6,372151,206292314.0,3.56,-0.89,-0.06,0.7,SH601872
3023,2019-11-15,6.73,7.08,7.17,6.71,862355,497838896.0,6.88,5.83,0.39,1.63,SH601872
3024,2019-11-18,7.04,7.15,7.27,6.97,627261,371989824.0,4.24,0.99,0.07,1.18,SH601872
3025,2019-11-19,7.08,7.14,7.21,7.04,440549,261381578.0,2.38,-0.14,-0.01,0.83,SH601872
3026,2019-11-20,7.27,7.17,7.51,7.16,704783,430753312.0,4.9,0.42,0.03,1.33,SH601872
3027,2019-11-21,7.39,7.52,7.58,7.28,724673,450473920.0,4.18,4.88,0.35,1.37,SH601872
3028,2019-11-22,7.52,7.35,7.58,7.26,669183,414600176.0,4.26,-2.26,-0.17,1.26,SH601872
3029,2019-11-25,7.46,7.72,7.8,7.43,834193,532782960.0,5.03,5.03,0.37,1.57,SH601872
3030,2019-11-26,7.74,7.74,7.82,7.58,817672,529219008.0,3.11,0.26,0.02,1.54,SH601872
3031,2019-11-27,7.64,7.46,7.76,7.36,651974,411763360.0,5.17,-3.62,-0.28,1.23,SH601872
3032,2019-11-28,7.48,7.46,7.48,7.26,472130,290267680.0,2.95,0.0,0.0,0.89,SH601872
3033,2019-11-29,7.39,7.13,7.42,7.06,649417,387708480.0,4.83,-4.42,-0.33,1.23,SH601872
3034,2019-12-02,7.18,7.13,7.19,7.06,320200,190026400.0,1.82,0.0,0.0,0.6,SH601872
3035,2019-12-03,7.15,7.05,7.16,6.92,371368,217646852.0,3.37,-1.12,-0.08,0.7,SH601872
3036,2019-12-04,7.08,6.95,7.1,6.91,376653,218511453.0,2.7,-1.42,-0.1,0.71,SH601872
3037,2019-12-05,6.99,7.16,7.16,6.95,452249,266307206.0,3.02,3.02,0.21,0.85,SH601872
3038,2019-12-06,7.41,7.82,7.82,7.26,896778,562331104.0,7.82,9.22,0.66,1.69,SH601872
3039,2019-12-09,7.79,8.05,8.28,7.69,1219960,815794848.0,7.54,2.94,0.23,2.3,SH601872
3040,2019-12-10,8.05,8.13,8.24,7.97,660557,449816816.0,3.35,0.99,0.08,1.25,SH601872
3041,2019-12-11,8.19,8.17,8.5,8.09,925979,645646864.0,5.04,0.49,0.04,1.75,SH601872
3042,2019-12-12,8.15,8.2,8.44,8.07,760239,529975200.0,4.53,0.37,0.03,1.43,SH601872
3043,2019-12-13,8.34,8.03,8.37,7.92,1017611,689917056.0,5.49,-2.07,-0.17,1.92,SH601872
3044,2019-12-16,8.2,8.45,8.45,8.04,1073677,748890432.0,5.11,5.23,0.42,2.03,SH601872
3045,2019-12-17,8.39,8.36,8.59,8.26,880247,627012320.0,3.91,-1.07,-0.09,1.66,SH601872
3046,2019-12-18,8.31,8.31,8.48,8.2,627271,440346144.0,3.35,-0.6,-0.05,1.18,SH601872
3047,2019-12-19,8.48,8.83,9.08,8.33,1279543,949888064.0,9.03,6.26,0.52,2.41,SH601872
3048,2019-12-20,9.21,8.41,9.48,8.41,1875966,1430310336.0,12.12,-4.76,-0.42,3.54,SH601872
3049,2019-12-23,8.47,8.34,8.78,8.27,1462405,1052829888.0,6.06,-0.83,-0.07,2.76,SH601872
3050,2019-12-24,8.58,8.49,8.61,8.36,738117,529115696.0,3.0,1.8,0.15,1.39,SH601872
3051,2019-12-25,8.49,8.55,8.77,8.41,836788,605691952.0,4.24,0.71,0.06,1.58,SH601872
3052,2019-12-26,8.6,9.15,9.15,8.5,1104886,825726672.0,7.6,7.02,0.6,2.08,SH601872
3053,2019-12-27,9.16,9.0,9.35,8.92,977071,756097040.0,4.7,-1.64,-0.15,1.84,SH601872
3054,2019-12-30,8.9,9.25,9.28,8.9,884890,686513616.0,4.22,2.78,0.25,1.67,SH601872
3055,2019-12-31,9.35,9.68,9.77,9.32,1245726,1015822672.0,4.86,4.65,0.43,2.35,SH601872
3056,2020-01-02,9.7,9.32,10.01,9.28,1943038,1600489616.0,7.54,-3.72,-0.36,3.67,SH601872
3057,2020-01-03,9.46,9.35,9.5,9.1,1326586,1050236064.0,4.29,0.32,0.03,2.5,SH601872
3058,2020-01-06,9.39,9.28,9.56,9.19,990224,789051248.0,3.96,-0.75,-0.07,1.87,SH601872
3059,2020-01-07,9.17,8.99,9.26,8.89,1266424,972306384.0,3.99,-3.13,-0.29,2.39,SH601872
3060,2020-01-08,9.17,8.85,9.17,8.85,864871,659011168.0,3.56,-1.56,-0.14,1.63,SH601872
3061,2020-01-09,8.86,8.95,9.06,8.81,766479,581920544.0,2.82,1.13,0.1,1.45,SH601872
3062,2020-01-10,9.01,8.73,9.05,8.7,792244,595931360.0,3.91,-2.46,-0.22,1.49,SH601872
3063,2020-01-13,8.56,8.63,8.69,8.45,972792,704980832.0,2.75,-1.15,-0.1,1.84,SH601872
3064,2020-01-14,8.67,8.57,8.73,8.52,843028,615345472.0,2.43,-0.7,-0.06,1.59,SH601872
3065,2020-01-15,8.52,8.45,8.56,8.34,833270,594145520.0,2.57,-1.4,-0.12,1.57,SH601872
3066,2020-01-16,8.42,8.36,8.73,8.35,994974,717326352.0,4.5,-1.07,-0.09,1.88,SH601872
3067,2020-01-17,8.36,8.19,8.48,8.18,849852,595620720.0,3.59,-2.03,-0.17,1.6,SH601872
3068,2020-01-20,8.24,8.55,8.6,8.2,866060,615887328.0,4.88,4.4,0.36,1.63,SH601872
3069,2020-01-21,8.49,8.08,8.58,8.05,1021965,714237344.0,6.2,-5.5,-0.47,1.93,SH601872
3070,2020-01-22,7.96,8.09,8.18,7.93,623071,423224800.0,3.09,0.12,0.01,1.18,SH601872
3071,2020-01-23,7.96,7.53,8.03,7.45,1165889,753964048.0,7.17,-6.92,-0.56,2.2,SH601872
3072,2020-02-03,6.84,6.84,6.84,6.84,56113,31872184.0,0.0,-9.16,-0.69,0.11,SH601872
3073,2020-02-04,6.21,6.35,6.42,6.21,2270376,1170382096.0,3.07,-7.16,-0.49,4.28,SH601872
3074,2020-02-05,6.27,6.59,6.66,6.21,1560834,834500320.0,7.09,3.78,0.24,2.95,SH601872
3075,2020-02-06,6.59,6.61,6.72,6.49,1027038,559788464.0,3.49,0.3,0.02,1.94,SH601872
3076,2020-02-07,6.47,6.54,6.63,6.4,862454,463340352.0,3.48,-1.06,-0.07,1.63,SH601872
3077,2020-02-10,6.49,6.72,6.79,6.48,946798,520043344.0,4.74,2.75,0.18,1.79,SH601872
3078,2020-02-11,6.71,6.69,6.87,6.63,950135,530420752.0,3.57,-0.45,-0.03,1.79,SH601872
3079,2020-02-12,6.71,6.77,6.77,6.61,751031,417074432.0,2.39,1.2,0.08,1.42,SH601872
3080,2020-02-13,6.75,6.57,6.82,6.54,711689,391977760.0,4.14,-2.95,-0.2,1.34,SH601872
3081,2020-02-14,6.59,6.59,6.71,6.53,565004,309213904.0,2.74,0.3,0.02,1.07,SH601872
3082,2020-02-17,6.54,6.81,6.82,6.54,759983,422910000.0,4.25,3.34,0.22,1.43,SH601872
3083,2020-02-18,6.85,6.95,7.06,6.79,912326,525055040.0,3.96,2.06,0.14,1.72,SH601872
3084,2020-02-19,6.92,6.81,6.92,6.8,580565,330611712.0,1.73,-2.01,-0.14,1.1,SH601872
3085,2020-02-20,6.82,7.07,7.07,6.82,877348,509442368.0,3.67,3.82,0.26,1.66,SH601872
3086,2020-02-21,7.04,6.99,7.09,6.92,788565,458885120.0,2.4,-1.13,-0.08,1.49,SH601872
3087,2020-02-24,6.86,6.63,6.86,6.53,1354274,747494720.0,4.72,-5.15,-0.36,2.56,SH601872
3088,2020-02-25,6.46,6.55,6.58,6.37,1062806,567876208.0,3.17,-1.21,-0.08,2.01,SH601872
3089,2020-02-26,6.44,6.54,6.63,6.41,756373,408817600.0,3.36,-0.15,-0.01,1.43,SH601872
3090,2020-02-27,6.59,6.46,6.6,6.42,804632,433074448.0,2.75,-1.22,-0.08,1.52,SH601872
3091,2020-02-28,6.37,6.16,6.38,6.13,962513,493799744.0,3.87,-4.64,-0.3,1.82,SH601872
3092,2020-03-02,6.2,6.57,6.62,6.2,987653,527389728.0,6.82,6.66,0.41,1.86,SH601872
3093,2020-03-03,6.66,6.53,6.8,6.48,900753,493765984.0,4.87,-0.61,-0.04,1.7,SH601872
3094,2020-03-04,6.46,6.66,6.72,6.42,841991,459193696.0,4.59,1.99,0.13,1.59,SH601872
3095,2020-03-05,6.72,6.86,6.94,6.63,1016249,574361648.0,4.65,3.0,0.2,1.92,SH601872
3096,2020-03-06,6.73,6.7,6.82,6.68,674407,376157552.0,2.04,-2.33,-0.16,1.27,SH601872
3097,2020-03-09,7.31,7.31,7.31,7.08,2039538,1237836240.0,3.43,9.1,0.61,3.85,SH601872
3098,2020-03-10,7.56,7.32,7.96,7.26,3153747,1988927760.0,9.58,0.14,0.01,5.95,SH601872
3099,2020-03-11,7.63,8.0,8.0,7.52,2536545,1685709488.0,6.56,9.29,0.68,4.79,SH601872
3100,2020-03-12,7.85,8.18,8.6,7.63,3077226,2085505616.0,12.13,2.25,0.18,5.81,SH601872
3101,2020-03-13,7.86,7.93,8.55,7.86,2371358,1643228896.0,8.44,-3.06,-0.25,4.47,SH601872
3102,2020-03-16,8.07,7.65,8.22,7.61,1503558,999987088.0,7.69,-3.53,-0.28,2.84,SH601872
3103,2020-03-17,7.74,7.97,8.05,7.46,1392829,908990512.0,7.71,4.18,0.32,2.63,SH601872
3104,2020-03-18,7.98,8.03,8.28,7.73,1534689,1033549792.0,6.9,0.75,0.06,2.9,SH601872
3105,2020-03-19,8.02,7.57,8.18,7.34,1593105,1021891568.0,10.46,-5.73,-0.46,3.01,SH601872
3106,2020-03-20,7.52,7.29,7.71,7.26,1324277,822592176.0,5.94,-3.7,-0.28,2.5,SH601872
3107,2020-03-23,7.06,6.62,7.14,6.62,1206157,675654096.0,7.13,-9.19,-0.67,2.28,SH601872
3108,2020-03-24,6.71,6.49,6.71,6.27,1336582,716156560.0,6.65,-1.96,-0.13,2.52,SH601872
3109,2020-03-25,6.62,6.58,6.62,6.47,995261,537692256.0,2.31,1.39,0.09,1.88,SH601872
3110,2020-03-26,6.62,6.7,6.97,6.55,1262302,711239248.0,6.38,1.82,0.12,2.38,SH601872
3111,2020-03-27,6.86,6.71,6.94,6.65,867088,486571744.0,4.33,0.15,0.01,1.64,SH601872
3112,2020-03-30,6.88,6.98,7.02,6.76,1148997,657132944.0,3.87,4.02,0.27,2.17,SH601872
3113,2020-03-31,7.19,7.62,7.62,7.04,1801159,1117137600.0,8.31,9.17,0.64,3.4,SH601872
3114,2020-04-01,7.48,7.51,7.64,7.32,1155457,723231408.0,4.2,-1.44,-0.11,2.18,SH601872
3115,2020-04-02,7.51,7.64,7.79,7.4,1392693,890936128.0,5.19,1.73,0.13,2.63,SH601872
3116,2020-04-03,7.7,7.6,8.02,7.56,1618522,1056409664.0,6.02,-0.52,-0.04,3.05,SH601872
3117,2020-04-07,7.74,8.17,8.29,7.67,1679443,1125317392.0,8.16,7.5,0.57,3.17,SH601872
3118,2020-04-08,8.03,8.4,8.6,8.02,1623379,1140841664.0,7.1,2.82,0.23,3.06,SH601872
3119,2020-04-09,8.29,8.11,8.34,8.02,1016960,698769040.0,3.81,-3.45,-0.29,1.92,SH601872
3120,2020-04-10,8.31,8.02,8.42,7.9,1165196,802288912.0,6.41,-1.11,-0.09,2.2,SH601872
3121,2020-04-13,7.86,7.89,8.13,7.71,842392,560327072.0,5.24,-1.62,-0.13,1.59,SH601872
3122,2020-04-14,7.9,7.92,8.04,7.78,643344,427219104.0,3.3,0.38,0.03,1.21,SH601872
3123,2020-04-15,8.06,7.9,8.07,7.9,645110,432272192.0,2.15,-0.25,-0.02,1.22,SH601872
3124,2020-04-16,7.87,7.83,7.98,7.76,597217,393480128.0,2.78,-0.89,-0.07,1.13,SH601872
3125,2020-04-17,7.83,7.65,7.91,7.65,624209,407760208.0,3.32,-2.3,-0.18,1.18,SH601872
3126,2020-04-20,7.72,8.17,8.26,7.71,1012034,690069568.0,7.19,6.8,0.52,1.91,SH601872
3127,2020-04-21,8.56,8.41,8.78,8.18,1305845,930709360.0,7.34,2.94,0.24,2.46,SH601872
3128,2020-04-22,8.74,8.3,8.74,8.22,1121470,793613648.0,6.18,-1.31,-0.11,2.12,SH601872
3129,2020-04-23,8.25,8.97,9.06,8.22,1953898,1442364832.0,10.12,8.07,0.67,3.69,SH601872
3130,2020-04-24,8.79,8.51,8.81,8.47,1222482,889609184.0,3.79,-5.13,-0.46,2.31,SH601872
3131,2020-04-27,8.52,8.55,8.6,8.25,612338,435985616.0,4.11,0.47,0.04,1.16,SH601872
3132,2020-04-28,8.7,8.61,8.8,8.42,779755,568748784.0,4.44,0.7,0.06,1.47,SH601872
3133,2020-04-29,8.57,8.38,8.6,8.31,620305,442368656.0,3.37,-2.67,-0.23,1.17,SH601872
3134,2020-04-30,8.16,8.05,8.24,7.83,1102008,744642400.0,4.89,-3.94,-0.33,2.08,SH601872
3135,2020-05-06,7.56,7.85,7.94,7.51,1104631,720225440.0,5.34,-2.48,-0.2,2.08,SH601872
3136,2020-05-07,7.78,7.72,8.01,7.65,976785,639687008.0,4.59,-1.66,-0.13,1.84,SH601872
3137,2020-05-08,7.82,7.68,7.84,7.61,840004,542664768.0,2.98,-0.52,-0.04,1.59,SH601872
3138,2020-05-11,7.68,7.81,7.91,7.63,954986,624961712.0,3.65,1.69,0.13,1.8,SH601872
3139,2020-05-12,7.81,7.59,7.9,7.52,883704,567650496.0,4.87,-2.82,-0.22,1.67,SH601872
3140,2020-05-13,7.59,7.65,7.72,7.49,565299,360788592.0,3.03,0.79,0.06,1.07,SH601872
3141,2020-05-14,7.61,7.38,7.62,7.36,829599,517239792.0,3.4,-3.53,-0.27,1.57,SH601872
3142,2020-05-15,7.37,7.35,7.46,7.27,610503,376240208.0,2.57,-0.41,-0.03,1.15,SH601872
3143,2020-05-18,7.34,7.3,7.39,7.21,499409,304587312.0,2.45,-0.68,-0.05,0.94,SH601872
3144,2020-05-19,7.35,7.3,7.39,7.25,512701,312674576.0,1.92,0.0,0.0,0.97,SH601872
3145,2020-05-20,7.25,7.17,7.32,7.12,628421,377771552.0,2.74,-1.78,-0.13,1.19,SH601872
3146,2020-05-21,7.17,7.06,7.23,7.03,497562,294018128.0,2.79,-1.53,-0.11,0.94,SH601872
3147,2020-05-22,7.01,7.14,7.23,7.01,604280,359941040.0,3.12,1.13,0.08,1.14,SH601872
3148,2020-05-25,7.05,6.87,7.1,6.83,518035,298647024.0,3.78,-3.78,-0.27,0.98,SH601872
3149,2020-05-26,6.9,6.99,7.01,6.85,390137,224036063.0,2.33,1.75,0.12,0.74,SH601872
3150,2020-05-27,6.97,6.86,6.97,6.8,356129,203066618.0,2.43,-1.86,-0.13,0.67,SH601872
3151,2020-05-28,6.97,7.06,7.25,6.97,818863,485108432.0,4.08,2.92,0.2,1.55,SH601872
3152,2020-05-29,6.99,7.1,7.1,6.88,445731,259177454.0,3.12,0.57,0.04,0.84,SH601872
3153,2020-06-01,7.07,7.19,7.25,7.06,594559,356217584.0,2.68,1.27,0.09,1.12,SH601872
3154,2020-06-02,7.19,7.18,7.25,7.12,430054,257218913.0,1.81,-0.14,-0.01,0.81,SH601872
3155,2020-06-03,7.19,7.08,7.2,7.06,428789,255179053.0,1.95,-1.39,-0.1,0.81,SH601872
3156,2020-06-04,7.13,6.97,7.16,6.92,443006,257848567.0,3.39,-1.55,-0.11,0.84,SH601872
3157,2020-06-05,6.97,7.03,7.06,6.93,317211,184745655.0,1.87,0.86,0.06,0.6,SH601872
3158,2020-06-08,7.06,7.04,7.13,7.01,334527,196527352.0,1.71,0.14,0.01,0.63,SH601872
3159,2020-06-09,7.1,7.34,7.4,7.08,958659,582490544.0,4.55,4.26,0.3,1.81,SH601872
3160,2020-06-10,7.27,7.28,7.29,7.19,456978,276066464.0,1.36,-0.82,-0.06,0.86,SH601872
3161,2020-06-11,7.25,7.12,7.26,7.09,534185,319397264.0,2.34,-2.2,-0.16,1.01,SH601872
3162,2020-06-12,6.97,7.05,7.13,6.95,573351,335325760.0,2.53,-0.98,-0.07,1.08,SH601872
3163,2020-06-15,7.02,6.87,7.02,6.86,572080,329298464.0,2.27,-2.55,-0.18,1.08,SH601872
3164,2020-06-16,6.92,6.93,6.95,6.86,422649,242474139.0,1.31,0.87,0.06,0.8,SH601872
3165,2020-06-17,6.9,6.94,6.95,6.82,400208,228677684.0,1.88,0.14,0.01,0.76,SH601872
3166,2020-06-18,6.93,7.07,7.1,6.88,524038,306561056.0,3.17,1.87,0.13,0.99,SH601872
3167,2020-06-19,7.12,7.15,7.28,7.08,706707,422554656.0,2.83,1.13,0.08,1.33,SH601872
3168,2020-06-22,7.13,7.01,7.14,6.97,586945,343444256.0,2.38,-1.96,-0.14,1.11,SH601872
3169,2020-06-23,6.98,6.92,6.98,6.86,496560,284731920.0,1.71,-1.28,-0.09,0.94,SH601872
3170,2020-06-24,6.96,6.95,7.08,6.9,420021,239502388.0,2.6,0.43,0.03,0.79,SH601872
3171,2020-06-29,6.9,6.86,6.96,6.84,354309,199080299.0,1.73,-1.29,-0.09,0.67,SH601872
3172,2020-06-30,6.91,7.12,7.12,6.83,662253,377161008.0,4.23,3.79,0.26,1.25,SH601872
3173,2020-07-01,7.03,7.14,7.24,7.03,717547,419917568.0,2.95,0.28,0.02,1.35,SH601872
3174,2020-07-02,7.17,7.27,7.34,7.15,896049,533222528.0,2.66,1.82,0.13,1.69,SH601872
3175,2020-07-03,7.29,7.49,7.54,7.25,1197590,730917568.0,3.99,3.03,0.22,2.26,SH601872
3176,2020-07-06,7.63,7.78,7.84,7.54,1499303,949542912.0,4.01,3.87,0.29,2.83,SH601872
3177,2020-07-07,8.48,8.48,8.48,8.14,2324410,1628624912.0,4.37,9.0,0.7,4.39,SH601872
3178,2020-07-08,8.46,8.42,8.46,8.18,2369643,1646168960.0,3.3,-0.71,-0.06,4.47,SH601872
3179,2020-07-09,8.29,8.57,8.71,8.24,2361081,1655823040.0,5.58,1.78,0.15,4.46,SH601872
3180,2020-07-10,8.52,8.26,8.52,8.26,1406115,981835504.0,3.03,-3.62,-0.31,2.65,SH601872
3181,2020-07-13,8.29,8.52,8.62,8.29,1742799,1232242464.0,4.0,3.15,0.26,3.29,SH601872
3182,2020-07-14,8.57,8.33,8.57,8.2,1450106,1011019520.0,4.34,-2.23,-0.19,2.74,SH601872
3183,2020-07-15,8.37,7.96,8.44,7.94,1272463,859431344.0,6.0,-4.44,-0.37,2.4,SH601872
3184,2020-07-16,8.05,7.75,8.09,7.71,1049062,690221216.0,4.77,-2.64,-0.21,1.98,SH601872
3185,2020-07-17,7.85,7.78,7.95,7.68,769966,497652560.0,3.48,0.39,0.03,1.45,SH601872
3186,2020-07-20,7.81,8.15,8.22,7.81,1178947,787620336.0,5.27,4.76,0.37,2.22,SH601872
3187,2020-07-21,8.15,8.05,8.2,7.98,782549,522810064.0,2.7,-1.23,-0.1,1.48,SH601872
3188,2020-07-22,8.04,8.02,8.14,7.96,810929,541601232.0,2.24,-0.37,-0.03,1.53,SH601872
3189,2020-07-23,7.91,7.85,7.95,7.7,938422,608550784.0,3.12,-2.12,-0.17,1.77,SH601872
3190,2020-07-24,7.8,7.52,7.92,7.47,877700,556783584.0,5.73,-4.2,-0.33,1.66,SH601872
3191,2020-07-27,7.52,7.42,7.6,7.38,530184,325516384.0,2.93,-1.33,-0.1,1.0,SH601872
3192,2020-07-28,7.47,7.51,7.59,7.42,479879,296750240.0,2.29,1.21,0.09,0.91,SH601872
3193,2020-07-29,7.46,7.62,7.63,7.37,544840,339092672.0,3.46,1.46,0.11,1.03,SH601872
3194,2020-07-30,7.62,7.57,7.69,7.53,529606,332023488.0,2.1,-0.66,-0.05,1.0,SH601872
3195,2020-07-31,7.56,7.58,7.64,7.47,558536,347848464.0,2.25,0.13,0.01,1.05,SH601872
3196,2020-08-03,7.64,7.84,7.85,7.63,861142,551472576.0,2.9,3.43,0.26,1.62,SH601872
3197,2020-08-04,7.82,7.74,7.83,7.67,623274,398449056.0,2.04,-1.28,-0.1,1.18,SH601872
3198,2020-08-05,7.7,7.67,7.74,7.6,501832,317534112.0,1.81,-0.9,-0.07,0.95,SH601872
3199,2020-08-06,7.69,7.64,7.74,7.56,520069,327263824.0,2.35,-0.39,-0.03,0.98,SH601872
3200,2020-08-07,7.6,7.5,7.61,7.43,540590,334784576.0,2.36,-1.83,-0.14,1.02,SH601872
3201,2020-08-10,7.48,7.69,7.74,7.47,677476,428041040.0,3.6,2.53,0.19,1.28,SH601872
3202,2020-08-11,7.73,7.82,8.05,7.71,1360447,890940784.0,4.42,1.69,0.13,2.57,SH601872
3203,2020-08-12,7.83,7.95,8.02,7.7,1033434,672890160.0,4.09,1.66,0.13,1.95,SH601872
3204,2020-08-13,7.98,7.81,8.02,7.79,654297,425759840.0,2.89,-1.76,-0.14,1.23,SH601872
3205,2020-08-14,7.83,7.76,7.85,7.63,569348,363034544.0,2.82,-0.64,-0.05,1.07,SH601872
3206,2020-08-17,7.8,7.93,7.98,7.73,846544,553120512.0,3.22,2.19,0.17,1.6,SH601872
3207,2020-08-18,7.92,7.92,7.94,7.85,535089,349975248.0,1.13,-0.13,-0.01,1.01,SH601872
3208,2020-08-19,7.9,7.94,8.04,7.81,770385,506563984.0,2.9,0.25,0.02,1.45,SH601872
3209,2020-08-20,7.9,8.05,8.16,7.8,1169808,776974640.0,4.53,1.39,0.11,2.21,SH601872
3210,2020-08-21,8.04,8.12,8.13,7.96,864327,577291712.0,2.11,0.87,0.07,1.63,SH601872
3211,2020-08-24,8.14,8.08,8.3,8.05,1129895,770710064.0,3.08,-0.49,-0.04,2.13,SH601872
3212,2020-08-25,8.13,7.95,8.14,7.92,672383,446610544.0,2.72,-1.61,-0.13,1.27,SH601872
3213,2020-08-26,7.94,8.11,8.14,7.9,692147,459040144.0,3.02,2.01,0.16,1.31,SH601872
3214,2020-08-27,8.08,8.15,8.16,7.95,702953,471274192.0,2.59,0.49,0.04,1.33,SH601872
3215,2020-08-28,8.05,7.97,8.06,7.89,809359,534421280.0,2.09,-2.21,-0.18,1.53,SH601872
3216,2020-08-31,7.97,7.81,8.01,7.81,783222,512929168.0,2.51,-2.01,-0.16,1.48,SH601872
3217,2020-09-01,7.78,7.72,7.79,7.65,624714,397814752.0,1.79,-1.15,-0.09,1.18,SH601872
3218,2020-09-02,7.71,7.7,7.75,7.64,416671,264703846.0,1.42,-0.26,-0.02,0.79,SH601872
3219,2020-09-03,7.71,7.59,7.72,7.58,446280,281026224.0,1.82,-1.43,-0.11,0.84,SH601872
3220,2020-09-04,7.5,7.52,7.56,7.43,306116,189451249.0,1.71,-0.92,-0.07,0.58,SH601872
3221,2020-09-07,7.56,7.57,7.65,7.5,354145,221324237.0,1.99,0.66,0.05,0.67,SH601872
3222,2020-09-08,7.57,7.58,7.6,7.49,351291,218501291.0,1.45,0.13,0.01,0.66,SH601872
3223,2020-09-09,7.61,7.62,7.73,7.58,620069,392743616.0,1.98,0.53,0.04,1.17,SH601872
3224,2020-09-10,7.62,7.39,7.63,7.32,577346,355612976.0,4.07,-3.02,-0.23,1.09,SH601872
3225,2020-09-11,7.39,7.34,7.41,7.24,405834,243670606.0,2.3,-0.68,-0.05,0.77,SH601872
3226,2020-09-14,7.36,7.31,7.39,7.29,281996,169883703.0,1.36,-0.41,-0.03,0.53,SH601872
3227,2020-09-15,7.32,7.34,7.35,7.29,231576,139245056.0,0.82,0.41,0.03,0.44,SH601872
3228,2020-09-16,7.3,7.32,7.46,7.27,349891,211745333.0,2.59,-0.27,-0.02,0.66,SH601872
3229,2020-09-17,7.29,7.32,7.37,7.28,244144,146882469.0,1.23,0.0,0.0,0.46,SH601872
3230,2020-09-18,7.32,7.47,7.47,7.32,361161,219942025.0,2.05,2.05,0.15,0.68,SH601872
3231,2020-09-21,7.52,7.4,7.54,7.37,320811,195940592.0,2.28,-0.94,-0.07,0.61,SH601872
3232,2020-09-22,7.34,7.29,7.37,7.28,269063,161811660.0,1.22,-1.49,-0.11,0.51,SH601872
3233,2020-09-23,7.3,7.29,7.31,7.25,204016,122061583.0,0.82,0.0,0.0,0.38,SH601872
3234,2020-09-24,7.26,7.09,7.27,7.08,345398,202549022.0,2.61,-2.74,-0.2,0.65,SH601872
3235,2020-09-25,7.16,7.1,7.18,7.06,172882,100536079.0,1.69,0.14,0.01,0.33,SH601872
3236,2020-09-28,7.09,6.99,7.15,6.99,195748,112795685.0,2.25,-1.55,-0.11,0.37,SH601872
3237,2020-09-29,7.02,7.04,7.09,7.01,180708,104426885.0,1.14,0.72,0.05,0.34,SH601872
3238,2020-09-30,7.04,7.04,7.13,7.01,152209,87976717.0,1.7,0.0,0.0,0.29,SH601872
3239,2020-10-09,7.12,7.19,7.21,7.1,237452,139765436.0,1.56,2.13,0.15,0.45,SH601872
3240,2020-10-12,7.32,7.39,7.47,7.32,496777,302006896.0,2.09,2.78,0.2,0.94,SH601872
3241,2020-10-13,7.39,7.38,7.4,7.31,251765,152212894.0,1.22,-0.14,-0.01,0.48,SH601872
3242,2020-10-14,7.34,7.34,7.37,7.29,234355,141019902.0,1.08,-0.54,-0.04,0.44,SH601872
3243,2020-10-15,7.3,7.26,7.32,7.25,212576,127039185.0,0.95,-1.09,-0.08,0.4,SH601872
3244,2020-10-16,7.25,7.29,7.32,7.2,190536,114076657.0,1.65,0.41,0.03,0.36,SH601872
3245,2020-10-19,7.32,7.29,7.39,7.26,233449,140546637.0,1.78,0.0,0.0,0.44,SH601872
3246,2020-10-20,7.28,7.25,7.28,7.19,176316,104532289.0,1.23,-0.55,-0.04,0.33,SH601872
3247,2020-10-21,7.23,7.16,7.25,7.14,185247,108886674.0,1.52,-1.24,-0.09,0.35,SH601872
3248,2020-10-22,7.25,7.4,7.4,7.24,568135,343790240.0,2.23,3.35,0.24,1.07,SH601872
3249,2020-10-23,7.4,7.31,7.41,7.29,311939,187948039.0,1.62,-1.22,-0.09,0.59,SH601872
3250,2020-10-26,7.31,7.24,7.32,7.21,205636,122351315.0,1.5,-0.96,-0.07,0.39,SH601872
3251,2020-10-27,7.2,7.14,7.24,7.09,286367,167598643.0,2.07,-1.38,-0.1,0.54,SH601872
3252,2020-10-28,7.15,7.17,7.17,7.06,241335,140769393.0,1.54,0.42,0.03,0.46,SH601872
3253,2020-10-29,7.1,7.25,7.31,7.08,321995,190057725.0,3.21,1.12,0.08,0.61,SH601872
3254,2020-10-30,7.27,7.07,7.37,7.05,432253,254606596.0,4.41,-2.48,-0.18,0.82,SH601872
3255,2020-11-02,7.03,6.79,7.09,6.71,630233,351359552.0,5.37,-3.96,-0.28,1.19,SH601872
3256,2020-11-03,6.8,6.82,6.87,6.75,320222,178066696.0,1.77,0.44,0.03,0.6,SH601872
3257,2020-11-04,6.82,6.74,6.84,6.71,285245,156639770.0,1.91,-1.17,-0.08,0.54,SH601872
3258,2020-11-05,6.76,6.86,6.91,6.59,485719,268606224.0,4.75,1.78,0.12,0.92,SH601872
3259,2020-11-06,6.82,7.07,7.23,6.8,734947,423055056.0,6.27,3.06,0.21,1.39,SH601872
3260,2020-11-09,7.14,7.51,7.51,7.05,1515138,915028592.0,6.51,6.22,0.44,2.86,SH601872
3261,2020-11-10,7.63,7.39,7.67,7.34,967539,594196704.0,4.39,-1.6,-0.12,1.83,SH601872
3262,2020-11-11,7.35,7.1,7.36,7.09,684247,403171328.0,3.65,-3.92,-0.29,1.29,SH601872
3263,2020-11-12,7.15,7.12,7.16,7.03,322948,188060178.0,1.83,0.28,0.02,0.61,SH601872
3264,2020-11-13,7.04,6.97,7.08,6.91,459060,262377306.0,2.39,-2.11,-0.15,0.87,SH601872
3265,2020-11-16,7.08,7.1,7.23,7.07,426583,248934463.0,2.3,1.87,0.13,0.8,SH601872
3266,2020-11-17,7.08,7.38,7.45,7.01,987642,592991184.0,6.2,3.94,0.28,1.86,SH601872
3267,2020-11-18,7.37,7.24,7.37,7.2,668636,398895952.0,2.3,-1.9,-0.14,1.26,SH601872
3268,2020-11-19,7.2,7.18,7.29,7.14,360342,212567135.0,2.07,-0.83,-0.06,0.68,SH601872
3269,2020-11-20,7.21,7.56,7.61,7.16,1450401,891097888.0,6.27,5.29,0.38,2.74,SH601872
3270,2020-11-23,7.58,7.53,7.73,7.41,1434898,895204704.0,4.23,-0.4,-0.03,2.71,SH601872
3271,2020-11-24,7.5,7.51,7.7,7.43,868263,540390480.0,3.59,-0.27,-0.02,1.64,SH601872
3272,2020-11-25,7.56,7.29,7.64,7.29,826485,505043616.0,4.66,-2.93,-0.22,1.56,SH601872
3273,2020-11-26,7.28,7.32,7.35,7.19,422688,252630966.0,2.19,0.41,0.03,0.8,SH601872
3274,2020-11-27,7.29,7.28,7.34,7.17,389934,232249842.0,2.32,-0.55,-0.04,0.74,SH601872
3275,2020-11-30,7.31,7.35,7.39,7.26,474931,285718272.0,1.79,0.96,0.07,0.9,SH601872
3276,2020-12-01,7.29,7.35,7.39,7.24,371571,223240187.0,2.04,0.0,0.0,0.7,SH601872
3277,2020-12-02,7.36,7.37,7.48,7.31,495505,301728384.0,2.31,0.27,0.02,0.94,SH601872
3278,2020-12-03,7.39,7.28,7.39,7.27,352099,211373289.0,1.63,-1.22,-0.09,0.66,SH601872
3279,2020-12-04,7.26,7.28,7.36,7.24,279103,167002965.0,1.65,0.0,0.0,0.53,SH601872
3280,2020-12-07,7.29,7.09,7.32,7.08,498831,292356832.0,3.3,-2.61,-0.19,0.94,SH601872
3281,2020-12-08,7.08,7.07,7.12,7.03,265970,153827621.0,1.27,-0.28,-0.02,0.5,SH601872
3282,2020-12-09,7.06,7.02,7.13,6.98,245874,142021294.0,2.12,-0.71,-0.05,0.46,SH601872
3283,2020-12-10,6.98,7.01,7.1,6.95,242995,139491008.0,2.14,-0.14,-0.01,0.46,SH601872
3284,2020-12-11,7.02,6.97,7.05,6.95,370162,212163403.0,1.43,-0.57,-0.04,0.7,SH601872
3285,2020-12-14,6.99,7.01,7.03,6.95,200819,114917609.0,1.15,0.57,0.04,0.38,SH601872
3286,2020-12-15,6.97,6.95,7.04,6.94,233566,133048794.0,1.43,-0.86,-0.06,0.44,SH601872
3287,2020-12-16,6.99,6.83,7.01,6.81,292039,163755242.0,2.88,-1.73,-0.12,0.55,SH601872
3288,2020-12-17,6.85,7.03,7.06,6.81,386547,220258714.0,3.66,2.93,0.2,0.73,SH601872
3289,2020-12-18,6.98,6.93,7.04,6.92,232566,132247006.0,1.71,-1.42,-0.1,0.44,SH601872
3290,2020-12-21,6.93,6.97,6.98,6.84,252951,143084844.0,2.02,0.58,0.04,0.48,SH601872
3291,2020-12-22,6.96,6.73,6.96,6.72,389949,216717726.0,3.44,-3.44,-0.24,0.74,SH601872
3292,2020-12-23,6.76,6.72,6.81,6.7,252379,138391068.0,1.63,-0.15,-0.01,0.48,SH601872
3293,2020-12-24,6.72,6.79,6.88,6.68,294895,163667226.0,2.98,1.04,0.07,0.56,SH601872
3294,2020-12-25,6.75,6.88,6.95,6.68,343463,192316316.0,3.98,1.33,0.09,0.65,SH601872
3295,2020-12-28,6.84,6.83,6.94,6.82,248870,139641755.0,1.74,-0.73,-0.05,0.47,SH601872
3296,2020-12-29,6.81,6.92,6.98,6.74,399469,223891329.0,3.51,1.32,0.09,0.75,SH601872
3297,2020-12-30,6.87,6.86,6.98,6.85,253216,142695963.0,1.88,-0.87,-0.06,0.48,SH601872
3298,2020-12-31,6.92,6.92,6.95,6.87,291096,164176830.0,1.17,0.87,0.06,0.55,SH601872
3299,2021-01-04,6.9,6.97,7.03,6.86,402482,228630325.0,2.46,0.72,0.05,0.76,SH601872
3300,2021-01-05,6.94,7.14,7.29,6.81,739911,425492240.0,6.89,2.44,0.17,1.4,SH601872
3301,2021-01-06,7.06,6.97,7.08,6.92,410520,234091701.0,2.24,-2.38,-0.17,0.77,SH601872
3302,2021-01-07,6.93,7.02,7.17,6.9,514892,297204784.0,3.87,0.72,0.05,0.97,SH601872
3303,2021-01-08,6.95,7.19,7.21,6.95,777077,453984160.0,3.7,2.42,0.17,1.39,SH601872
3304,2021-01-11,7.19,6.92,7.3,6.9,759416,438391200.0,5.56,-3.76,-0.27,1.36,SH601872
3305,2021-01-12,6.86,7.07,7.09,6.82,476981,272193104.0,3.9,2.17,0.15,0.85,SH601872
3306,2021-01-13,7.07,7.3,7.36,7.05,1185849,704788784.0,4.38,3.25,0.23,2.12,SH601872
3307,2021-01-14,7.2,7.13,7.29,7.09,746885,438418544.0,2.74,-2.33,-0.17,1.33,SH601872
3308,2021-01-15,7.14,7.12,7.23,7.07,481380,281706848.0,2.24,-0.14,-0.01,0.86,SH601872
3309,2021-01-18,7.13,7.2,7.25,7.07,654971,384645264.0,2.53,1.12,0.08,1.17,SH601872
3310,2021-01-19,7.16,7.05,7.16,6.99,532821,307571120.0,2.36,-2.08,-0.15,0.95,SH601872
3311,2021-01-20,6.99,7.01,7.06,6.98,241651,138662320.0,1.13,-0.57,-0.04,0.43,SH601872
3312,2021-01-21,7.01,6.93,7.02,6.93,427014,242879088.0,1.28,-1.14,-0.08,0.76,SH601872
3313,2021-01-22,6.93,6.94,7.02,6.81,492258,277555552.0,3.03,0.14,0.01,0.88,SH601872
3314,2021-01-25,6.88,6.77,6.93,6.75,387158,214693321.0,2.59,-2.45,-0.17,0.69,SH601872
3315,2021-01-26,6.8,6.73,6.84,6.71,314585,173490657.0,1.92,-0.59,-0.04,0.56,SH601872
3316,2021-01-27,6.72,6.73,6.77,6.64,331248,180722368.0,1.93,0.0,0.0,0.59,SH601872
3317,2021-01-28,6.71,6.61,6.72,6.59,280283,151072804.0,1.93,-1.78,-0.12,0.5,SH601872
3318,2021-01-29,6.53,6.04,6.54,6.02,1397935,689721840.0,7.87,-8.62,-0.57,2.5,SH601872
3319,2021-02-01,6.02,5.91,6.02,5.72,597321,279592960.0,4.97,-2.15,-0.13,1.07,SH601872
3320,2021-02-02,5.87,5.96,5.98,5.86,289698,137775022.0,2.03,0.85,0.05,0.52,SH601872
3321,2021-02-03,5.99,5.83,6.0,5.82,266227,125138075.0,3.02,-2.18,-0.13,0.48,SH601872
3322,2021-02-04,5.83,5.65,5.83,5.54,438025,197019955.0,4.97,-3.09,-0.18,0.78,SH601872
3323,2021-02-05,5.69,5.59,5.73,5.59,230758,103780553.0,2.48,-1.06,-0.06,0.41,SH601872
3324,2021-02-08,5.63,5.66,5.72,5.63,233127,105459926.0,1.61,1.25,0.07,0.42,SH601872
3325,2021-02-09,5.71,5.85,5.89,5.66,321657,148703536.0,4.06,3.36,0.19,0.57,SH601872
3326,2021-02-10,5.85,5.83,5.88,5.8,203252,94684505.0,1.37,-0.34,-0.02,0.36,SH601872
3327,2021-02-18,6.0,6.22,6.26,6.0,749892,372983088.0,4.46,6.69,0.39,1.34,SH601872
3328,2021-02-19,6.25,6.3,6.36,6.17,519552,262563516.0,3.05,1.29,0.08,0.93,SH601872
3329,2021-02-22,6.33,6.65,6.72,6.32,898586,477869872.0,6.35,5.56,0.35,1.6,SH601872
3330,2021-02-23,6.7,6.49,6.7,6.46,445282,235508065.0,3.61,-2.41,-0.16,0.8,SH601872
3331,2021-02-24,6.53,6.53,6.66,6.47,378799,201580634.0,2.93,0.62,0.04,0.68,SH601872
3332,2021-02-25,6.64,6.62,6.66,6.58,407034,219085898.0,1.23,1.38,0.09,0.73,SH601872
3333,2021-02-26,6.53,6.46,6.61,6.46,362283,191611821.0,2.27,-2.42,-0.16,0.65,SH601872
3334,2021-03-01,6.51,6.52,6.61,6.46,206621,109460391.0,2.32,0.93,0.06,0.37,SH601872
3335,2021-03-02,6.57,6.42,6.58,6.37,339011,176898756.0,3.22,-1.53,-0.1,0.61,SH601872
3336,2021-03-03,6.42,6.46,6.49,6.39,264146,137932421.0,1.56,0.62,0.04,0.47,SH601872
3337,2021-03-04,6.46,6.42,6.5,6.4,213439,111679044.0,1.55,-0.62,-0.04,0.38,SH601872
3338,2021-03-05,6.41,6.42,6.46,6.38,191218,99589965.0,1.25,0.0,0.0,0.34,SH601872
3339,2021-03-08,6.42,6.39,6.54,6.38,234584,122624216.0,2.49,-0.47,-0.03,0.42,SH601872
3340,2021-03-09,6.43,6.46,6.58,6.36,435561,228175031.0,3.44,1.1,0.07,0.78,SH601872
3341,2021-03-10,6.48,6.27,6.52,6.24,349237,179373193.0,4.33,-2.94,-0.19,0.62,SH601872
3342,2021-03-11,6.28,6.46,6.5,6.27,312071,161968286.0,3.67,3.03,0.19,0.56,SH601872
3343,2021-03-12,6.47,6.59,6.61,6.42,426287,226647576.0,2.94,2.01,0.13,0.76,SH601872
3344,2021-03-15,6.6,6.65,6.72,6.53,369150,199266285.0,2.88,0.91,0.06,0.66,SH601872
3345,2021-03-16,6.65,6.6,6.69,6.53,311905,167165623.0,2.41,-0.75,-0.05,0.56,SH601872
3346,2021-03-17,6.62,6.83,6.87,6.58,617802,341257664.0,4.39,3.48,0.23,1.1,SH601872
3347,2021-03-18,6.83,6.82,6.9,6.79,354249,197494092.0,1.61,-0.15,-0.01,0.63,SH601872
3348,2021-03-19,6.79,6.81,6.94,6.77,432021,241618211.0,2.49,-0.15,-0.01,0.77,SH601872
3349,2021-03-22,6.84,6.76,6.94,6.73,334163,185603244.0,3.08,-0.73,-0.05,0.6,SH601872
3350,2021-03-23,6.76,6.61,6.79,6.57,345984,186645567.0,3.25,-2.22,-0.15,0.62,SH601872
3351,2021-03-24,6.53,6.38,6.55,6.28,493618,255047465.0,4.08,-3.48,-0.23,0.88,SH601872
3352,2021-03-25,6.37,6.38,6.44,6.31,212601,109662382.0,2.04,0.0,0.0,0.38,SH601872
3353,2021-03-26,6.42,6.41,6.51,6.37,222595,116027402.0,2.19,0.47,0.03,0.4,SH601872
3354,2021-03-29,6.46,6.47,6.53,6.41,216328,113149450.0,1.87,0.94,0.06,0.39,SH601872
3355,2021-03-30,6.41,6.35,6.42,6.32,239855,123067655.0,1.55,-1.85,-0.12,0.43,SH601872
3356,2021-03-31,6.35,6.44,6.46,6.32,281935,146125509.0,2.2,1.42,0.09,0.5,SH601872
3357,2021-04-01,6.44,6.4,6.47,6.38,148840,77220973.0,1.4,-0.62,-0.04,0.27,SH601872
3358,2021-04-02,6.38,6.37,6.42,6.35,154868,79807632.0,1.09,-0.47,-0.03,0.28,SH601872
3359,2021-04-06,6.35,6.36,6.39,6.35,105288,54186963.0,0.63,-0.16,-0.01,0.19,SH601872
3360,2021-04-07,6.7,6.82,6.92,6.61,1229862,678435776.0,4.87,7.23,0.46,2.2,SH601872
3361,2021-04-08,6.48,6.28,6.52,6.28,1151590,592098288.0,3.52,-7.92,-0.54,2.06,SH601872
3362,2021-04-09,6.2,6.17,6.29,6.1,436755,217047882.0,3.03,-1.75,-0.11,0.78,SH601872
3363,2021-04-12,6.18,6.2,6.24,6.1,303182,150430824.0,2.27,0.49,0.03,0.54,SH601872
3364,2021-04-13,6.18,6.22,6.25,6.13,205275,102410004.0,1.94,0.32,0.02,0.37,SH601872
3365,2021-04-14,6.21,6.19,6.25,6.18,140952,70444107.0,1.13,-0.48,-0.03,0.25,SH601872
3366,2021-04-15,6.19,6.08,6.19,6.07,212219,104137119.0,1.94,-1.78,-0.11,0.38,SH601872
3367,2021-04-16,6.09,6.14,6.17,6.07,140993,69417922.0,1.64,0.99,0.06,0.25,SH601872
3368,2021-04-19,6.14,6.17,6.18,6.11,128897,63887435.0,1.14,0.49,0.03,0.23,SH601872
3369,2021-04-20,6.15,6.14,6.19,6.13,137327,67983271.0,0.97,-0.49,-0.03,0.25,SH601872
3370,2021-04-21,6.11,6.11,6.14,6.07,134844,66127081.0,1.14,-0.49,-0.03,0.24,SH601872
3371,2021-04-22,6.16,6.18,6.24,6.14,202597,100965855.0,1.64,1.15,0.07,0.36,SH601872
3372,2021-04-23,6.17,6.13,6.19,6.09,117974,58067347.0,1.62,-0.81,-0.05,0.21,SH601872
3373,2021-04-26,6.13,6.06,6.14,6.05,181036,88608172.0,1.47,-1.14,-0.07,0.32,SH601872
3374,2021-04-27,6.08,6.02,6.08,5.97,133621,64423682.0,1.82,-0.66,-0.04,0.24,SH601872
3375,2021-04-28,6.02,6.0,6.05,5.97,101675,49074723.0,1.33,-0.33,-0.02,0.18,SH601872
3376,2021-04-29,6.02,6.09,6.11,5.99,156348,76229657.0,2.0,1.5,0.09,0.28,SH601872
3377,2021-04-30,6.11,6.1,6.13,6.07,142919,70006967.0,0.99,0.16,0.01,0.26,SH601872
3378,2021-05-06,6.2,6.31,6.36,6.19,466062,236160069.0,2.79,3.44,0.21,0.83,SH601872
3379,2021-05-07,6.29,6.55,6.63,6.26,775608,408759200.0,5.86,3.8,0.24,1.39,SH601872
3380,2021-05-10,6.52,6.61,6.62,6.46,500093,266192521.0,2.44,0.92,0.06,0.89,SH601872
3381,2021-05-11,6.6,6.68,6.69,6.53,332432,178968028.0,2.42,1.06,0.07,0.59,SH601872
3382,2021-05-12,6.68,6.68,6.77,6.64,315379,171608058.0,1.95,0.0,0.0,0.56,SH601872
3383,2021-05-13,6.6,6.66,6.71,6.59,232169,125927050.0,1.8,-0.3,-0.02,0.41,SH601872
3384,2021-05-14,6.7,6.55,6.7,6.51,264463,140765598.0,2.85,-1.65,-0.11,0.47,SH601872
3385,2021-05-17,6.53,6.58,6.62,6.53,136300,72687257.0,1.37,0.46,0.03,0.24,SH601872
3386,2021-05-18,6.52,6.59,6.6,6.52,102590,54791931.0,1.22,0.15,0.01,0.18,SH601872
3387,2021-05-19,6.57,6.53,6.59,6.48,110901,58657718.0,1.67,-0.91,-0.06,0.2,SH601872
3388,2021-05-20,6.55,6.58,6.6,6.47,167434,88782068.0,1.99,0.77,0.05,0.3,SH601872
3389,2021-05-21,6.54,6.7,6.71,6.54,297354,160765230.0,2.58,1.82,0.12,0.53,SH601872
3390,2021-05-24,6.7,6.79,6.83,6.62,351660,193645890.0,3.13,1.34,0.09,0.63,SH601872
3391,2021-05-25,6.83,6.77,6.84,6.73,229434,126821866.0,1.62,-0.29,-0.02,0.41,SH601872
3392,2021-05-26,6.75,6.62,6.75,6.61,163356,88429876.0,2.07,-2.22,-0.15,0.29,SH601872
3393,2021-05-27,6.61,6.66,6.69,6.6,98977,53454705.0,1.36,0.6,0.04,0.18,SH601872
3394,2021-05-28,6.63,6.59,6.65,6.54,138317,74080870.0,1.65,-1.05,-0.07,0.25,SH601872
3395,2021-05-31,6.59,6.54,6.61,6.52,102237,54344079.0,1.37,-0.76,-0.05,0.18,SH601872
3396,2021-06-01,6.54,6.57,6.6,6.48,163673,86763701.0,1.83,0.46,0.03,0.29,SH601872
3397,2021-06-02,6.57,6.58,6.65,6.55,174187,93423240.0,1.52,0.15,0.01,0.31,SH601872
3398,2021-06-03,6.55,6.5,6.6,6.49,129827,68867964.0,1.67,-1.22,-0.08,0.23,SH601872
3399,2021-06-04,6.48,6.46,6.53,6.43,132206,69365297.0,1.54,-0.62,-0.04,0.24,SH601872
3400,2021-06-07,6.46,6.33,6.47,6.31,200293,103011963.0,2.48,-2.01,-0.13,0.36,SH601872
3401,2021-06-08,6.35,6.37,6.37,6.31,118962,61028886.0,0.95,0.63,0.04,0.21,SH601872
3402,2021-06-09,6.37,6.4,6.42,6.33,88400,45672319.0,1.41,0.47,0.03,0.16,SH601872
3403,2021-06-10,6.39,6.5,6.53,6.38,173312,91075064.0,2.34,1.56,0.1,0.31,SH601872
3404,2021-06-11,6.51,6.46,6.53,6.39,225080,117792112.0,2.15,-0.62,-0.04,0.4,SH601872
3405,2021-06-15,6.47,6.42,6.52,6.38,166674,86720236.0,2.17,-0.62,-0.04,0.3,SH601872
3406,2021-06-16,6.42,6.4,6.47,6.38,118567,61650835.0,1.4,-0.31,-0.02,0.21,SH601872
3407,2021-06-17,6.42,6.85,6.97,6.42,1119162,629756480.0,8.59,7.03,0.45,2.0,SH601872
3408,2021-06-18,6.72,6.83,6.83,6.62,711331,390314608.0,3.07,-0.29,-0.02,1.27,SH601872
3409,2021-06-21,6.73,6.76,6.79,6.7,336208,184845461.0,1.32,-1.02,-0.07,0.6,SH601872
3410,2021-06-22,6.76,6.91,7.05,6.75,538859,304536464.0,4.44,2.22,0.15,0.96,SH601872
3411,2021-06-23,6.9,7.03,7.12,6.87,553999,318242032.0,3.62,1.74,0.12,0.99,SH601872
3412,2021-06-24,7.02,6.95,7.11,6.94,296629,138854901.0,2.42,-1.14,-0.08,0.44,SH601872
3413,2021-06-25,6.99,6.95,7.08,6.9,416712,193583585.0,2.59,0.0,0.0,0.62,SH601872
3414,2021-06-28,6.94,7.07,7.08,6.81,463974,214317532.0,3.88,1.73,0.12,0.69,SH601872
3415,2021-06-29,6.99,6.92,7.12,6.91,371254,173539926.0,2.97,-2.12,-0.15,0.55,SH601872
3416,2021-06-30,7.02,6.94,7.07,6.91,250283,116556841.0,2.31,0.29,0.02,0.37,SH601872
3417,2021-07-01,6.88,6.67,6.9,6.66,292806,131852298.0,3.46,-3.89,-0.27,0.44,SH601872
3418,2021-07-02,6.71,6.9,6.96,6.69,421925,192890114.0,4.05,3.45,0.23,0.63,SH601872
3419,2021-07-05,6.95,6.94,7.2,6.88,454570,212560393.0,4.64,0.58,0.04,0.68,SH601872
3420,2021-07-06,6.96,7.04,7.19,6.87,580799,274392160.0,4.61,1.44,0.1,0.86,SH601872
3421,2021-07-07,6.96,6.91,6.98,6.85,336768,154763720.0,1.85,-1.85,-0.13,0.5,SH601872
3422,2021-07-08,6.88,6.71,6.91,6.7,388546,174030302.0,3.04,-2.89,-0.2,0.58,SH601872
3423,2021-07-09,6.65,6.57,6.69,6.55,287943,125764387.0,2.09,-2.09,-0.14,0.43,SH601872
3424,2021-07-12,6.55,6.41,6.62,6.36,456646,194820147.0,3.96,-2.44,-0.16,0.68,SH601872
3425,2021-07-13,6.41,6.4,6.45,6.34,279035,117476688.0,1.72,-0.16,-0.01,0.42,SH601872
3426,2021-07-14,6.41,6.34,6.41,6.3,228055,94953592.0,1.72,-0.94,-0.06,0.34,SH601872
3427,2021-07-15,6.37,6.3,6.41,6.22,242012,99871931.0,3.0,-0.63,-0.04,0.36,SH601872
3428,2021-07-16,6.3,6.28,6.33,6.25,160844,66388343.0,1.27,-0.32,-0.02,0.24,SH601872
3429,2021-07-19,6.24,6.25,6.29,6.16,185842,75752963.0,2.07,-0.48,-0.03,0.28,SH601872
3430,2021-07-20,6.21,6.25,6.25,6.19,137057,55748562.0,0.96,0.0,0.0,0.2,SH601872
3431,2021-07-21,6.22,6.22,6.3,6.21,183934,75438630.0,1.44,-0.48,-0.03,0.27,SH601872
3432,2021-07-22,6.25,6.29,6.32,6.24,189832,78292125.0,1.29,1.13,0.07,0.28,SH601872
3433,2021-07-23,6.28,6.17,6.29,6.16,258614,105146848.0,2.07,-1.91,-0.12,0.38,SH601872
3434,2021-07-26,6.16,6.0,6.17,5.99,312780,123696264.0,2.92,-2.76,-0.17,0.47,SH601872
3435,2021-07-27,6.03,5.93,6.05,5.91,198320,77368034.0,2.33,-1.17,-0.07,0.29,SH601872
3436,2021-07-28,5.96,5.89,5.97,5.74,210099,79689366.0,3.88,-0.67,-0.04,0.31,SH601872
3437,2021-07-29,5.92,5.86,5.95,5.82,193303,73621561.0,2.21,-0.51,-0.03,0.29,SH601872
3438,2021-07-30,5.84,5.82,5.86,5.75,182349,68608972.0,1.88,-0.68,-0.04,0.27,SH601872
3439,2021-08-02,5.8,5.97,6.01,5.76,245553,94786868.0,4.3,2.58,0.15,0.37,SH601872
3440,2021-08-03,5.97,6.07,6.07,5.93,191647,75080760.0,2.35,1.68,0.1,0.29,SH601872
3441,2021-08-04,6.05,5.99,6.05,5.97,140135,54800399.0,1.32,-1.32,-0.08,0.21,SH601872
3442,2021-08-05,6.01,5.95,6.04,5.91,130512,50641644.0,2.17,-0.67,-0.04,0.19,SH601872
3443,2021-08-06,5.92,5.96,5.97,5.89,109304,42213114.0,1.34,0.17,0.01,0.16,SH601872
3444,2021-08-09,5.96,6.03,6.05,5.95,172008,67488609.0,1.68,1.17,0.07,0.26,SH601872
3445,2021-08-10,6.03,5.99,6.04,5.95,216747,84375557.0,1.49,-0.66,-0.04,0.32,SH601872
3446,2021-08-11,5.97,5.99,6.04,5.96,212190,82900156.0,1.34,0.0,0.0,0.32,SH601872
3447,2021-08-12,6.0,6.12,6.25,5.99,426651,170728926.0,4.34,2.17,0.13,0.63,SH601872
3448,2021-08-13,6.11,6.15,6.21,6.09,240046,96484163.0,1.96,0.49,0.03,0.36,SH601872
3449,2021-08-16,6.15,6.12,6.2,6.11,160082,64203817.0,1.46,-0.49,-0.03,0.24,SH601872
3450,2021-08-17,6.12,6.07,6.21,6.03,312267,125212980.0,2.94,-0.82,-0.05,0.46,SH601872
3451,2021-08-18,6.05,6.09,6.09,6.01,184721,72827404.0,1.32,0.33,0.02,0.27,SH601872
3452,2021-08-19,6.12,6.09,6.19,6.08,224063,89621415.0,1.81,0.0,0.0,0.33,SH601872
3453,2021-08-20,6.09,6.0,6.12,5.92,258344,100985974.0,3.28,-1.48,-0.09,0.38,SH601872
3454,2021-08-23,5.99,6.11,6.12,5.99,197207,78092841.0,2.17,1.83,0.11,0.29,SH601872
3455,2021-08-24,6.11,6.17,6.21,6.11,215138,86874378.0,1.64,0.98,0.06,0.32,SH601872
3456,2021-08-25,6.19,6.4,6.45,6.16,551951,228661640.0,4.7,3.73,0.23,0.82,SH601872
3457,2021-08-26,6.33,6.32,6.42,6.24,451635,187779253.0,2.81,-1.25,-0.08,0.67,SH601872
3458,2021-08-27,6.32,6.54,6.62,6.28,624729,265840782.0,5.38,3.48,0.22,0.93,SH601872
3459,2021-08-30,6.61,6.5,6.69,6.38,451803,194019786.0,4.74,-0.61,-0.04,0.67,SH601872
3460,2021-08-31,6.45,6.57,6.59,6.42,301810,129954337.0,2.62,1.08,0.07,0.45,SH601872
3461,2021-09-01,6.57,6.58,6.63,6.46,436376,188940658.0,2.59,0.15,0.01,0.65,SH601872
3462,2021-09-02,6.65,6.7,6.73,6.58,544461,240642464.0,2.28,1.82,0.12,0.81,SH601872
3463,2021-09-03,6.67,7.03,7.12,6.65,967727,449279424.0,7.01,4.93,0.33,1.44,SH601872
3464,2021-09-06,7.06,7.0,7.08,6.86,525618,243923050.0,3.13,-0.43,-0.03,0.78,SH601872
3465,2021-09-07,6.96,7.23,7.29,6.96,750115,361796288.0,4.71,3.29,0.23,1.12,SH601872
3466,2021-09-08,7.18,7.27,7.32,7.12,493112,238938713.0,2.77,0.55,0.04,0.73,SH601872
3467,2021-09-09,7.27,7.33,7.39,7.2,596219,292025440.0,2.61,0.83,0.06,0.89,SH601872
3468,2021-09-10,7.37,7.49,7.77,7.36,1128597,579164528.0,5.59,2.18,0.16,1.68,SH601872
3469,2021-09-13,7.58,8.01,8.05,7.58,1559733,832614896.0,6.28,6.94,0.52,2.32,SH601872
3470,2021-09-14,8.05,8.02,8.23,7.85,1423063,775926352.0,4.74,0.12,0.01,2.12,SH601872
3471,2021-09-15,8.1,8.13,8.27,7.97,1040340,573715392.0,3.74,1.37,0.11,1.55,SH601872
3472,2021-09-16,8.22,8.09,8.55,8.06,1341893,758776128.0,6.03,-0.49,-0.04,2.0,SH601872
3473,2021-09-17,8.03,7.87,8.36,7.8,1254856,682027072.0,6.92,-2.72,-0.22,1.87,SH601872
3474,2021-09-22,7.85,8.14,8.18,7.82,820584,449738512.0,4.57,3.43,0.27,1.22,SH601872
3475,2021-09-23,8.27,8.48,8.55,8.23,1265015,722975744.0,3.93,4.18,0.34,1.88,SH601872
3476,2021-09-24,8.55,8.28,8.77,8.18,1038196,598537456.0,6.96,-2.36,-0.2,1.54,SH601872
3477,2021-09-27,8.2,7.91,8.2,7.77,1053587,567196128.0,5.19,-4.47,-0.37,1.57,SH601872
3478,2021-09-28,7.97,8.32,8.38,7.93,965276,537859232.0,5.69,5.18,0.41,1.44,SH601872
3479,2021-09-29,8.35,8.03,8.42,7.95,943048,520112080.0,5.65,-3.49,-0.29,1.4,SH601872
3480,2021-09-30,8.19,8.13,8.3,7.99,585511,322993344.0,3.86,1.25,0.1,0.87,SH601872
3481,2021-10-08,8.48,7.93,8.69,7.82,1237417,686165440.0,10.7,-2.46,-0.2,1.84,SH601872
3482,2021-10-11,7.84,7.57,7.99,7.43,1018172,521966032.0,7.06,-4.54,-0.36,1.51,SH601872
3483,2021-10-12,7.56,7.32,7.66,7.19,924904,457448048.0,6.21,-3.3,-0.25,1.38,SH601872
3484,2021-10-13,7.32,6.98,7.32,6.88,801602,374892912.0,6.01,-4.64,-0.34,1.19,SH601872
3485,2021-10-14,6.95,6.83,6.95,6.77,519287,236888713.0,2.58,-2.15,-0.15,0.77,SH601872
3486,2021-10-15,6.85,6.78,6.88,6.69,714004,322068112.0,2.78,-0.73,-0.05,1.06,SH601872
3487,2021-10-18,6.78,7.02,7.16,6.75,1213693,567490352.0,6.05,3.54,0.24,1.8,SH601872
3488,2021-10-19,7.08,7.02,7.1,6.95,636640,298356864.0,2.14,0.0,0.0,0.95,SH601872
3489,2021-10-20,7.03,6.95,7.1,6.91,502444,233650259.0,2.71,-1.0,-0.07,0.75,SH601872
3490,2021-10-21,7.06,6.94,7.1,6.87,606963,281907328.0,3.31,-0.14,-0.01,0.9,SH601872
3491,2021-10-22,6.99,6.82,7.08,6.79,521033,239948919.0,4.18,-1.73,-0.12,0.77,SH601872
3492,2021-10-25,6.78,6.91,6.99,6.73,396889,182141180.0,3.81,1.32,0.09,0.59,SH601872
3493,2021-10-26,6.91,6.96,6.98,6.83,435431,200354808.0,2.17,0.72,0.05,0.65,SH601872
3494,2021-10-27,6.92,6.78,6.98,6.71,429516,194052907.0,3.88,-2.59,-0.18,0.64,SH601872
3495,2021-10-28,6.73,6.53,6.78,6.48,658530,286191744.0,4.42,-3.69,-0.25,0.98,SH601872
3496,2021-10-29,6.57,6.88,6.94,6.52,653541,292227248.0,6.43,5.36,0.35,0.97,SH601872
3497,2021-11-01,6.81,6.52,6.98,6.48,960748,422116384.0,7.27,-5.23,-0.36,1.43,SH601872
3498,2021-11-02,6.52,6.48,6.61,6.38,581424,249287564.0,3.53,-0.61,-0.04,0.86,SH601872
3499,2021-11-03,6.48,6.52,6.58,6.41,354260,151877631.0,2.62,0.62,0.04,0.53,SH601872
3500,2021-11-04,6.45,6.45,6.52,6.41,379409,161338430.0,1.69,-1.07,-0.07,0.56,SH601872
3501,2021-11-05,6.42,6.3,6.44,6.28,442371,184805287.0,2.48,-2.33,-0.15,0.66,SH601872
3502,2021-11-08,6.26,6.3,6.41,6.25,376552,156631407.0,2.54,0.0,0.0,0.56,SH601872
3503,2021-11-09,6.34,6.28,6.36,6.25,264480,109091718.0,1.75,-0.32,-0.02,0.39,SH601872
3504,2021-11-10,6.29,6.28,6.3,6.17,389380,158681145.0,2.07,0.0,0.0,0.58,SH601872
3505,2021-11-11,6.25,6.44,6.49,6.2,503685,211690335.0,4.62,2.55,0.16,0.75,SH601872
3506,2021-11-12,6.44,6.41,6.49,6.34,395515,166582058.0,2.33,-0.47,-0.03,0.59,SH601872
3507,2021-11-15,6.42,6.48,6.52,6.41,341591,145632168.0,1.72,1.09,0.07,0.51,SH601872
3508,2021-11-16,6.5,6.38,6.53,6.37,284528,120592063.0,2.47,-1.54,-0.1,0.42,SH601872
3509,2021-11-17,6.37,6.46,6.52,6.33,322725,137216036.0,2.98,1.25,0.08,0.48,SH601872
3510,2021-11-18,6.52,6.5,6.55,6.45,300660,128944111.0,1.55,0.62,0.04,0.45,SH601872
3511,2021-11-19,6.46,6.54,6.55,6.42,227877,97708877.0,2.0,0.62,0.04,0.34,SH601872
3512,2021-11-22,6.53,6.57,6.65,6.5,231103,100517186.0,2.29,0.46,0.03,0.34,SH601872
3513,2021-11-23,6.59,6.83,6.96,6.55,611172,274914400.0,6.24,3.96,0.26,0.91,SH601872
3514,2021-11-24,6.82,6.85,6.91,6.75,284652,129045988.0,2.34,0.29,0.02,0.42,SH601872
3515,2021-11-25,6.81,6.75,6.85,6.66,252057,112478599.0,2.77,-1.46,-0.1,0.37,SH601872
3516,2021-11-26,6.73,6.66,6.73,6.65,200754,88765751.0,1.19,-1.33,-0.09,0.3,SH601872
3517,2021-11-29,6.61,6.5,6.62,6.45,470000,202005677.0,2.55,-2.4,-0.16,0.7,SH601872
3518,2021-11-30,6.53,6.61,6.77,6.52,410720,179836200.0,3.85,1.69,0.11,0.61,SH601872
3519,2021-12-01,6.58,6.69,6.71,6.57,310736,136990782.0,2.12,1.21,0.08,0.46,SH601872
3520,2021-12-02,6.63,6.66,6.73,6.59,268920,118660475.0,2.09,-0.45,-0.03,0.4,SH601872
3521,2021-12-03,6.73,6.82,7.03,6.71,751728,342428432.0,4.8,2.4,0.16,1.12,SH601872
3522,2021-12-06,6.75,6.61,6.79,6.59,574391,253791435.0,2.93,-3.08,-0.21,0.85,SH601872
3523,2021-12-07,6.65,6.7,6.73,6.62,481408,212782425.0,1.66,1.36,0.09,0.71,SH601872
3524,2021-12-08,6.73,6.71,6.9,6.65,483419,214935236.0,3.73,0.15,0.01,0.72,SH601872
3525,2021-12-09,6.7,6.83,6.88,6.65,782652,353021200.0,3.43,1.79,0.12,1.16,SH601872
3526,2021-12-10,6.77,6.59,6.88,6.59,1471821,653396048.0,4.25,-3.51,-0.24,2.18,SH601872
3527,2021-12-13,6.55,6.48,6.63,6.46,647698,279087872.0,2.58,-1.67,-0.11,0.96,SH601872
3528,2021-12-14,6.45,6.28,6.46,6.26,733836,304947344.0,3.09,-3.09,-0.2,1.09,SH601872
3529,2021-12-15,6.28,6.29,6.32,6.25,317197,131057099.0,1.11,0.16,0.01,0.47,SH601872
3530,2021-12-16,6.28,6.32,6.33,6.25,317664,131204596.0,1.27,0.48,0.03,0.47,SH601872
3531,2021-12-17,6.29,6.3,6.34,6.29,304346,126227678.0,0.79,-0.32,-0.02,0.45,SH601872
3532,2021-12-20,6.29,6.26,6.3,6.21,286060,117628499.0,1.43,-0.63,-0.04,0.42,SH601872
3533,2021-12-21,6.28,6.36,6.38,6.25,295937,123172418.0,2.08,1.6,0.1,0.44,SH601872
3534,2021-12-22,6.34,6.25,6.36,6.25,421632,173835844.0,1.73,-1.73,-0.11,0.63,SH601872
3535,2021-12-23,6.26,6.26,6.29,6.22,259478,106630262.0,1.12,0.16,0.01,0.39,SH601872
3536,2021-12-24,6.26,6.22,6.28,6.21,234937,95956864.0,1.12,-0.64,-0.04,0.35,SH601872
3537,2021-12-27,6.22,6.24,6.28,6.22,195396,80199928.0,0.96,0.32,0.02,0.29,SH601872
3538,2021-12-28,6.24,6.24,6.26,6.21,249074,101771264.0,0.8,0.0,0.0,0.37,SH601872
3539,2021-12-29,6.22,6.21,6.24,6.2,277788,113187744.0,0.64,-0.48,-0.03,0.41,SH601872
3540,2021-12-30,6.21,6.22,6.24,6.19,304070,123756098.0,0.81,0.16,0.01,0.45,SH601872
3541,2021-12-31,6.24,6.25,6.26,6.2,291403,119209544.0,0.96,0.48,0.03,0.43,SH601872
3542,2022-01-04,6.28,6.32,6.33,6.26,462539,191458077.0,1.12,1.12,0.07,0.69,SH601872
3543,2022-01-05,6.32,6.32,6.36,6.29,449754,187060972.0,1.11,0.0,0.0,0.67,SH601872
3544,2022-01-06,6.26,6.32,6.33,6.26,382896,158657218.0,1.11,0.0,0.0,0.57,SH601872
3545,2022-01-07,6.3,6.32,6.36,6.3,442374,183820394.0,0.95,0.0,0.0,0.66,SH601872
3546,2022-01-10,6.3,6.32,6.32,6.24,383989,158260835.0,1.27,0.0,0.0,0.57,SH601872
3547,2022-01-11,6.32,6.34,6.37,6.29,386553,160987334.0,1.27,0.32,0.02,0.57,SH601872
3548,2022-01-12,6.33,6.29,6.34,6.28,403048,166610538.0,0.95,-0.79,-0.05,0.6,SH601872
3549,2022-01-13,6.28,6.29,6.32,6.28,224472,92708794.0,0.64,0.0,0.0,0.33,SH601872
3550,2022-01-14,6.26,6.16,6.28,6.16,444859,180504564.0,1.91,-2.07,-0.13,0.66,SH601872
3551,2022-01-17,6.16,6.09,6.16,6.07,366000,145693712.0,1.46,-1.14,-0.07,0.54,SH601872
3552,2022-01-18,6.09,6.12,6.13,6.05,274691,109367754.0,1.31,0.49,0.03,0.41,SH601872
3553,2022-01-19,6.12,6.2,6.2,6.09,245470,99269906.0,1.8,1.31,0.08,0.32,SH601872
3554,2022-01-20,6.19,6.16,6.2,6.13,186157,75015378.0,1.13,-0.65,-0.04,0.24,SH601872
3555,2022-01-21,6.15,6.17,6.17,6.13,229851,92509871.0,0.65,0.16,0.01,0.3,SH601872
3556,2022-01-24,6.12,6.0,6.13,6.0,387479,152800221.0,2.11,-2.76,-0.17,0.51,SH601872
3557,2022-01-25,6.0,5.93,6.01,5.92,312248,121317265.0,1.5,-1.17,-0.07,0.41,SH601872
3558,2022-01-26,5.93,6.05,6.13,5.93,311610,123179592.0,3.37,2.02,0.12,0.41,SH601872
3559,2022-01-27,6.05,5.95,6.08,5.93,206002,80138325.0,2.48,-1.65,-0.1,0.27,SH601872
3560,2022-01-28,6.0,5.96,6.01,5.88,190506,73810139.0,2.18,0.17,0.01,0.25,SH601872
3561,2022-02-07,6.0,6.24,6.24,6.0,518346,209152979.0,4.03,4.7,0.28,0.68,SH601872
3562,2022-02-08,6.21,6.49,6.52,6.21,1019833,432634768.0,4.97,4.01,0.25,1.33,SH601872
3563,2022-02-09,6.53,6.49,6.58,6.45,581429,250369339.0,2.0,0.0,0.0,0.76,SH601872
3564,2022-02-10,6.54,6.55,6.58,6.48,438075,188963523.0,1.54,0.92,0.06,0.57,SH601872
3565,2022-02-11,6.57,6.59,6.66,6.54,511007,223402723.0,1.83,0.61,0.04,0.67,SH601872
3566,2022-02-14,6.67,6.5,6.67,6.44,409491,175956582.0,3.49,-1.37,-0.09,0.53,SH601872
3567,2022-02-15,6.49,6.44,6.53,6.4,326462,138761826.0,2.0,-0.92,-0.06,0.43,SH601872
3568,2022-02-16,6.44,6.45,6.49,6.42,297205,126406583.0,1.09,0.16,0.01,0.39,SH601872
3569,2022-02-17,6.46,6.36,6.48,6.34,273491,115150022.0,2.17,-1.4,-0.09,0.36,SH601872
3570,2022-02-18,6.37,6.71,6.71,6.36,655138,285514976.0,5.5,5.5,0.35,0.86,SH601872
3571,2022-02-21,6.69,6.77,6.87,6.55,627870,280895264.0,4.77,0.89,0.06,0.82,SH601872
3572,2022-02-22,6.78,6.79,6.85,6.73,380651,171461798.0,1.77,0.3,0.02,0.5,SH601872
3573,2022-02-23,6.91,6.92,7.27,6.86,1069516,500698080.0,6.04,1.91,0.13,1.4,SH601872
3574,2022-02-24,6.91,6.88,7.06,6.81,801895,369148784.0,3.61,-0.58,-0.04,1.05,SH601872
3575,2022-02-25,6.82,6.78,6.94,6.73,662017,299803216.0,3.05,-1.45,-0.1,0.86,SH601872
3576,2022-02-28,6.95,6.9,7.15,6.78,676836,309689712.0,5.46,1.77,0.12,0.88,SH601872
3577,2022-03-01,6.96,6.77,7.0,6.61,724785,323561072.0,5.65,-1.88,-0.13,0.95,SH601872
3578,2022-03-02,6.83,6.9,7.03,6.74,916647,419824848.0,4.28,1.92,0.13,1.2,SH601872
3579,2022-03-03,6.94,7.11,7.18,6.88,1193922,561018848.0,4.35,3.04,0.21,1.56,SH601872
3580,2022-03-04,7.02,6.87,7.11,6.85,790542,365105792.0,3.66,-3.38,-0.24,1.03,SH601872
3581,2022-03-07,6.88,6.79,7.02,6.77,665511,305546880.0,3.64,-1.16,-0.08,0.87,SH601872
3582,2022-03-08,6.88,6.65,6.95,6.53,714006,317508272.0,6.19,-2.06,-0.14,0.93,SH601872
3583,2022-03-09,6.59,6.54,6.65,6.15,675166,286854336.0,7.52,-1.65,-0.11,0.88,SH601872
3584,2022-03-10,6.61,6.44,6.61,6.34,431012,183784951.0,4.13,-1.53,-0.1,0.56,SH601872
3585,2022-03-11,6.34,6.63,6.65,6.24,484306,206045037.0,6.37,2.95,0.19,0.63,SH601872
3586,2022-03-14,6.57,6.42,6.75,6.42,383763,167023277.0,4.98,-3.17,-0.21,0.5,SH601872
3587,2022-03-15,6.36,5.88,6.4,5.87,838362,334459520.0,8.26,-8.41,-0.54,1.09,SH601872
3588,2022-03-16,6.0,6.03,6.07,5.72,588194,226458422.0,5.95,2.55,0.15,0.77,SH601872
3589,2022-03-17,6.05,5.97,6.08,5.95,541948,211834247.0,2.16,-1.0,-0.06,0.71,SH601872
3590,2022-03-18,5.97,5.99,6.04,5.92,420049,163579633.0,2.01,0.34,0.02,0.55,SH601872
3591,2022-03-21,5.99,5.95,6.03,5.91,454051,176436908.0,2.0,-0.67,-0.04,0.59,SH601872
3592,2022-03-22,5.93,6.01,6.07,5.89,332736,129405979.0,3.03,1.01,0.06,0.43,SH601872
3593,2022-03-23,5.99,5.93,5.99,5.91,337024,130380711.0,1.33,-1.33,-0.08,0.44,SH601872
3594,2022-03-24,5.92,5.87,5.93,5.86,348667,133373431.0,1.18,-1.01,-0.06,0.46,SH601872
3595,2022-03-25,5.86,5.91,5.96,5.8,386490,148083786.0,2.73,0.68,0.04,0.5,SH601872
3596,2022-03-28,6.0,6.41,6.41,5.99,1325913,545406768.0,7.11,8.46,0.5,1.73,SH601872
3597,2022-03-29,6.49,6.96,6.96,6.42,1658657,751472064.0,8.42,8.58,0.55,2.17,SH601872
3598,2022-03-30,6.86,6.99,7.04,6.74,2313763,1067944576.0,4.31,0.43,0.03,3.02,SH601872
3599,2022-03-31,6.94,7.07,7.28,6.92,1816825,862302128.0,5.15,1.14,0.08,2.37,SH601872
3600,2022-04-01,7.11,7.36,7.47,7.1,1937735,949814832.0,5.23,4.1,0.29,2.53,SH601872
3601,2022-04-06,7.35,7.39,7.41,7.15,1120092,550484512.0,3.53,0.41,0.03,1.46,SH601872
3602,2022-04-07,7.44,7.36,7.69,7.36,1053284,531101536.0,4.47,-0.41,-0.03,1.38,SH601872
3603,2022-04-08,7.33,7.31,7.48,7.18,923357,452660272.0,4.08,-0.68,-0.05,1.21,SH601872
3604,2022-04-11,7.56,7.23,7.58,7.2,825222,407938160.0,5.2,-1.09,-0.08,1.08,SH601872
3605,2022-04-12,7.24,7.44,7.56,7.23,983929,491662464.0,4.56,2.9,0.21,1.28,SH601872
3606,2022-04-13,7.37,7.82,8.01,7.33,1212016,636302304.0,9.14,5.11,0.38,1.58,SH601872
3607,2022-04-14,7.74,8.06,8.1,7.65,1115833,601377808.0,5.75,3.07,0.24,1.46,SH601872
3608,2022-04-15,8.03,7.89,8.44,7.77,1200597,656384512.0,8.31,-2.11,-0.17,1.57,SH601872
3609,2022-04-18,7.78,7.62,7.84,7.54,690291,356489712.0,3.8,-3.42,-0.27,0.9,SH601872
3610,2022-04-19,7.64,7.86,7.89,7.53,729797,381053728.0,4.72,3.15,0.24,0.95,SH601872
3611,2022-04-20,7.84,7.64,7.89,7.61,619653,323425968.0,3.56,-2.8,-0.22,0.81,SH601872
3612,2022-04-21,7.57,7.58,7.77,7.52,757952,391738880.0,3.27,-0.79,-0.06,0.99,SH601872
3613,2022-04-22,7.39,8.01,8.24,7.37,1562520,846394960.0,11.48,5.67,0.43,2.04,SH601872
3614,2022-04-25,7.78,7.51,7.9,7.4,1807188,928686592.0,6.24,-6.24,-0.5,2.36,SH601872
3615,2022-04-26,7.49,7.15,7.57,7.11,1027309,504518144.0,6.13,-4.79,-0.36,1.34,SH601872
3616,2022-04-27,7.07,7.39,7.45,6.96,906350,435967232.0,6.85,3.36,0.24,1.18,SH601872
3617,2022-04-28,7.32,7.49,7.72,7.28,809650,408331328.0,5.95,1.35,0.1,1.06,SH601872
3618,2022-04-29,7.53,7.58,7.73,7.35,735962,372783968.0,5.07,1.2,0.09,0.96,SH601872
3619,2022-05-05,7.44,7.61,7.76,7.41,1031623,525218928.0,4.62,0.4,0.03,1.35,SH601872
3620,2022-05-06,7.47,7.87,8.13,7.31,1541922,823077840.0,10.78,3.42,0.26,2.01,SH601872
3621,2022-05-09,7.9,7.91,8.03,7.74,953611,509139344.0,3.68,0.51,0.04,1.24,SH601872
3622,2022-05-10,7.6,7.52,7.66,7.2,1670351,830936880.0,5.82,-4.93,-0.39,2.18,SH601872
3623,2022-05-11,7.44,7.81,7.93,7.4,1118409,587446096.0,7.05,3.86,0.29,1.46,SH601872
3624,2022-05-12,7.77,7.98,8.13,7.73,955578,511814144.0,5.12,2.18,0.17,1.25,SH601872
3625,2022-05-13,7.98,8.48,8.57,7.97,1563294,888918384.0,7.52,6.27,0.5,2.04,SH601872
3626,2022-05-16,8.43,8.59,8.72,8.28,1425969,831537856.0,5.19,1.3,0.11,1.86,SH601872
3627,2022-05-17,8.53,8.53,8.71,8.36,955976,558340416.0,4.07,-0.7,-0.06,1.25,SH601872
3628,2022-05-18,8.39,8.3,8.5,8.26,846530,482477168.0,2.81,-2.7,-0.23,1.11,SH601872
3629,2022-05-19,8.17,8.4,8.65,8.1,1044858,600278496.0,6.63,1.2,0.1,1.36,SH601872
3630,2022-05-20,8.32,8.26,8.46,8.19,919378,518854416.0,3.21,-1.67,-0.14,1.2,SH601872
3631,2022-05-23,8.15,8.2,8.35,8.13,613878,343363584.0,2.66,-0.73,-0.06,0.8,SH601872
3632,2022-05-24,8.23,8.51,8.83,8.22,1244373,731952880.0,7.44,3.78,0.31,1.62,SH601872
3633,2022-05-25,8.5,8.76,9.08,8.4,1625486,980248544.0,7.99,2.94,0.25,2.12,SH601872
3634,2022-05-26,8.72,8.85,8.96,8.57,961117,575612448.0,4.45,1.03,0.09,1.25,SH601872
3635,2022-05-27,8.84,8.86,9.13,8.69,959319,587129456.0,4.97,0.11,0.01,1.25,SH601872
3636,2022-05-30,8.86,8.8,9.02,8.73,697547,422436064.0,3.27,-0.68,-0.06,0.91,SH601872
3637,2022-05-31,8.8,8.83,9.16,8.73,1212502,741571120.0,4.89,0.34,0.03,1.58,SH601872
3638,2022-06-01,8.76,9.63,9.63,8.72,1951162,1264116320.0,10.31,9.06,0.8,2.55,SH601872
3639,2022-06-02,9.68,9.6,9.97,9.46,2051916,1377445760.0,5.3,-0.31,-0.03,2.68,SH601872
3640,2022-06-06,9.7,9.78,9.92,9.42,1956992,1309543536.0,5.21,1.88,0.18,2.55,SH601872
3641,2022-06-07,9.7,10.04,10.33,9.52,1922201,1337746768.0,8.28,2.66,0.26,2.51,SH601872
3642,2022-06-08,9.92,9.68,10.09,9.5,1439982,970429808.0,5.88,-3.59,-0.36,1.88,SH601872
3643,2022-06-09,9.5,9.09,9.63,8.96,1932167,1217974976.0,6.92,-6.1,-0.59,2.52,SH601872
3644,2022-06-10,8.93,9.17,9.31,8.9,1477674,930193440.0,4.51,0.88,0.08,1.93,SH601872
3645,2022-06-13,9.13,8.71,9.16,8.56,1960998,1174128592.0,6.54,-5.02,-0.46,2.56,SH601872
3646,2022-06-14,8.6,8.85,8.89,8.42,1422722,842502176.0,5.4,1.61,0.14,1.86,SH601872
3647,2022-06-15,8.92,8.63,8.93,8.59,968708,583185104.0,3.84,-2.49,-0.22,1.26,SH601872
3648,2022-06-16,8.63,8.38,8.71,8.32,1247299,717975328.0,4.52,-2.9,-0.25,1.63,SH601872
3649,2022-06-17,8.35,8.24,8.4,8.07,1335018,743601488.0,3.94,-1.67,-0.14,1.74,SH601872
3650,2022-06-20,8.2,8.05,8.23,8.02,1073257,588287488.0,2.55,-2.31,-0.19,1.4,SH601872
3651,2022-06-21,8.09,8.27,8.35,8.06,1268143,709592048.0,3.6,2.73,0.22,1.66,SH601872
3652,2022-06-22,8.35,8.47,8.8,8.34,1801357,1061078384.0,5.56,2.42,0.2,2.35,SH601872
3653,2022-06-23,8.3,8.71,8.79,8.18,1217406,708053360.0,7.2,2.83,0.24,1.59,SH601872
3654,2022-06-24,8.67,8.5,8.71,8.42,884479,513672496.0,3.33,-2.41,-0.21,1.15,SH601872
3655,2022-06-27,8.47,8.61,8.75,8.38,864005,507446256.0,4.35,1.29,0.11,1.13,SH601872
3656,2022-06-28,8.65,9.01,9.04,8.53,1115332,674065344.0,5.92,4.65,0.4,1.46,SH601872
3657,2022-06-29,8.9,8.64,9.17,8.6,872777,526218064.0,6.33,-4.11,-0.37,1.14,SH601872
3658,2022-06-30,8.61,8.44,8.65,8.34,771407,446510592.0,3.59,-2.31,-0.2,1.01,SH601872
3659,2022-07-01,8.42,8.27,8.44,8.26,534706,303432784.0,2.13,-2.01,-0.17,0.7,SH601872
3660,2022-07-04,8.31,8.48,8.53,8.19,707413,403960528.0,4.11,2.54,0.21,0.92,SH601872
3661,2022-07-05,8.89,9.04,9.23,8.81,1724093,1070450048.0,4.95,6.6,0.56,2.25,SH601872
3662,2022-07-06,9.01,8.68,9.13,8.61,1434330,872983904.0,5.75,-3.98,-0.36,1.87,SH601872
3663,2022-07-07,8.72,8.46,8.79,8.36,1050415,597098736.0,4.95,-2.53,-0.22,1.37,SH601872
3664,2022-07-08,8.64,8.46,8.76,8.44,714845,411618496.0,3.78,0.0,0.0,0.93,SH601872
3665,2022-07-11,8.42,8.55,8.61,8.22,701146,395239312.0,4.61,1.06,0.09,0.92,SH601872
3666,2022-07-12,8.47,8.24,8.5,8.23,581983,323587888.0,3.16,-3.63,-0.31,0.76,SH601872
3667,2022-07-13,8.2,8.35,8.36,8.06,481739,266006229.0,3.64,1.33,0.11,0.63,SH601872
3668,2022-07-14,8.38,8.35,8.44,8.2,426091,237488916.0,2.87,0.0,0.0,0.56,SH601872
3669,2022-07-15,8.36,8.13,8.5,8.13,658235,366150344.0,4.43,-2.63,-0.22,0.86,SH601872
3670,2022-07-18,8.22,8.84,8.84,8.18,954219,554079778.0,8.12,8.73,0.71,1.25,SH601872
3671,2022-07-19,9.12,9.26,9.5,9.12,1958242,1238009303.0,4.3,4.75,0.42,2.56,SH601872
3672,2022-07-20,9.39,9.62,9.64,9.17,1156276,745010064.0,5.08,3.89,0.36,1.51,SH601872
3673,2022-07-21,9.64,9.68,9.93,9.51,1095382,722698603.0,4.37,0.62,0.06,1.43,SH601872
3674,2022-07-22,9.59,9.91,10.15,9.56,1050174,709991235.0,6.1,2.38,0.23,1.37,SH601872
3675,2022-07-25,9.83,10.07,10.34,9.79,1016454,703840708.0,5.55,1.61,0.16,1.33,SH601872
3676,2022-07-26,10.07,10.37,10.42,10.0,1078953,756089283.0,4.17,2.98,0.3,1.41,SH601872
3677,2022-07-27,10.38,10.22,10.48,10.13,789892,556426693.0,3.38,-1.45,-0.15,1.03,SH601872
3678,2022-07-28,10.25,10.24,10.4,10.07,795539,554686636.0,3.23,0.2,0.02,1.04,SH601872
3679,2022-07-29,10.2,10.12,10.3,9.96,719702,497059846.0,3.32,-1.17,-0.12,0.94,SH601872
3680,2022-08-01,10.12,10.55,10.7,10.0,1084706,776178008.0,6.92,4.25,0.43,1.42,SH601872
3681,2022-08-02,10.45,10.29,10.62,10.21,678716,482767202.0,3.89,-2.46,-0.26,0.89,SH601872
3682,2022-08-03,10.3,9.88,10.41,9.83,961951,658002514.0,5.64,-3.98,-0.41,1.26,SH601872
3683,2022-08-04,9.93,9.63,9.97,9.55,751819,494728884.0,4.25,-2.53,-0.25,0.98,SH601872
3684,2022-08-05,9.83,9.66,9.99,9.46,588451,384948070.0,5.5,0.31,0.03,0.77,SH601872
3685,2022-08-08,9.68,9.63,9.82,9.43,577670,377621497.0,4.04,-0.31,-0.03,0.75,SH601872
3686,2022-08-09,9.67,10.04,10.12,9.56,948177,643518333.0,5.82,4.26,0.41,1.24,SH601872
3687,2022-08-10,10.05,9.91,10.25,9.7,709559,479606669.0,5.48,-1.29,-0.13,0.93,SH601872
3688,2022-08-11,9.89,9.92,10.18,9.79,461447,314070302.0,3.94,0.1,0.01,0.6,SH601872
3689,2022-08-12,10.01,10.29,10.59,9.97,820974,583912908.0,6.25,3.73,0.37,1.07,SH601872
3690,2022-08-15,10.24,10.36,10.57,10.22,693925,497139955.0,3.4,0.68,0.07,0.91,SH601872
3691,2022-08-16,10.33,11.0,11.15,10.18,1008451,757527492.0,9.36,6.18,0.64,1.32,SH601872
3692,2022-08-17,11.0,11.11,11.21,10.83,867087,662126363.0,3.45,1.0,0.11,1.13,SH601872
3693,2022-08-18,11.28,11.12,11.52,11.03,727770,566793402.0,4.41,0.09,0.01,0.95,SH601872
3694,2022-08-19,11.15,10.92,11.19,10.9,506557,384629050.0,2.61,-1.8,-0.2,0.66,SH601872
3695,2022-08-22,10.98,11.91,11.91,10.98,1390407,1131285547.0,8.52,9.07,0.99,1.82,SH601872
3696,2022-08-23,11.93,11.64,12.01,11.52,1393235,1131749554.0,4.11,-2.27,-0.27,1.82,SH601872
3697,2022-08-24,11.61,11.39,11.83,11.31,860058,686411469.0,4.47,-2.15,-0.25,1.12,SH601872
3698,2022-08-25,11.41,12.28,12.43,11.36,1475672,1239389632.0,9.39,7.81,0.89,1.93,SH601872
3699,2022-08-26,12.15,11.19,12.15,11.16,1576047,1259342152.0,8.06,-8.88,-1.09,2.06,SH601872
3700,2022-08-29,11.31,11.45,11.53,11.14,851708,671809509.0,3.49,2.32,0.26,1.11,SH601872
3701,2022-08-30,11.52,11.35,11.72,11.28,783530,621719165.0,3.84,-0.87,-0.1,1.02,SH601872
3702,2022-08-31,11.19,10.87,11.21,10.57,1567117,1164625228.0,5.64,-4.23,-0.48,2.05,SH601872
3703,2022-09-01,10.69,10.24,10.82,10.13,1258831,898070229.0,6.35,-5.8,-0.63,1.64,SH601872
3704,2022-09-02,10.26,10.55,10.88,10.25,1201575,875128102.0,6.15,3.03,0.31,1.57,SH601872
3705,2022-09-05,10.67,11.02,11.15,10.49,1098548,828051188.0,6.26,4.45,0.47,1.43,SH601872
3706,2022-09-06,10.98,11.16,11.52,10.63,1112118,848886441.0,8.08,1.27,0.14,1.45,SH601872
3707,2022-09-07,11.11,11.03,11.39,10.91,823439,631008840.0,4.3,-1.16,-0.13,1.07,SH601872
3708,2022-09-08,10.88,10.83,10.96,10.51,655243,486275650.0,4.08,-1.81,-0.2,0.86,SH601872
3709,2022-09-09,10.88,10.54,11.14,10.51,813708,597125966.0,5.82,-2.68,-0.29,1.06,SH601872
3710,2022-09-13,10.94,10.59,11.31,10.54,1319791,985924374.0,7.31,0.47,0.05,1.72,SH601872
3711,2022-09-14,10.51,11.02,11.27,10.46,1476016,1121068619.0,7.65,4.06,0.43,1.93,SH601872
3712,2022-09-15,11.19,10.62,11.45,10.53,1310626,979744883.0,8.35,-3.63,-0.4,1.71,SH601872
3713,2022-09-16,10.58,10.38,10.84,10.29,1082996,779693193.0,5.18,-2.26,-0.24,1.41,SH601872
3714,2022-09-19,10.69,11.1,11.31,10.69,1497715,1139808965.0,5.97,6.94,0.72,1.96,SH601872
3715,2022-09-20,11.27,11.35,11.61,11.1,1437302,1131074472.0,4.59,2.25,0.25,1.87,SH601872
3716,2022-09-21,11.39,12.02,12.2,11.23,1991166,1647302913.0,8.55,5.9,0.67,2.59,SH601872
3717,2022-09-22,11.86,11.77,12.39,11.54,2117936,1759733956.0,7.07,-2.08,-0.25,2.76,SH601872
3718,2022-09-23,11.68,11.24,11.82,11.21,1141523,903250983.0,5.18,-4.5,-0.53,1.49,SH601872
3719,2022-09-26,11.15,11.2,11.6,11.02,999541,782810252.0,5.16,-0.36,-0.04,1.3,SH601872
3720,2022-09-27,11.16,11.03,11.25,10.77,981676,741965383.0,4.29,-1.52,-0.17,1.28,SH601872
3721,2022-09-28,11.32,10.9,11.48,10.71,1081395,823069075.0,6.98,-1.18,-0.13,1.41,SH601872
3722,2022-09-29,11.04,10.26,11.04,9.92,1850507,1308541661.0,10.28,-5.87,-0.64,2.41,SH601872
3723,2022-09-30,10.08,10.36,10.54,10.07,1035584,731120317.0,4.58,0.97,0.1,1.35,SH601872
3724,2022-10-10,10.36,10.44,10.75,10.17,1124743,811366656.0,5.6,0.77,0.08,1.47,SH601872
3725,2022-10-11,10.36,10.71,10.82,10.2,1017894,737813995.0,5.94,2.59,0.27,1.33,SH601872
3726,2022-10-12,10.59,10.65,10.82,10.38,825760,598301563.0,4.11,-0.56,-0.06,1.08,SH601872
3727,2022-10-13,10.65,10.33,10.84,10.29,832065,597848366.0,5.16,-3.0,-0.32,1.08,SH601872
3728,2022-10-14,10.51,10.99,11.07,10.42,1164999,870103503.0,6.29,6.39,0.66,1.52,SH601872
3729,2022-10-17,10.99,11.68,11.7,10.77,1234651,962640969.0,8.46,6.28,0.69,1.61,SH601872
3730,2022-10-18,11.73,11.6,11.8,11.49,889972,717050993.0,2.65,-0.68,-0.08,1.16,SH601872
3731,2022-10-19,11.87,12.42,12.53,11.87,1485676,1275842342.0,5.69,7.07,0.82,1.94,SH601872
3732,2022-10-20,12.47,11.8,12.55,11.68,1284951,1067756359.0,7.0,-4.99,-0.62,1.67,SH601872
3733,2022-10-21,11.66,11.64,11.8,11.44,917145,738870466.0,3.05,-1.36,-0.16,1.19,SH601872
3734,2022-10-24,11.61,11.19,11.61,11.02,786769,612058518.0,5.07,-3.87,-0.45,1.02,SH601872
3735,2022-10-25,11.08,11.27,11.49,11.02,695326,542941261.0,4.2,0.71,0.08,0.91,SH601872
3736,2022-10-26,11.11,10.87,11.15,10.66,998266,745331262.0,4.35,-3.55,-0.4,1.3,SH601872
3737,2022-10-27,10.67,10.84,11.17,10.53,662232,498374546.0,5.89,-0.28,-0.03,0.86,SH601872
3738,2022-10-28,10.79,10.74,11.12,10.66,611834,458731345.0,4.24,-0.92,-0.1,0.8,SH601872
3739,2022-10-31,10.51,10.18,10.59,10.11,1100026,773911403.0,4.47,-5.21,-0.56,1.43,SH601872
3740,2022-11-01,10.21,10.16,10.46,9.85,1178661,814752016.0,5.99,-0.2,-0.02,1.54,SH601872
3741,2022-11-02,10.41,10.88,10.94,10.22,1692250,1227329541.0,7.09,7.09,0.72,2.2,SH601872
3742,2022-11-03,10.75,10.63,10.88,10.54,717065,526704331.0,3.13,-2.3,-0.25,0.93,SH601872
3743,2022-11-04,10.87,11.6,11.6,10.82,1604390,1273757147.0,7.34,9.13,0.97,2.09,SH601872
3744,2022-11-07,11.57,11.41,11.69,11.32,1162139,923300120.0,3.19,-1.64,-0.19,1.51,SH601872
3745,2022-11-08,11.28,10.67,11.36,10.49,1406149,1039333524.0,7.62,-6.49,-0.74,1.83,SH601872
3746,2022-11-09,10.95,10.55,11.02,10.48,950891,697938358.0,5.06,-1.12,-0.12,1.24,SH601872
3747,2022-11-10,10.28,10.45,10.53,10.11,809619,572698181.0,3.98,-0.95,-0.1,1.05,SH601872
3748,2022-11-11,10.55,10.58,10.62,10.07,1372783,975772318.0,5.26,1.24,0.13,1.79,SH601872
3749,2022-11-14,10.36,10.37,10.58,10.18,910477,649756488.0,3.78,-1.98,-0.21,1.19,SH601872
3750,2022-11-15,10.38,10.45,10.62,10.26,815600,583043641.0,3.47,0.77,0.08,1.06,SH601872
3751,2022-11-16,10.7,10.71,10.9,10.59,1178298,871992183.0,2.97,2.49,0.26,1.53,SH601872
3752,2022-11-17,10.62,10.91,10.96,10.46,1172301,869270708.0,4.67,1.87,0.2,1.53,SH601872
3753,2022-11-18,11.23,10.44,11.23,10.4,1295125,956109418.0,7.61,-4.31,-0.47,1.69,SH601872
3754,2022-11-21,10.36,10.48,10.57,10.17,610571,436118078.0,3.83,0.38,0.04,0.8,SH601872
3755,2022-11-22,10.53,10.75,10.99,10.48,1119664,835141635.0,4.87,2.58,0.27,1.46,SH601872
3756,2022-11-23,10.58,10.59,10.74,10.45,540376,392601880.0,2.7,-1.49,-0.16,0.7,SH601872
3757,2022-11-24,10.46,10.37,10.46,10.25,819666,579927587.0,1.98,-2.08,-0.22,1.07,SH601872
3758,2022-11-25,10.28,10.2,10.29,10.11,736368,512350109.0,1.74,-1.64,-0.17,0.96,SH601872
3759,2022-11-28,10.09,10.11,10.13,9.95,609372,417793942.0,1.76,-0.88,-0.09,0.79,SH601872
3760,2022-11-29,10.08,9.84,10.09,9.67,1145586,768996314.0,4.15,-2.67,-0.27,1.49,SH601872
3761,2022-11-30,9.78,9.66,9.78,9.21,1950099,1248156580.0,5.79,-1.83,-0.18,2.54,SH601872
3762,2022-12-01,9.47,9.49,9.6,9.37,1015119,653491467.0,2.38,-1.76,-0.17,1.32,SH601872
3763,2022-12-02,9.45,9.01,9.46,8.94,1980257,1218511524.0,5.48,-5.06,-0.48,2.58,SH601872
3764,2022-12-05,9.06,9.23,9.3,9.02,1263870,787727905.0,3.11,2.44,0.22,1.65,SH601872
3765,2022-12-06,9.23,9.16,9.26,9.08,718020,445324998.0,1.95,-0.76,-0.07,0.94,SH601872
3766,2022-12-07,9.1,9.1,9.19,9.04,704803,432732258.0,1.64,-0.66,-0.06,0.92,SH601872
3767,2022-12-08,9.09,9.05,9.17,8.98,585034,358081238.0,2.09,-0.55,-0.05,0.76,SH601872
3768,2022-12-09,9.09,9.1,9.22,9.04,813457,501720252.0,1.99,0.55,0.05,1.06,SH601872
3769,2022-12-12,9.12,9.18,9.21,8.83,830881,508007317.0,4.18,0.88,0.08,1.08,SH601872
3770,2022-12-13,9.29,9.45,9.56,9.25,1496495,958955040.0,3.38,2.94,0.27,1.95,SH601872
3771,2022-12-14,9.34,9.13,9.42,9.12,775786,486025494.0,3.17,-3.39,-0.32,1.01,SH601872
3772,2022-12-15,9.13,9.12,9.19,9.06,352641,217074342.0,1.42,-0.11,-0.01,0.46,SH601872
3773,2022-12-16,9.12,9.09,9.14,9.0,405030,247193172.0,1.54,-0.33,-0.03,0.53,SH601872
3774,2022-12-19,9.04,8.77,9.09,8.71,828504,491617721.0,4.18,-3.52,-0.32,1.08,SH601872
3775,2022-12-20,8.77,8.92,8.96,8.72,461655,276349227.0,2.74,1.71,0.15,0.6,SH601872
3776,2022-12-21,8.86,8.8,8.96,8.72,380022,225584582.0,2.69,-1.35,-0.12,0.49,SH601872
3777,2022-12-22,8.85,8.51,8.88,8.46,860743,495479672.0,4.77,-3.3,-0.29,1.12,SH601872
3778,2022-12-23,8.42,8.31,8.51,8.24,568616,317407986.0,3.17,-2.35,-0.2,0.74,SH601872
3779,2022-12-26,8.31,8.48,8.53,8.31,454299,256804110.0,2.65,2.05,0.17,0.59,SH601872
3780,2022-12-27,8.51,8.47,8.53,8.39,325365,184454727.0,1.65,-0.12,-0.01,0.42,SH601872
3781,2022-12-28,8.48,8.51,8.64,8.44,559704,320408147.0,2.36,0.47,0.04,0.73,SH601872
3782,2022-12-29,8.44,8.38,8.48,8.34,308407,172989593.0,1.65,-1.53,-0.13,0.4,SH601872
3783,2022-12-30,8.42,8.36,8.46,8.35,253573,142418062.0,1.31,-0.24,-0.02,0.33,SH601872
3784,2023-01-03,8.38,8.67,8.73,8.34,685144,394331560.0,4.67,3.71,0.31,0.89,SH601872
3785,2023-01-04,8.57,8.53,8.59,8.47,464284,265234600.0,1.38,-1.61,-0.14,0.6,SH601872
3786,2023-01-05,8.46,8.55,8.6,8.42,341671,195605971.0,2.11,0.23,0.02,0.44,SH601872
3787,2023-01-06,8.56,8.71,8.76,8.51,666405,389382587.0,2.92,1.87,0.16,0.87,SH601872
3788,2023-01-09,8.77,8.68,8.79,8.65,376062,220472339.0,1.61,-0.34,-0.03,0.46,SH601872
3789,2023-01-10,8.71,8.57,8.72,8.52,333184,191968105.0,2.3,-1.27,-0.11,0.41,SH601872
3790,2023-01-11,8.57,8.81,8.93,8.57,660519,389771947.0,4.2,2.8,0.24,0.81,SH601872
3791,2023-01-12,8.73,9.0,9.13,8.69,762161,459953931.0,4.99,2.16,0.19,0.94,SH601872
3792,2023-01-13,8.98,9.0,9.14,8.96,577167,352721025.0,2.0,0.0,0.0,0.71,SH601872
3793,2023-01-16,8.97,9.08,9.1,8.93,465102,283804601.0,1.89,0.89,0.08,0.57,SH601872
3794,2023-01-17,9.09,8.96,9.09,8.9,301215,181841806.0,2.09,-1.32,-0.12,0.37,SH601872
3795,2023-01-18,9.01,9.29,9.31,9.0,816642,510970818.0,3.46,3.68,0.33,1.0,SH601872
3796,2023-01-19,9.23,9.3,9.33,9.18,346974,217531203.0,1.61,0.11,0.01,0.43,SH601872
3797,2023-01-20,9.31,9.35,9.43,9.26,492368,312350205.0,1.83,0.54,0.05,0.61,SH601872
3798,2023-01-30,9.46,9.26,9.46,9.22,519605,326379859.0,2.57,-0.96,-0.09,0.64,SH601872
3799,2023-01-31,9.29,9.42,9.51,9.26,570528,364983424.0,2.7,1.73,0.16,0.7,SH601872
3800,2023-02-01,9.45,9.63,9.64,9.3,671436,432471927.0,3.61,2.23,0.21,0.83,SH601872
3801,2023-02-02,9.6,9.68,9.91,9.51,672380,447057549.0,4.15,0.52,0.05,0.83,SH601872
3802,2023-02-03,9.66,9.95,10.04,9.63,968492,652267750.0,4.24,2.79,0.27,1.19,SH601872
3803,2023-02-06,9.88,9.97,10.13,9.8,612977,419065164.0,3.32,0.2,0.02,0.75,SH601872
3804,2023-02-07,10.08,10.08,10.2,10.0,558977,386230690.0,2.01,1.1,0.11,0.69,SH601872
3805,2023-02-08,10.08,10.41,10.57,10.01,889007,630665556.0,5.56,3.27,0.33,1.09,SH601872
3806,2023-02-09,10.38,10.46,10.5,10.28,581946,415444883.0,2.11,0.48,0.05,0.72,SH601872
3807,2023-02-10,10.62,10.73,10.74,10.48,682567,499265245.0,2.49,2.58,0.27,0.84,SH601872
3808,2023-02-13,10.67,10.34,10.71,10.26,1001502,717038286.0,4.19,-3.63,-0.39,1.23,SH601872
3809,2023-02-14,10.46,10.58,10.69,10.45,630505,458807103.0,2.32,2.32,0.24,0.78,SH601872
3810,2023-02-15,10.59,10.37,10.66,10.22,575302,409007423.0,4.16,-1.98,-0.21,0.71,SH601872
3811,2023-02-16,10.34,10.13,10.38,10.07,508409,356335522.0,2.99,-2.31,-0.24,0.63,SH601872
3812,2023-02-17,10.12,10.22,10.4,10.12,501174,352842697.0,2.76,0.89,0.09,0.62,SH601872
3813,2023-02-20,10.28,10.34,10.45,10.21,392148,277283136.0,2.35,1.17,0.12,0.48,SH601872
3814,2023-02-21,10.4,10.36,10.49,10.22,487358,346828505.0,2.61,0.19,0.02,0.6,SH601872
3815,2023-02-22,10.41,10.34,10.45,10.3,311881,221620219.0,1.45,-0.19,-0.02,0.38,SH601872
3816,2023-02-23,10.33,10.18,10.38,10.11,426389,298157663.0,2.61,-1.55,-0.16,0.52,SH601872
3817,2023-02-24,10.49,10.46,10.73,10.33,825790,595855721.0,3.93,2.75,0.28,1.02,SH601872
3818,2023-02-27,10.36,10.42,10.55,10.16,550818,392173750.0,3.73,-0.38,-0.04,0.68,SH601872
3819,2023-02-28,10.4,10.28,10.41,10.22,362405,255580007.0,1.82,-1.34,-0.14,0.45,SH601872
3820,2023-03-01,10.4,11.04,11.15,10.32,1392058,1034151401.0,8.07,7.39,0.76,1.71,SH601872
3821,2023-03-02,11.08,11.0,11.19,10.83,654374,496110613.0,3.26,-0.36,-0.04,0.81,SH601872
3822,2023-03-03,11.04,11.08,11.23,10.92,594892,455272483.0,2.82,0.73,0.08,0.73,SH601872
3823,2023-03-06,11.0,10.91,11.17,10.86,510377,386284935.0,2.8,-1.53,-0.17,0.63,SH601872
3824,2023-03-07,10.81,10.61,10.88,10.49,531918,391279709.0,3.57,-2.75,-0.3,0.65,SH601872
3825,2023-03-08,10.58,10.66,10.73,10.48,378890,276867836.0,2.36,0.47,0.05,0.47,SH601872
3826,2023-03-09,11.25,11.57,11.61,11.16,1408606,1113369886.0,4.22,8.54,0.91,1.73,SH601872
3827,2023-03-10,11.5,11.48,11.66,11.28,839904,669163701.0,3.28,-0.78,-0.09,1.03,SH601872
3828,2023-03-13,11.39,11.41,11.54,11.24,491321,387167327.0,2.61,-0.61,-0.07,0.6,SH601872
3829,2023-03-14,11.24,10.86,11.24,10.74,813256,614266196.0,4.38,-4.82,-0.55,1.0,SH601872
3830,2023-03-15,10.96,11.44,11.52,10.9,762901,596512282.0,5.71,5.34,0.58,0.94,SH601872
3831,2023-03-16,11.2,10.66,11.23,10.55,1173655,872306759.0,5.94,-6.82,-0.78,1.44,SH601872
3832,2023-03-17,10.59,10.61,10.75,10.55,601732,439614423.0,1.88,-0.47,-0.05,0.74,SH601872
3833,2023-03-20,10.63,10.46,10.77,10.45,554164,403548908.0,3.02,-1.41,-0.15,0.68,SH601872
3834,2023-03-21,10.62,10.63,10.81,10.58,570838,420114393.0,2.2,1.63,0.17,0.7,SH601872
3835,2023-03-22,10.75,10.51,10.79,10.38,505981,367489093.0,3.86,-1.13,-0.12,0.62,SH601872
3836,2023-03-23,10.26,10.37,10.44,10.24,487726,345463176.0,1.9,-1.33,-0.14,0.6,SH601872
3837,2023-03-24,10.34,10.21,10.37,10.09,405573,283354372.0,2.7,-1.54,-0.16,0.5,SH601872
3838,2023-03-27,10.25,10.24,10.4,9.95,589247,409558387.0,4.41,0.29,0.03,0.73,SH601872
3839,2023-03-28,10.34,10.18,10.46,10.12,452052,318887746.0,3.32,-0.59,-0.06,0.56,SH601872
3840,2023-03-29,10.18,10.08,10.25,10.0,351120,242453706.0,2.46,-0.98,-0.1,0.43,SH601872
3841,2023-03-30,10.12,10.32,10.37,9.84,542854,375848657.0,5.26,2.38,0.24,0.67,SH601872
3842,2023-03-31,10.3,10.24,10.36,10.13,342165,239751179.0,2.23,-0.78,-0.08,0.42,SH601872
3843,2023-04-03,9.93,9.5,9.93,9.34,1788528,1152227380.0,5.76,-7.23,-0.74,2.2,SH601872
3844,2023-04-04,9.42,9.37,9.49,9.21,1048223,662395651.0,2.95,-1.37,-0.13,1.29,SH601872
3845,2023-04-06,9.35,9.63,9.71,9.27,696707,453677564.0,4.7,2.77,0.26,0.86,SH601872
3846,2023-04-07,9.56,9.85,10.04,9.54,496787,334087748.0,5.19,2.28,0.22,0.61,SH601872
3847,2023-04-10,9.91,9.97,10.08,9.85,489914,333721330.0,2.34,1.22,0.12,0.6,SH601872
3848,2023-04-11,9.91,9.85,9.93,9.75,308118,206650719.0,1.81,-1.2,-0.12,0.38,SH601872
3849,2023-04-12,9.89,10.01,10.09,9.82,339072,231354200.0,2.74,1.62,0.16,0.42,SH601872
3850,2023-04-13,10.01,10.16,10.34,9.97,432434,302817816.0,3.7,1.5,0.15,0.53,SH601872
3851,2023-04-14,10.16,10.36,10.44,10.16,448344,317226225.0,2.76,1.97,0.2,0.55,SH601872
3852,2023-04-17,10.37,10.63,10.73,10.22,652433,471641090.0,4.92,2.61,0.27,0.8,SH601872
3853,2023-04-18,10.65,10.65,10.74,10.48,334590,243559796.0,2.45,0.19,0.02,0.41,SH601872
3854,2023-04-19,10.66,10.58,10.71,10.55,228233,166529421.0,1.5,-0.66,-0.07,0.28,SH601872
3855,2023-04-20,10.5,10.45,10.59,10.37,346357,248431613.0,2.08,-1.23,-0.13,0.43,SH601872
3856,2023-04-21,10.36,10.18,10.45,10.18,445347,313801151.0,2.58,-2.58,-0.27,0.55,SH601872
3857,2023-04-24,10.18,9.96,10.22,9.87,334681,228857741.0,3.44,-2.16,-0.22,0.41,SH601872
3858,2023-04-25,10.03,9.85,10.16,9.68,354970,238772070.0,4.82,-1.1,-0.11,0.44,SH601872
3859,2023-04-26,9.87,9.82,9.97,9.67,355991,238204911.0,3.05,-0.3,-0.03,0.44,SH601872
3860,2023-04-27,9.8,9.72,9.84,9.58,284982,188131811.0,2.65,-1.02,-0.1,0.35,SH601872
3861,2023-04-28,9.7,9.74,9.87,9.66,345579,229529867.0,2.16,0.21,0.02,0.43,SH601872
3862,2023-05-04,9.7,9.34,9.74,9.3,621305,396288116.0,4.52,-4.11,-0.4,0.76,SH601872
3863,2023-05-05,9.35,9.06,9.41,8.94,720748,444608522.0,5.03,-3.0,-0.28,0.89,SH601872
3864,2023-05-08,9.06,9.12,9.26,9.0,577166,355983417.0,2.87,0.66,0.06,0.71,SH601872
3865,2023-05-09,9.19,9.1,9.39,9.01,721649,449044636.0,4.17,-0.22,-0.02,0.89,SH601872
3866,2023-05-10,9.06,8.85,9.1,8.79,678439,406547639.0,3.41,-2.75,-0.25,0.83,SH601872
3867,2023-05-11,8.88,8.94,9.05,8.79,356808,214830238.0,2.94,1.02,0.09,0.44,SH601872
3868,2023-05-12,8.97,8.79,9.04,8.76,467304,279485433.0,3.13,-1.68,-0.15,0.58,SH601872
3869,2023-05-15,8.76,9.0,9.01,8.72,398455,238125457.0,3.3,2.39,0.21,0.49,SH601872
3870,2023-05-16,9.01,8.93,9.13,8.9,336353,203848090.0,2.56,-0.78,-0.07,0.41,SH601872
3871,2023-05-17,8.9,8.89,8.94,8.85,269854,161597451.0,1.01,-0.45,-0.04,0.33,SH601872
3872,2023-05-18,8.92,8.8,8.96,8.73,388367,230756263.0,2.59,-1.01,-0.09,0.48,SH601872
3873,2023-05-19,8.83,8.73,8.83,8.67,280009,164186465.0,1.82,-0.8,-0.07,0.34,SH601872
3874,2023-05-22,8.73,8.97,8.98,8.72,495455,297330641.0,2.98,2.75,0.24,0.61,SH601872
3875,2023-05-23,8.97,8.77,8.97,8.72,388580,230303447.0,2.79,-2.23,-0.2,0.48,SH601872
3876,2023-05-24,8.75,8.71,8.79,8.69,235956,138463111.0,1.14,-0.68,-0.06,0.29,SH601872
3877,2023-05-25,8.65,8.59,8.68,8.44,541331,310079283.0,2.76,-1.38,-0.12,0.67,SH601872
3878,2023-05-26,8.6,8.55,8.63,8.42,272992,155599496.0,2.44,-0.47,-0.04,0.34,SH601872
3879,2023-05-29,8.57,8.65,8.69,8.51,277054,159853543.0,2.11,1.17,0.1,0.34,SH601872
3880,2023-05-30,8.64,8.64,8.67,8.51,187642,108164877.0,1.85,-0.12,-0.01,0.23,SH601872
3881,2023-05-31,8.6,8.52,8.6,8.44,288976,164682814.0,1.85,-1.39,-0.12,0.36,SH601872
3882,2023-06-01,8.46,8.52,8.57,8.4,246793,140547470.0,2.0,0.0,0.0,0.3,SH601872
3883,2023-06-02,8.52,8.92,8.96,8.51,730246,434227960.0,5.28,4.69,0.4,0.9,SH601872
3884,2023-06-05,8.88,8.68,8.93,8.65,451960,265258413.0,3.14,-2.69,-0.24,0.56,SH601872
3885,2023-06-06,8.65,8.6,8.73,8.57,223346,129512904.0,1.84,-0.92,-0.08,0.27,SH601872
3886,2023-06-07,8.6,8.56,8.67,8.48,250876,143902117.0,2.21,-0.47,-0.04,0.31,SH601872
3887,2023-06-08,8.52,8.6,8.71,8.51,388573,224047477.0,2.34,0.47,0.04,0.48,SH601872
3888,2023-06-09,8.67,8.94,9.05,8.67,1297206,780810691.0,4.42,3.95,0.34,1.6,SH601872
3889,2023-06-12,8.94,8.98,9.14,8.86,622402,378573461.0,3.13,0.45,0.04,0.77,SH601872
3890,2023-06-13,9.14,8.98,9.29,8.89,605842,368927601.0,4.45,0.0,0.0,0.75,SH601872
3891,2023-06-14,9.09,9.23,9.27,9.0,742421,460566208.0,3.01,2.78,0.25,0.91,SH601872
3892,2023-06-15,9.17,9.06,9.27,8.94,632650,387442561.0,3.58,-1.84,-0.17,0.78,SH601872
3893,2023-06-16,9.06,9.16,9.29,9.05,452418,280910913.0,2.65,1.1,0.1,0.56,SH601872
3894,2023-06-19,9.16,9.17,9.41,9.13,585419,367028642.0,3.06,0.11,0.01,0.72,SH601872
3895,2023-06-20,9.26,8.93,9.29,8.92,402622,237328543.0,4.03,-2.62,-0.24,0.5,SH601872
3896,2023-06-21,8.9,8.84,8.98,8.84,206242,119738455.0,1.57,-1.01,-0.09,0.25,SH601872
3897,2023-06-26,8.77,8.65,8.8,8.63,391335,220602072.0,1.92,-2.15,-0.19,0.48,SH601872
3898,2023-06-27,8.65,8.76,8.77,8.61,261144,147341613.0,1.85,1.27,0.11,0.32,SH601872
3899,2023-06-28,8.76,8.76,8.79,8.61,268145,151753412.0,2.05,0.0,0.0,0.33,SH601872
3900,2023-06-29,8.77,8.65,8.79,8.63,335991,189728643.0,1.83,-1.26,-0.11,0.41,SH601872
3901,2023-06-30,8.65,8.88,8.92,8.61,456607,262866853.0,3.58,2.66,0.23,0.56,SH601872
3902,2023-07-03,8.9,9.26,9.3,8.88,588886,355171389.0,4.73,4.28,0.38,0.72,SH601872
3903,2023-07-04,9.26,9.26,9.41,9.18,379399,231586187.0,2.48,0.0,0.0,0.47,SH601872
3904,2023-07-05,9.27,9.19,9.27,9.16,183125,110550934.0,1.19,-0.76,-0.07,0.23,SH601872
3905,2023-07-06,9.19,9.23,9.39,9.17,255965,155619912.0,2.39,0.44,0.04,0.31,SH601872
3906,2023-07-07,9.3,9.33,9.49,9.19,448218,274675676.0,3.25,1.08,0.1,0.55,SH601872
3907,2023-07-10,9.37,9.26,9.39,9.18,258738,157065862.0,2.25,-0.75,-0.07,0.32,SH601872
3908,2023-07-11,9.26,9.27,9.29,9.19,159086,96580219.0,1.08,0.11,0.01,0.2,SH601872
3909,2023-07-12,9.27,9.41,9.55,9.27,516904,321197228.0,3.02,1.51,0.14,0.64,SH601872
3910,2023-07-13,9.46,9.74,9.8,9.46,557691,357501306.0,3.61,3.51,0.33,0.69,SH601872
3911,2023-07-14,9.78,9.79,9.95,9.62,433054,281850233.0,3.39,0.51,0.05,0.53,SH601872
3912,2023-07-17,9.76,9.7,9.82,9.64,232281,149344595.0,1.84,-0.92,-0.09,0.29,SH601872
3913,2023-07-18,9.64,9.68,9.76,9.55,270690,172649420.0,2.16,-0.21,-0.02,0.33,SH601872
3914,2023-07-19,9.7,9.82,9.85,9.67,276250,178856405.0,1.86,1.45,0.14,0.34,SH601872
3915,2023-07-20,9.8,9.66,9.83,9.64,273267,175608667.0,1.93,-1.63,-0.16,0.34,SH601872
3916,2023-07-21,9.66,9.62,9.68,9.55,202380,128337888.0,1.35,-0.41,-0.04,0.25,SH601872
3917,2023-07-24,9.6,9.58,9.71,9.54,143038,90702567.0,1.77,-0.42,-0.04,0.18,SH601872
3918,2023-07-25,9.66,9.7,9.78,9.62,196838,126233916.0,1.67,1.25,0.12,0.24,SH601872
3919,2023-07-26,9.67,9.67,9.79,9.62,167994,107507417.0,1.75,-0.31,-0.03,0.21,SH601872
3920,2023-07-27,9.75,9.59,9.79,9.58,164322,105129672.0,2.17,-0.83,-0.08,0.2,SH601872
3921,2023-07-28,9.56,9.7,9.78,9.55,270023,173209576.0,2.4,1.15,0.11,0.33,SH601872
3922,2023-07-31,9.76,9.67,9.78,9.33,527339,331849099.0,4.64,-0.31,-0.03,0.65,SH601872
3923,2023-08-01,9.63,9.93,10.04,9.6,649539,426318063.0,4.55,2.69,0.26,0.8,SH601872
3924,2023-08-02,9.85,9.7,9.93,9.68,252375,163273599.0,2.52,-2.32,-0.23,0.31,SH601872
3925,2023-08-03,9.68,9.62,9.71,9.43,346384,218159412.0,2.89,-0.82,-0.08,0.43,SH601872
3926,2023-08-04,9.66,9.6,9.78,9.58,206213,131814606.0,2.08,-0.21,-0.02,0.25,SH601872
3927,2023-08-07,9.59,9.54,9.6,9.5,174789,109985589.0,1.04,-0.63,-0.06,0.21,SH601872
3928,2023-08-08,9.51,9.47,9.55,9.46,124130,77625683.0,0.94,-0.73,-0.07,0.15,SH601872
3929,2023-08-09,9.45,9.5,9.58,9.42,167615,105012986.0,1.69,0.32,0.03,0.21,SH601872
3930,2023-08-10,9.51,9.84,9.99,9.51,470336,305954999.0,5.05,3.58,0.34,0.58,SH601872
3931,2023-08-11,9.82,9.46,9.82,9.42,393973,248531210.0,4.07,-3.86,-0.38,0.48,SH601872
3932,2023-08-14,9.39,9.49,9.6,9.35,208045,129692994.0,2.64,0.32,0.03,0.26,SH601872
3933,2023-08-15,9.47,9.43,9.5,9.34,196962,121789691.0,1.69,-0.63,-0.06,0.24,SH601872
3934,2023-08-16,9.38,9.31,9.43,9.26,217826,133512564.0,1.8,-1.27,-0.12,0.27,SH601872
3935,2023-08-17,9.26,9.47,9.51,9.19,192873,118902070.0,3.44,1.72,0.16,0.24,SH601872
3936,2023-08-18,9.5,9.52,9.79,9.45,423863,270378800.0,3.59,0.53,0.05,0.52,SH601872
3937,2023-08-21,9.59,9.21,9.6,9.21,343369,209464415.0,4.1,-3.26,-0.31,0.42,SH601872
3938,2023-08-22,9.21,9.29,9.39,9.08,276966,167252444.0,3.37,0.87,0.08,0.34,SH601872
3939,2023-08-23,9.27,9.35,9.49,9.25,332626,204843661.0,2.58,0.65,0.06,0.41,SH601872
3940,2023-08-24,9.37,9.31,9.43,9.29,160473,98566124.0,1.5,-0.43,-0.04,0.2,SH601872
3941,2023-08-25,9.26,9.25,9.33,9.18,157244,95320974.0,1.61,-0.64,-0.06,0.19,SH601872
3942,2023-08-28,9.54,9.39,9.68,9.34,385294,241902207.0,3.68,1.51,0.14,0.47,SH601872
3943,2023-08-29,9.39,9.45,9.5,9.26,380331,235263855.0,2.56,0.64,0.06,0.47,SH601872
3944,2023-08-30,9.46,9.25,9.62,9.14,516802,316940654.0,5.08,-2.12,-0.2,0.63,SH601872
3945,2023-08-31,9.26,9.01,9.29,8.86,479238,282519285.0,4.65,-2.59,-0.24,0.59,SH601872
3946,2023-09-01,9.01,9.31,9.34,8.98,461736,277833484.0,4.0,3.33,0.3,0.57,SH601872
3947,2023-09-04,9.35,9.54,9.62,9.29,488625,306216123.0,3.54,2.47,0.23,0.6,SH601872
3948,2023-09-05,9.54,9.31,9.54,9.29,283189,174266986.0,2.62,-2.41,-0.23,0.35,SH601872
3949,2023-09-06,9.26,9.01,9.26,8.73,921972,536205571.0,5.69,-3.22,-0.3,1.13,SH601872
3950,2023-09-07,8.92,8.92,9.01,8.89,288471,168431684.0,1.33,-1.0,-0.09,0.35,SH601872
3951,2023-09-08,8.93,8.93,8.94,8.83,152602,88516927.0,1.23,0.11,0.01,0.19,SH601872
3952,2023-09-11,8.93,9.0,9.02,8.89,297344,173869599.0,1.46,0.78,0.07,0.37,SH601872
3953,2023-09-12,8.94,8.92,8.98,8.86,206688,120265420.0,1.33,-0.89,-0.08,0.25,SH601872
3954,2023-09-13,8.93,8.93,9.05,8.88,237291,138804902.0,1.91,0.11,0.01,0.29,SH601872
3955,2023-09-14,8.93,9.06,9.09,8.89,351409,207343927.0,2.24,1.46,0.13,0.43,SH601872
3956,2023-09-15,9.1,9.13,9.39,9.08,554282,335877836.0,3.42,0.77,0.07,0.68,SH601872
3957,2023-09-18,9.17,9.27,9.3,9.08,303755,182970038.0,2.41,1.53,0.14,0.37,SH601872
3958,2023-09-19,9.22,9.3,9.42,9.22,385075,236283839.0,2.16,0.32,0.03,0.47,SH601872
3959,2023-09-20,9.37,9.38,9.42,9.25,379218,233910033.0,1.83,0.86,0.08,0.47,SH601872
3960,2023-09-21,9.39,9.97,10.08,9.39,1162128,756866094.0,7.36,6.29,0.59,1.43,SH601872
3961,2023-09-22,10.11,10.13,10.25,9.97,840378,563761166.0,2.81,1.6,0.16,1.03,SH601872
3962,2023-09-25,10.12,10.08,10.21,9.99,479238,321572535.0,2.17,-0.49,-0.05,0.59,SH601872
3963,2023-09-26,10.12,10.01,10.21,10.0,273717,183472907.0,2.08,-0.69,-0.07,0.34,SH601872
3964,2023-09-27,10.04,9.88,10.12,9.84,448677,296324982.0,2.8,-1.3,-0.13,0.55,SH601872
3965,2023-09-28,9.92,9.72,9.97,9.66,285131,184107193.0,3.14,-1.62,-0.16,0.35,SH601872
3966,2023-10-09,9.75,9.72,9.82,9.55,339209,217150011.0,2.78,0.0,0.0,0.42,SH601872
3967,2023-10-10,9.8,9.62,9.85,9.59,226525,144598157.0,2.67,-1.03,-0.1,0.28,SH601872
3968,2023-10-11,9.64,9.5,9.68,9.46,371116,233562644.0,2.29,-1.25,-0.12,0.46,SH601872
3969,2023-10-12,9.43,9.54,9.63,9.43,261965,165017059.0,2.11,0.42,0.04,0.32,SH601872
3970,2023-10-13,9.55,9.47,9.62,9.46,200053,125811166.0,1.68,-0.73,-0.07,0.25,SH601872
3971,2023-10-16,9.54,10.0,10.11,9.52,624824,409741985.0,6.23,5.6,0.53,0.77,SH601872
3972,2023-10-17,9.96,9.89,9.97,9.72,431286,281313086.0,2.5,-1.1,-0.11,0.53,SH601872
3973,2023-10-18,9.93,9.91,10.21,9.83,419562,278273963.0,3.84,0.2,0.02,0.52,SH601872
3974,2023-10-19,9.91,9.67,9.92,9.66,239320,154481766.0,2.62,-2.42,-0.24,0.29,SH601872
3975,2023-10-20,9.58,9.64,9.79,9.56,240562,154104078.0,2.38,-0.31,-0.03,0.3,SH601872
3976,2023-10-23,9.63,9.38,9.63,9.3,207466,129115159.0,3.42,-2.7,-0.26,0.25,SH601872
3977,2023-10-24,9.37,9.51,9.55,9.34,191270,119118872.0,2.24,1.39,0.13,0.23,SH601872
3978,2023-10-25,9.51,9.72,9.85,9.51,289537,185859252.0,3.58,2.21,0.21,0.36,SH601872
3979,2023-10-26,9.64,9.5,9.68,9.37,336486,210011578.0,3.19,-2.26,-0.22,0.41,SH601872
3980,2023-10-27,9.47,9.56,9.62,9.42,243364,153110284.0,2.11,0.63,0.06,0.3,SH601872
3981,2023-10-30,9.63,9.71,9.87,9.63,267913,172608947.0,2.51,1.57,0.15,0.33,SH601872
3982,2023-10-31,9.63,9.72,9.79,9.5,302407,192461295.0,2.99,0.1,0.01,0.37,SH601872
3983,2023-11-01,9.75,9.72,9.76,9.63,233511,149917082.0,1.34,0.0,0.0,0.29,SH601872
3984,2023-11-02,9.74,9.84,10.05,9.68,328718,214762679.0,3.81,1.23,0.12,0.4,SH601872
3985,2023-11-03,9.88,9.93,9.99,9.71,322881,210936392.0,2.85,0.91,0.09,0.4,SH601872
3986,2023-11-06,9.92,9.79,9.92,9.58,406818,261125583.0,3.42,-1.41,-0.14,0.5,SH601872
3987,2023-11-07,9.79,9.64,9.8,9.52,239556,152085055.0,2.86,-1.53,-0.15,0.29,SH601872
3988,2023-11-08,9.58,9.52,9.58,9.42,295148,184560131.0,1.66,-1.24,-0.12,0.36,SH601872
3989,2023-11-09,9.47,9.43,9.55,9.42,204040,127295103.0,1.37,-0.95,-0.09,0.25,SH601872
3990,2023-11-10,9.42,9.43,9.52,9.38,240674,149439436.0,1.48,0.0,0.0,0.3,SH601872
3991,2023-11-13,9.43,9.39,9.47,9.3,211285,130167262.0,1.8,-0.42,-0.04,0.26,SH601872
3992,2023-11-14,9.41,9.37,9.43,9.31,197467,121399777.0,1.28,-0.21,-0.02,0.24,SH601872
3993,2023-11-15,9.39,9.35,9.41,9.3,223451,137090129.0,1.17,-0.21,-0.02,0.27,SH601872
3994,2023-11-16,9.33,9.35,9.38,9.3,163595,100415606.0,0.86,0.0,0.0,0.2,SH601872
3995,2023-11-17,9.38,9.31,9.5,9.27,290505,178686881.0,2.46,-0.43,-0.04,0.36,SH601872
3996,2023-11-20,9.34,9.14,9.34,9.09,490318,293590543.0,2.69,-1.83,-0.17,0.6,SH601872
3997,2023-11-21,9.13,9.16,9.25,9.12,358818,215779739.0,1.42,0.22,0.02,0.44,SH601872
3998,2023-11-22,9.13,9.05,9.14,8.97,446479,263652494.0,1.86,-1.2,-0.11,0.55,SH601872
3999,2023-11-23,9.02,9.16,9.17,8.97,272711,162158572.0,2.21,1.22,0.11,0.33,SH601872
4000,2023-11-24,9.16,9.05,9.17,9.01,247549,146673779.0,1.75,-1.2,-0.11,0.3,SH601872
4001,2023-11-27,9.08,9.25,9.26,9.04,375329,225959348.0,2.43,2.21,0.2,0.46,SH601872
4002,2023-11-28,9.25,9.18,9.29,9.14,170619,102713162.0,1.62,-0.76,-0.07,0.21,SH601872
4003,2023-11-29,9.17,9.17,9.27,9.12,264796,159668146.0,1.63,-0.11,-0.01,0.33,SH601872
4004,2023-11-30,9.27,9.17,9.33,9.1,446039,269618792.0,2.51,0.0,0.0,0.55,SH601872
4005,2023-12-01,9.19,9.14,9.25,9.06,270798,162102533.0,2.07,-0.33,-0.03,0.33,SH601872
4006,2023-12-04,9.16,9.26,9.34,9.13,429091,260789093.0,2.3,1.31,0.12,0.53,SH601872
4007,2023-12-05,9.27,9.06,9.27,9.06,277000,166049037.0,2.27,-2.16,-0.2,0.34,SH601872
4008,2023-12-06,8.97,9.0,9.02,8.79,304346,177511659.0,2.54,-0.66,-0.06,0.37,SH601872
4009,2023-12-07,8.97,8.89,8.97,8.84,238157,138181409.0,1.44,-1.22,-0.11,0.29,SH601872
4010,2023-12-08,8.92,8.83,8.94,8.8,207917,120049448.0,1.57,-0.67,-0.06,0.26,SH601872
4011,2023-12-11,8.8,8.97,8.98,8.71,246481,142766788.0,3.06,1.59,0.14,0.3,SH601872
4012,2023-12-12,8.96,8.94,8.97,8.85,164925,96031574.0,1.34,-0.33,-0.03,0.2,SH601872
4013,2023-12-13,8.93,8.81,8.93,8.8,164420,94751459.0,1.45,-1.45,-0.13,0.2,SH601872
4014,2023-12-14,8.85,8.72,8.9,8.71,188959,108051512.0,2.16,-1.02,-0.09,0.23,SH601872
4015,2023-12-15,8.75,8.67,8.77,8.63,205675,116240213.0,1.61,-0.57,-0.05,0.25,SH601872
4016,2023-12-18,8.98,9.09,9.26,8.96,965663,573521636.0,3.46,4.84,0.42,1.19,SH601872
4017,2023-12-19,9.14,9.0,9.29,8.9,537843,317389847.0,4.29,-0.99,-0.09,0.66,SH601872
4018,2023-12-20,8.9,8.98,9.19,8.88,405710,240650175.0,3.44,-0.22,-0.02,0.5,SH601872
4019,2023-12-21,8.98,9.08,9.12,8.86,469445,276804515.0,2.9,1.11,0.1,0.58,SH601872
4020,2023-12-22,9.14,9.22,9.3,9.05,578044,349801228.0,2.75,1.54,0.14,0.71,SH601872
4021,2023-12-25,9.1,8.96,9.1,8.85,416069,243919095.0,2.71,-2.82,-0.26,0.51,SH601872
4022,2023-12-26,8.94,8.98,9.05,8.89,209770,123023143.0,1.79,0.22,0.02,0.26,SH601872
4023,2023-12-27,8.98,9.16,9.33,8.97,589108,355749765.0,4.01,2.0,0.18,0.72,SH601872
4024,2023-12-28,9.14,9.02,9.14,8.93,566078,332412879.0,2.29,-1.53,-0.14,0.7,SH601872
4025,2023-12-29,8.96,9.0,9.01,8.92,422551,247306119.0,1.0,-0.22,-0.02,0.52,SH601872
4026,2024-01-02,9.05,9.22,9.26,9.05,574645,345613792.0,2.33,2.44,0.22,0.71,SH601872
4027,2024-01-03,9.26,9.58,9.66,9.19,867323,543015133.0,5.1,3.9,0.36,1.07,SH601872
4028,2024-01-04,9.64,9.76,9.87,9.59,785248,506184117.0,2.92,1.88,0.18,0.96,SH601872
4029,2024-01-05,9.68,9.76,9.92,9.67,658645,427837048.0,2.56,0.0,0.0,0.81,SH601872
4030,2024-01-08,9.84,9.8,9.91,9.68,472777,306992964.0,2.36,0.41,0.04,0.58,SH601872
4031,2024-01-09,9.7,9.51,9.76,9.43,577960,364103493.0,3.37,-2.96,-0.29,0.71,SH601872
4032,2024-01-10,9.51,9.5,9.6,9.45,304096,191007358.0,1.58,-0.11,-0.01,0.37,SH601872
4033,2024-01-11,9.47,9.64,9.68,9.45,377490,239204844.0,2.42,1.47,0.14,0.46,SH601872
4034,2024-01-12,9.68,9.75,9.95,9.68,415644,269023668.0,2.8,1.14,0.11,0.51,SH601872
4035,2024-01-15,9.76,10.04,10.24,9.76,757902,507135692.0,4.92,2.97,0.29,0.93,SH601872
4036,2024-01-16,9.96,10.11,10.11,9.92,442969,294854245.0,1.89,0.7,0.07,0.54,SH601872
4037,2024-01-17,10.11,9.92,10.15,9.91,360986,240111283.0,2.37,-1.88,-0.19,0.44,SH601872
4038,2024-01-18,9.92,9.92,9.97,9.72,496483,324242264.0,2.52,0.0,0.0,0.61,SH601872
4039,2024-01-19,9.92,9.72,9.92,9.64,413486,266297479.0,2.82,-2.02,-0.2,0.51,SH601872
4040,2024-01-22,9.76,9.55,9.79,9.47,370181,235355986.0,3.29,-1.75,-0.17,0.45,SH601872
4041,2024-01-23,9.52,9.66,9.75,9.43,294744,186781318.0,3.35,1.15,0.11,0.36,SH601872
4042,2024-01-24,9.7,9.82,9.88,9.56,311433,200697273.0,3.31,1.66,0.16,0.38,SH601872
4043,2024-01-25,9.84,9.97,10.0,9.79,332698,218742828.0,2.14,1.53,0.15,0.41,SH601872
4044,2024-01-26,9.95,10.13,10.21,9.87,449261,301100278.0,3.41,1.6,0.16,0.55,SH601872
4045,2024-01-29,10.15,10.09,10.32,10.05,311939,211711332.0,2.67,-0.39,-0.04,0.38,SH601872
4046,2024-01-30,10.04,9.85,10.15,9.83,307707,203123038.0,3.17,-2.38,-0.24,0.38,SH601872
4047,2024-01-31,9.89,9.85,10.03,9.8,320500,210720305.0,2.34,0.0,0.0,0.39,SH601872
4048,2024-02-01,9.79,9.72,9.88,9.66,178010,114803358.0,2.23,-1.32,-0.13,0.22,SH601872
