,date,open,close,high,low,volume,amount,amplitude,pct_chg,change,turnover_rate,symbol
0,2020-02-21,60.0,60.2,78.0,59.0,349120,2213227770.0,58.0,83.76,27.44,63.92,SH688177
1,2020-02-24,62.0,60.9,64.0,57.92,181165,1110562153.0,10.1,1.16,0.7,33.17,SH688177
2,2020-02-25,60.49,62.01,63.63,59.89,132765,826736222.0,6.14,1.82,1.11,24.31,SH688177
3,2020-02-26,61.99,56.25,62.9,56.03,136292,795975121.0,11.08,-9.29,-5.76,24.95,SH688177
4,2020-02-27,55.36,51.95,56.17,51.36,98857,526016585.0,8.55,-7.64,-4.3,18.1,SH688177
5,2020-02-28,50.01,50.95,53.98,49.5,70629,367046307.0,8.62,-1.92,-1.0,12.93,SH688177
6,2020-03-02,51.87,53.75,54.2,50.3,74573,386777334.0,7.65,5.5,2.8,13.65,SH688177
7,2020-03-03,54.88,53.36,56.12,53.26,61487,334497488.0,5.32,-0.73,-0.39,11.26,SH688177
8,2020-03-04,52.0,62.0,63.1,51.18,139779,796915200.0,22.34,16.19,8.64,25.59,SH688177
9,2020-03-05,60.2,61.58,64.98,60.2,102976,643309074.0,7.71,-0.68,-0.42,18.85,SH688177
10,2020-03-06,62.5,61.78,65.5,61.2,92585,589940428.0,6.98,0.32,0.2,16.95,SH688177
11,2020-03-09,61.5,62.88,65.95,60.3,93994,597452450.0,9.15,1.78,1.1,17.21,SH688177
12,2020-03-10,62.5,58.32,63.5,56.28,87462,514170034.0,11.48,-7.25,-4.56,16.01,SH688177
13,2020-03-11,58.25,57.01,60.09,56.51,66819,387015589.0,6.14,-2.25,-1.31,12.23,SH688177
14,2020-03-12,56.24,54.28,57.89,53.77,52163,287377600.0,7.23,-4.79,-2.73,9.55,SH688177
15,2020-03-13,51.5,52.04,53.17,50.1,53120,273926003.0,5.66,-4.13,-2.24,9.73,SH688177
16,2020-03-16,52.5,51.69,54.82,51.52,52860,279840131.0,6.34,-0.67,-0.35,9.68,SH688177
17,2020-03-17,52.02,52.3,53.47,49.62,46875,241605066.0,7.45,1.18,0.61,8.58,SH688177
18,2020-03-18,52.5,50.39,53.92,50.39,40105,210032765.0,6.75,-3.65,-1.91,7.34,SH688177
19,2020-03-19,50.8,52.5,52.86,50.16,36366,186932335.0,5.36,4.19,2.11,6.66,SH688177
20,2020-03-20,52.71,53.55,54.0,52.1,36588,194640532.0,3.62,2.0,1.05,6.7,SH688177
21,2020-03-23,51.8,50.44,52.9,50.11,29543,151596801.0,5.21,-5.81,-3.11,5.41,SH688177
22,2020-03-24,51.56,51.5,52.88,49.89,35084,180443013.0,5.93,2.1,1.06,6.42,SH688177
23,2020-03-25,52.62,52.23,52.79,51.66,29003,151562696.0,2.19,1.42,0.73,5.31,SH688177
24,2020-03-26,51.7,50.6,51.7,50.3,31273,159020507.0,2.68,-3.12,-1.63,5.73,SH688177
25,2020-03-27,51.16,48.75,51.21,48.5,30993,154524971.0,5.36,-3.66,-1.85,5.67,SH688177
26,2020-03-30,46.96,45.35,47.49,45.11,37103,170753489.0,4.88,-6.97,-3.4,6.79,SH688177
27,2020-03-31,45.95,44.35,46.18,43.42,29277,129904441.0,6.09,-2.21,-1.0,5.36,SH688177
28,2020-04-01,44.06,43.88,45.0,43.51,16635,73635530.0,3.36,-1.06,-0.47,3.05,SH688177
29,2020-04-02,44.02,46.21,46.21,43.47,21806,97965643.0,6.24,5.31,2.33,3.99,SH688177
30,2020-04-03,45.82,47.02,47.17,45.38,23469,108452198.0,3.87,1.75,0.81,4.3,SH688177
31,2020-04-07,47.3,47.08,47.65,46.8,17574,82987279.0,1.81,0.13,0.06,3.22,SH688177
32,2020-04-08,47.0,47.47,48.8,46.55,20730,99320365.0,4.78,0.83,0.39,3.8,SH688177
33,2020-04-09,47.45,47.99,48.18,47.09,15337,73349862.0,2.3,1.1,0.52,2.81,SH688177
34,2020-04-10,48.34,43.55,48.34,43.55,46875,211818609.0,9.98,-9.25,-4.44,8.58,SH688177
35,2020-04-13,42.99,41.82,42.99,41.25,25560,107583243.0,4.0,-3.97,-1.73,4.68,SH688177
36,2020-04-14,41.62,42.33,42.8,41.5,19993,84269967.0,3.11,1.22,0.51,3.66,SH688177
37,2020-04-15,42.46,42.92,44.18,42.05,27082,117691591.0,5.03,1.39,0.59,4.96,SH688177
38,2020-04-16,42.72,44.2,44.87,42.5,22994,101535244.0,5.52,2.98,1.28,4.21,SH688177
39,2020-04-17,44.35,43.18,44.69,43.17,18358,80097431.0,3.44,-2.31,-1.02,3.36,SH688177
40,2020-04-20,42.52,42.99,43.63,42.52,12577,54126436.0,2.57,-0.44,-0.19,2.3,SH688177
41,2020-04-21,42.84,43.01,43.89,42.64,12992,56306167.0,2.91,0.05,0.02,2.38,SH688177
42,2020-04-22,43.02,44.25,44.61,42.55,20680,90849279.0,4.79,2.88,1.24,3.79,SH688177
43,2020-04-23,44.3,44.38,45.45,44.0,19334,86919696.0,3.28,0.29,0.13,3.54,SH688177
44,2020-04-24,44.7,43.35,44.7,43.1,14044,61309889.0,3.61,-2.32,-1.03,2.57,SH688177
45,2020-04-27,43.39,42.69,43.5,42.5,12319,52769036.0,2.31,-1.52,-0.66,2.26,SH688177
46,2020-04-28,42.71,43.68,44.28,41.42,21977,95291052.0,6.7,2.32,0.99,4.02,SH688177
47,2020-04-29,44.2,43.68,44.5,43.37,17702,77876447.0,2.59,0.0,0.0,3.24,SH688177
48,2020-04-30,43.7,45.03,45.5,43.21,25279,112540961.0,5.24,3.09,1.35,4.63,SH688177
49,2020-05-06,45.98,47.51,48.0,45.86,29391,138732716.0,4.75,5.51,2.48,5.38,SH688177
50,2020-05-07,47.32,47.5,48.7,46.8,28684,136603473.0,4.0,-0.02,-0.01,5.25,SH688177
51,2020-05-08,47.49,48.05,48.68,47.35,24918,119977664.0,2.8,1.16,0.55,4.56,SH688177
52,2020-05-11,49.0,48.32,49.93,47.86,21203,103587381.0,4.31,0.56,0.27,3.88,SH688177
53,2020-05-12,48.38,49.1,49.78,47.47,18670,91303003.0,4.78,1.61,0.78,3.42,SH688177
54,2020-05-13,48.5,51.15,52.0,48.3,36567,185985611.0,7.54,4.18,2.05,6.7,SH688177
55,2020-05-14,50.77,49.71,51.46,49.67,20583,103572470.0,3.5,-2.82,-1.44,3.77,SH688177
56,2020-05-15,50.29,50.18,50.9,49.4,16689,83487910.0,3.02,0.95,0.47,3.06,SH688177
57,2020-05-18,50.01,48.6,50.14,48.55,20321,99707199.0,3.17,-3.15,-1.58,3.72,SH688177
58,2020-05-19,49.02,50.45,50.85,48.48,18359,90950364.0,4.88,3.81,1.85,3.36,SH688177
59,2020-05-20,50.0,48.6,50.76,48.35,17427,86213845.0,4.78,-3.67,-1.85,3.19,SH688177
60,2020-05-21,48.97,51.0,52.97,48.6,40348,207353470.0,8.99,4.94,2.4,7.39,SH688177
61,2020-05-22,50.39,49.51,52.16,49.48,25387,128979419.0,5.25,-2.92,-1.49,4.65,SH688177
62,2020-05-25,49.51,47.96,49.56,47.56,16406,79193732.0,4.04,-3.13,-1.55,3.0,SH688177
63,2020-05-26,48.28,49.28,49.55,48.01,15903,77871346.0,3.21,2.75,1.32,2.91,SH688177
64,2020-05-27,49.27,48.75,49.7,48.32,14815,72415013.0,2.8,-1.08,-0.53,2.71,SH688177
65,2020-05-28,49.6,50.15,52.87,49.4,31231,159340727.0,7.12,2.87,1.4,5.72,SH688177
66,2020-05-29,49.4,51.6,52.55,49.02,29010,148296350.0,7.04,2.89,1.45,5.31,SH688177
67,2020-06-01,52.69,52.8,53.28,51.7,29127,153028054.0,3.06,2.33,1.2,5.33,SH688177
68,2020-06-02,52.83,51.47,52.87,51.18,21288,110598891.0,3.2,-2.52,-1.33,3.9,SH688177
69,2020-06-03,51.66,51.98,53.5,51.25,22304,116826728.0,4.37,0.99,0.51,4.08,SH688177
70,2020-06-04,51.78,51.54,52.48,51.0,14817,76428339.0,2.85,-0.85,-0.44,2.71,SH688177
71,2020-06-05,51.89,51.79,52.94,51.55,16254,84742177.0,2.7,0.49,0.25,2.98,SH688177
72,2020-06-08,51.6,53.21,54.98,51.6,29745,159188485.0,6.53,2.74,1.42,5.45,SH688177
73,2020-06-09,53.32,54.42,54.71,52.7,24170,130804606.0,3.78,2.27,1.21,4.43,SH688177
74,2020-06-10,54.75,55.08,55.2,53.41,23304,126470401.0,3.29,1.21,0.66,4.27,SH688177
75,2020-06-11,56.07,57.5,59.89,55.11,53309,309918145.0,8.68,4.39,2.42,9.76,SH688177
76,2020-06-12,56.1,60.21,60.58,55.82,53436,312961673.0,8.28,4.71,2.71,9.78,SH688177
77,2020-06-15,59.9,61.9,62.67,58.51,42964,258557896.0,6.91,2.81,1.69,7.87,SH688177
78,2020-06-16,61.56,61.47,63.09,59.59,40641,249641714.0,5.65,-0.69,-0.43,7.44,SH688177
79,2020-06-17,60.5,60.6,65.5,60.5,49633,313035748.0,8.13,-1.42,-0.87,9.09,SH688177
80,2020-06-18,59.98,56.0,59.98,55.3,57493,328342112.0,7.72,-7.59,-4.6,10.53,SH688177
81,2020-06-19,56.02,56.2,56.97,55.06,24114,135509558.0,3.41,0.36,0.2,4.42,SH688177
82,2020-06-22,58.66,56.98,59.0,56.8,30132,173720425.0,3.91,1.39,0.78,5.52,SH688177
83,2020-06-23,56.95,57.13,58.27,56.01,24646,141105161.0,3.97,0.26,0.15,4.51,SH688177
84,2020-06-24,57.08,57.16,57.95,56.09,21816,124109246.0,3.26,0.05,0.03,3.99,SH688177
85,2020-06-29,57.15,59.29,59.33,56.8,30322,176323981.0,4.43,3.73,2.13,5.55,SH688177
86,2020-06-30,59.3,59.28,60.43,58.56,26499,157402023.0,3.15,-0.02,-0.01,4.85,SH688177
87,2020-07-01,59.17,58.19,59.65,56.99,32423,188863626.0,4.49,-1.84,-1.09,5.94,SH688177
88,2020-07-02,57.63,57.68,58.45,57.35,23100,133620857.0,1.89,-0.88,-0.51,4.23,SH688177
89,2020-07-03,57.68,58.63,58.8,57.24,20148,116952778.0,2.7,1.65,0.95,3.69,SH688177
90,2020-07-06,58.63,59.62,59.93,57.79,34641,204271062.0,3.65,1.69,0.99,6.34,SH688177
91,2020-07-07,59.54,60.03,62.5,59.54,35136,214083916.0,4.96,0.69,0.41,6.43,SH688177
92,2020-07-08,59.98,59.82,60.85,58.95,30159,180046408.0,3.17,-0.35,-0.21,5.52,SH688177
93,2020-07-09,60.09,62.79,64.37,60.09,43152,269718595.0,7.15,4.96,2.97,7.9,SH688177
94,2020-07-10,62.63,67.6,67.6,62.0,51219,333451566.0,8.92,7.66,4.81,9.38,SH688177
95,2020-07-13,68.52,71.9,73.99,66.24,52839,370058974.0,11.46,6.36,4.3,9.67,SH688177
96,2020-07-14,71.01,69.3,71.88,67.68,45294,313898016.0,5.84,-3.62,-2.6,8.29,SH688177
97,2020-07-15,70.7,65.78,73.29,65.11,47037,327836602.0,11.8,-5.08,-3.52,8.61,SH688177
98,2020-07-16,65.49,60.0,66.28,59.2,39543,249941315.0,10.76,-8.79,-5.78,7.24,SH688177
99,2020-07-17,59.7,58.5,61.49,57.0,29089,173031714.0,7.48,-2.5,-1.5,5.33,SH688177
100,2020-07-20,58.5,58.1,59.48,55.85,27728,159803586.0,6.21,-0.68,-0.4,5.08,SH688177
101,2020-07-21,58.39,59.0,59.46,57.55,19583,114860653.0,3.29,1.55,0.9,3.59,SH688177
102,2020-07-22,58.51,59.75,60.52,57.95,19621,116910292.0,4.36,1.27,0.75,3.59,SH688177
103,2020-07-23,58.8,59.38,59.38,56.29,26122,151415247.0,5.17,-0.62,-0.37,4.78,SH688177
104,2020-07-24,58.5,53.2,58.5,53.15,32101,178000291.0,9.01,-10.41,-6.18,5.88,SH688177
105,2020-07-27,53.51,54.85,55.75,53.0,20737,113258146.0,5.17,3.1,1.65,3.8,SH688177
106,2020-07-28,55.3,55.3,56.7,54.81,9755,54200232.0,3.45,0.82,0.45,1.79,SH688177
107,2020-07-29,56.2,58.96,60.3,56.09,22504,131825586.0,7.61,6.62,3.66,4.12,SH688177
108,2020-07-30,58.96,58.1,60.73,57.5,25039,147657910.0,5.48,-1.46,-0.86,4.58,SH688177
109,2020-07-31,57.5,58.69,59.35,57.23,20355,118982593.0,3.65,1.02,0.59,3.73,SH688177
110,2020-08-03,58.73,59.48,60.2,58.0,20770,123012810.0,3.75,1.35,0.79,3.8,SH688177
111,2020-08-04,59.47,58.41,60.96,58.03,20188,120019713.0,4.93,-1.8,-1.07,3.7,SH688177
112,2020-08-05,58.21,58.3,59.25,57.31,14519,84666684.0,3.32,-0.19,-0.11,2.66,SH688177
113,2020-08-06,58.5,56.71,58.96,56.6,17739,102037054.0,4.05,-2.73,-1.59,3.25,SH688177
114,2020-08-07,56.58,55.0,57.7,54.01,18064,99994302.0,6.51,-3.02,-1.71,3.31,SH688177
115,2020-08-10,54.5,54.49,55.33,54.0,10958,59811185.0,2.42,-0.93,-0.51,2.01,SH688177
116,2020-08-11,55.61,54.81,57.3,54.5,13704,76539858.0,5.14,0.59,0.32,2.51,SH688177
117,2020-08-12,54.81,53.15,54.81,52.0,15304,81170427.0,5.13,-3.03,-1.66,2.8,SH688177
118,2020-08-13,53.54,52.78,53.6,52.23,7033,37338892.0,2.58,-0.7,-0.37,1.29,SH688177
119,2020-08-14,52.85,52.39,53.31,51.5,7486,39174071.0,3.43,-0.74,-0.39,1.37,SH688177
120,2020-08-17,52.55,53.13,53.92,52.4,8551,45419904.0,2.9,1.41,0.74,1.57,SH688177
121,2020-08-18,53.13,53.11,53.41,52.3,9333,49395172.0,2.09,-0.04,-0.02,1.71,SH688177
122,2020-08-19,53.11,52.58,53.41,52.55,6768,35811725.0,1.62,-1.0,-0.53,1.24,SH688177
123,2020-08-20,52.43,49.67,52.43,49.26,17504,88326067.0,6.03,-5.53,-2.91,3.2,SH688177
124,2020-08-21,49.0,47.9,49.44,47.3,23484,113510889.0,4.31,-3.56,-1.77,4.04,SH688177
125,2020-08-24,48.21,49.28,49.8,46.0,14303,68688193.0,7.93,2.88,1.38,2.46,SH688177
126,2020-08-25,51.99,50.99,53.77,50.51,20892,108774356.0,6.62,3.47,1.71,3.59,SH688177
127,2020-08-26,50.85,48.9,51.76,48.7,14712,73406771.0,6.0,-4.1,-2.09,2.53,SH688177
128,2020-08-27,48.92,49.02,49.9,48.11,9440,46345028.0,3.66,0.25,0.12,1.62,SH688177
129,2020-08-28,49.28,48.36,49.4,47.85,12195,59160756.0,3.16,-1.35,-0.66,2.1,SH688177
130,2020-08-31,48.3,48.42,49.2,47.93,10025,48733471.0,2.63,0.12,0.06,1.72,SH688177
131,2020-09-01,48.42,48.96,49.09,48.05,5924,28870989.0,2.15,1.12,0.54,1.02,SH688177
132,2020-09-02,48.96,49.68,50.19,48.51,11372,56344564.0,3.43,1.47,0.72,1.96,SH688177
133,2020-09-03,49.65,49.14,50.53,48.8,11096,54999448.0,3.48,-1.09,-0.54,1.91,SH688177
134,2020-09-04,48.7,48.99,49.29,48.21,5697,27733945.0,2.2,-0.31,-0.15,0.98,SH688177
135,2020-09-07,48.88,47.1,49.34,46.8,11585,55342898.0,5.18,-3.86,-1.89,1.99,SH688177
136,2020-09-08,47.75,46.45,47.76,46.28,10974,51402607.0,3.14,-1.38,-0.65,1.89,SH688177
137,2020-09-09,46.37,44.88,46.37,44.32,13231,59593725.0,4.41,-3.38,-1.57,2.27,SH688177
138,2020-09-10,45.22,44.39,45.86,44.15,6772,30377766.0,3.81,-1.09,-0.49,1.16,SH688177
139,2020-09-11,44.47,45.16,45.2,44.03,5572,24970062.0,2.64,1.73,0.77,0.96,SH688177
140,2020-09-14,45.3,45.97,46.3,45.3,7137,32751511.0,2.21,1.79,0.81,1.23,SH688177
141,2020-09-15,45.98,46.23,46.66,45.61,4134,19112179.0,2.28,0.57,0.26,0.71,SH688177
142,2020-09-16,46.23,45.78,46.51,45.41,4459,20378018.0,2.38,-0.97,-0.45,0.77,SH688177
143,2020-09-17,45.78,47.63,47.74,45.01,11439,53841380.0,5.96,4.04,1.85,1.97,SH688177
144,2020-09-18,48.11,48.32,48.46,47.11,8659,41310274.0,2.83,1.45,0.69,1.49,SH688177
145,2020-09-21,48.4,47.58,48.72,47.43,5081,24319005.0,2.67,-1.53,-0.74,0.87,SH688177
146,2020-09-22,47.01,46.22,48.0,46.1,5375,25289919.0,3.99,-2.86,-1.36,0.92,SH688177
147,2020-09-23,46.23,46.69,47.4,46.0,8289,38697668.0,3.03,1.02,0.47,1.43,SH688177
148,2020-09-24,46.69,45.22,46.9,45.0,7605,34796302.0,4.07,-3.15,-1.47,1.31,SH688177
149,2020-09-25,45.22,44.73,45.67,44.31,5595,25124006.0,3.01,-1.08,-0.49,0.96,SH688177
150,2020-09-28,44.98,43.73,45.0,43.51,6877,30265654.0,3.33,-2.24,-1.0,1.18,SH688177
151,2020-09-29,44.19,43.76,44.75,43.7,6229,27540389.0,2.4,0.07,0.03,1.07,SH688177
152,2020-09-30,44.5,44.53,44.74,43.78,5826,25815073.0,2.19,1.76,0.77,1.0,SH688177
153,2020-10-09,45.37,45.07,45.37,44.9,7651,34541743.0,1.06,1.21,0.54,1.32,SH688177
154,2020-10-12,45.46,45.87,45.91,45.11,15111,68948487.0,1.78,1.78,0.8,2.6,SH688177
155,2020-10-13,45.94,46.17,46.52,45.58,13734,63296022.0,2.05,0.65,0.3,2.36,SH688177
156,2020-10-14,46.17,45.45,46.27,45.15,8416,38445725.0,2.43,-1.56,-0.72,1.45,SH688177
157,2020-10-15,45.99,45.59,46.25,45.25,7840,35865288.0,2.2,0.31,0.14,1.35,SH688177
158,2020-10-16,45.59,44.92,45.7,44.75,7375,33259482.0,2.08,-1.47,-0.67,1.27,SH688177
159,2020-10-19,45.0,44.5,45.4,44.48,6246,28059781.0,2.05,-0.93,-0.42,1.07,SH688177
160,2020-10-20,44.52,44.28,44.53,43.77,5850,25801003.0,1.71,-0.49,-0.22,1.01,SH688177
161,2020-10-21,44.53,43.8,44.69,43.6,6808,29912848.0,2.46,-1.08,-0.48,1.17,SH688177
162,2020-10-22,44.0,43.33,44.0,43.18,6409,27846311.0,1.87,-1.07,-0.47,1.1,SH688177
163,2020-10-23,43.66,42.42,43.75,42.31,6369,27315276.0,3.32,-2.1,-0.91,1.09,SH688177
164,2020-10-26,42.49,42.43,42.7,41.7,4561,19258358.0,2.36,0.02,0.01,0.78,SH688177
165,2020-10-27,42.0,42.59,42.79,42.0,3843,16353533.0,1.86,0.38,0.16,0.66,SH688177
166,2020-10-28,42.6,41.61,42.71,41.5,8493,35605324.0,2.84,-2.3,-0.98,1.46,SH688177
167,2020-10-29,41.56,41.09,41.56,41.02,7204,29729001.0,1.3,-1.25,-0.52,1.24,SH688177
168,2020-10-30,41.5,41.0,42.69,40.91,14061,58783280.0,4.33,-0.22,-0.09,2.42,SH688177
169,2020-11-02,41.2,38.99,41.49,38.82,17498,68950364.0,6.51,-4.9,-2.01,3.01,SH688177
170,2020-11-03,39.0,39.5,39.7,38.6,13583,53217732.0,2.82,1.31,0.51,2.34,SH688177
171,2020-11-04,39.46,38.65,39.84,38.55,12296,47985633.0,3.27,-2.15,-0.85,2.11,SH688177
172,2020-11-05,39.22,39.04,39.37,38.45,14166,55059367.0,2.38,1.01,0.39,2.44,SH688177
173,2020-11-06,39.23,38.59,39.61,38.29,12350,47834285.0,3.38,-1.15,-0.45,2.12,SH688177
174,2020-11-09,38.82,39.9,39.98,38.82,12675,50167154.0,3.01,3.39,1.31,2.18,SH688177
175,2020-11-10,40.19,39.79,40.4,39.53,8166,32654099.0,2.18,-0.28,-0.11,1.4,SH688177
176,2020-11-11,39.61,40.45,41.41,39.3,13452,54670866.0,5.3,1.66,0.66,2.31,SH688177
177,2020-11-12,40.75,40.28,41.28,40.12,6673,27068152.0,2.87,-0.42,-0.17,1.15,SH688177
178,2020-11-13,39.99,39.72,40.31,39.2,7156,28423466.0,2.76,-1.39,-0.56,1.23,SH688177
179,2020-11-16,39.96,39.86,40.5,39.65,5808,23225499.0,2.14,0.35,0.14,1.0,SH688177
180,2020-11-17,39.86,39.11,40.3,38.86,6617,25937494.0,3.61,-1.88,-0.75,1.14,SH688177
181,2020-11-18,39.15,39.26,39.42,39.04,4624,18125878.0,0.97,0.38,0.15,0.79,SH688177
182,2020-11-19,39.31,38.48,39.5,37.73,52958,203233939.0,4.51,-1.99,-0.78,9.1,SH688177
183,2020-11-20,38.08,36.9,38.08,36.6,24679,91441156.0,3.85,-4.11,-1.58,4.24,SH688177
184,2020-11-23,37.35,37.7,38.2,36.65,13085,48770915.0,4.2,2.17,0.8,2.25,SH688177
185,2020-11-24,37.62,36.9,37.62,36.8,12689,46950218.0,2.18,-2.12,-0.8,2.18,SH688177
186,2020-11-25,36.9,35.64,36.96,35.35,21621,77764514.0,4.36,-3.41,-1.26,3.72,SH688177
187,2020-11-26,36.01,36.38,37.46,35.87,16284,59639561.0,4.46,2.08,0.74,2.8,SH688177
188,2020-11-27,36.37,36.9,37.5,35.6,14938,54600518.0,5.22,1.43,0.52,2.57,SH688177
189,2020-11-30,36.91,37.1,37.64,36.41,12541,46462986.0,3.33,0.54,0.2,2.16,SH688177
190,2020-12-01,37.37,37.26,37.88,37.11,9291,34809936.0,2.08,0.43,0.16,1.6,SH688177
191,2020-12-02,37.0,37.14,37.68,36.99,8188,30442731.0,1.85,-0.32,-0.12,1.41,SH688177
192,2020-12-03,37.14,37.53,38.04,36.66,11107,41560749.0,3.72,1.05,0.39,1.91,SH688177
193,2020-12-04,37.5,37.34,37.95,37.22,7495,28147148.0,1.95,-0.51,-0.19,1.29,SH688177
194,2020-12-07,37.34,36.24,37.42,36.2,9104,33369263.0,3.27,-2.95,-1.1,1.57,SH688177
195,2020-12-08,36.18,35.81,36.66,35.6,9392,33894620.0,2.92,-1.19,-0.43,1.61,SH688177
196,2020-12-09,35.7,34.21,35.7,34.04,21685,74910358.0,4.64,-4.47,-1.6,3.73,SH688177
197,2020-12-10,34.03,33.53,34.35,33.25,12471,42165777.0,3.22,-1.99,-0.68,2.14,SH688177
198,2020-12-11,33.59,32.92,33.59,32.65,12291,40498715.0,2.8,-1.82,-0.61,2.11,SH688177
199,2020-12-14,32.8,33.25,33.35,32.41,6943,22864819.0,2.86,1.0,0.33,1.19,SH688177
200,2020-12-15,33.21,34.29,34.7,32.8,12722,43284376.0,5.71,3.13,1.04,2.19,SH688177
201,2020-12-16,34.1,33.51,34.45,33.5,6985,23600047.0,2.77,-2.27,-0.78,1.2,SH688177
202,2020-12-17,33.66,34.01,34.28,32.81,9585,32214740.0,4.39,1.49,0.5,1.65,SH688177
203,2020-12-18,33.95,33.1,34.05,32.84,10589,35231349.0,3.56,-2.68,-0.91,1.82,SH688177
204,2020-12-21,32.99,33.14,33.39,32.77,9086,30138348.0,1.87,0.12,0.04,1.56,SH688177
205,2020-12-22,33.32,33.29,34.19,32.9,12527,41897430.0,3.89,0.45,0.15,2.15,SH688177
206,2020-12-23,33.29,32.3,33.29,32.06,14004,45369042.0,3.69,-2.97,-0.99,2.41,SH688177
207,2020-12-24,32.3,30.22,32.3,30.2,21858,67561902.0,6.5,-6.44,-2.08,3.76,SH688177
208,2020-12-25,30.4,30.37,30.66,29.8,13199,39941048.0,2.85,0.5,0.15,2.27,SH688177
209,2020-12-28,30.38,31.51,32.26,30.37,19111,60096939.0,6.22,3.75,1.14,3.29,SH688177
210,2020-12-29,31.51,31.03,32.2,31.0,8871,27957877.0,3.81,-1.52,-0.48,1.53,SH688177
211,2020-12-30,30.9,30.45,31.15,30.25,10581,32276710.0,2.9,-1.87,-0.58,1.82,SH688177
212,2020-12-31,30.77,31.8,32.45,30.26,15548,48932430.0,7.19,4.43,1.35,2.67,SH688177
213,2021-01-04,31.69,32.18,32.58,31.58,12364,39725950.0,3.14,1.19,0.38,2.13,SH688177
214,2021-01-05,32.43,33.35,33.77,32.26,16215,53693876.0,4.69,3.64,1.17,2.79,SH688177
215,2021-01-06,33.13,32.75,33.48,32.37,10868,35639745.0,3.33,-1.8,-0.6,1.87,SH688177
216,2021-01-07,32.8,31.39,32.97,31.03,13778,43783564.0,5.92,-4.15,-1.36,2.37,SH688177
217,2021-01-08,31.39,31.31,31.92,31.02,9322,29257426.0,2.87,-0.25,-0.08,1.6,SH688177
218,2021-01-11,31.33,30.34,31.42,30.11,9958,30513876.0,4.18,-3.1,-0.97,1.71,SH688177
219,2021-01-12,30.3,30.33,31.1,30.07,9987,30354509.0,3.39,-0.03,-0.01,1.72,SH688177
220,2021-01-13,30.33,29.33,30.35,28.88,16652,48770692.0,4.85,-3.3,-1.0,2.86,SH688177
221,2021-01-14,29.37,31.23,32.67,29.06,24189,75547663.0,12.31,6.48,1.9,4.16,SH688177
222,2021-01-15,30.83,31.23,31.98,30.82,11257,35305557.0,3.71,0.0,0.0,1.94,SH688177
223,2021-01-18,30.98,31.58,32.08,30.98,8486,26835355.0,3.52,1.12,0.35,1.46,SH688177
224,2021-01-19,31.75,32.52,33.08,31.41,13610,44235265.0,5.29,2.98,0.94,2.34,SH688177
225,2021-01-20,32.8,32.46,33.39,32.35,12438,40845733.0,3.2,-0.18,-0.06,2.14,SH688177
226,2021-01-21,32.18,32.68,32.93,32.06,8413,27400753.0,2.68,0.68,0.22,1.45,SH688177
227,2021-01-22,32.52,34.49,35.0,32.1,25835,88045846.0,8.87,5.54,1.81,4.44,SH688177
228,2021-01-25,34.2,34.3,35.49,33.71,17350,60130219.0,5.16,-0.55,-0.19,2.98,SH688177
229,2021-01-26,34.04,33.85,34.5,33.62,10754,36520044.0,2.57,-1.31,-0.45,1.85,SH688177
230,2021-01-27,33.64,32.88,34.29,32.8,9784,32794885.0,4.4,-2.87,-0.97,1.68,SH688177
231,2021-01-28,32.9,33.83,35.49,32.9,18844,64781068.0,7.88,2.89,0.95,3.24,SH688177
232,2021-01-29,33.45,31.81,33.95,31.1,20328,65150223.0,8.42,-5.97,-2.02,3.49,SH688177
233,2021-02-01,31.81,30.61,32.56,30.59,16629,51862973.0,6.19,-3.77,-1.2,2.86,SH688177
234,2021-02-02,30.6,30.68,31.6,30.08,10024,30913952.0,4.97,0.23,0.07,1.72,SH688177
235,2021-02-03,30.68,30.9,31.94,30.01,14501,45100911.0,6.29,0.72,0.22,2.49,SH688177
236,2021-02-04,31.08,30.85,31.66,30.53,13357,41320069.0,3.66,-0.16,-0.05,2.3,SH688177
237,2021-02-05,30.77,30.0,31.46,29.71,15060,46116789.0,5.67,-2.76,-0.85,2.59,SH688177
238,2021-02-08,30.2,30.8,31.65,29.8,12190,37453865.0,6.17,2.67,0.8,2.1,SH688177
239,2021-02-09,25.88,25.03,27.5,24.69,68975,178270793.0,9.12,-18.73,-5.77,11.86,SH688177
240,2021-02-10,25.47,25.26,26.2,25.0,24235,61854763.0,4.79,0.92,0.23,4.17,SH688177
241,2021-02-18,25.36,25.37,25.95,24.86,21478,54475609.0,4.32,0.44,0.11,3.69,SH688177
242,2021-02-19,25.3,26.12,26.47,25.02,18648,48452596.0,5.72,2.96,0.75,3.21,SH688177
243,2021-02-22,26.09,27.4,27.63,26.09,21335,57694395.0,5.9,4.9,1.28,2.22,SH688177
244,2021-02-23,27.2,26.99,27.47,26.61,12009,32402941.0,3.14,-1.5,-0.41,1.25,SH688177
245,2021-02-24,26.82,27.11,27.69,26.81,12706,34599655.0,3.26,0.44,0.12,1.32,SH688177
246,2021-02-25,27.15,25.77,27.16,25.77,15893,41812399.0,5.13,-4.94,-1.34,1.66,SH688177
247,2021-02-26,25.62,25.52,26.12,25.33,12132,31099204.0,3.07,-0.97,-0.25,1.26,SH688177
248,2021-03-01,25.99,26.33,26.4,25.85,10378,27155381.0,2.16,3.17,0.81,1.08,SH688177
249,2021-03-02,26.72,26.27,26.75,26.03,8863,23290340.0,2.73,-0.23,-0.06,0.92,SH688177
250,2021-03-03,26.05,26.98,27.12,25.98,15036,40275504.0,4.34,2.7,0.71,1.57,SH688177
251,2021-03-04,26.66,26.51,27.28,26.35,11549,30805227.0,3.45,-1.74,-0.47,1.2,SH688177
252,2021-03-05,26.06,26.2,26.37,25.68,10163,26526950.0,2.6,-1.17,-0.31,1.06,SH688177
253,2021-03-08,26.3,25.0,26.5,24.85,21900,55708969.0,6.3,-4.58,-1.2,2.28,SH688177
254,2021-03-09,25.08,23.66,25.08,23.59,15497,37339482.0,5.96,-5.36,-1.34,1.62,SH688177
255,2021-03-10,23.92,22.69,24.09,22.44,18229,41943113.0,6.97,-4.1,-0.97,1.9,SH688177
256,2021-03-11,22.7,22.99,23.07,22.15,12639,28700431.0,4.05,1.32,0.3,1.32,SH688177
257,2021-03-12,22.98,22.8,23.03,22.53,8003,18247551.0,2.17,-0.83,-0.19,0.83,SH688177
258,2021-03-15,22.79,22.43,22.87,22.31,10091,22803943.0,2.46,-1.62,-0.37,1.05,SH688177
259,2021-03-16,22.63,22.67,22.84,22.37,7160,16194466.0,2.1,1.07,0.24,0.75,SH688177
260,2021-03-17,22.69,22.64,22.82,22.48,6606,14962765.0,1.5,-0.13,-0.03,0.69,SH688177
261,2021-03-18,22.74,22.05,22.79,22.01,12708,28276464.0,3.45,-2.61,-0.59,1.32,SH688177
262,2021-03-19,22.14,22.27,22.35,21.85,8565,19015437.0,2.27,1.0,0.22,0.89,SH688177
263,2021-03-22,22.35,22.51,22.59,22.22,7152,15995606.0,1.66,1.08,0.24,0.75,SH688177
264,2021-03-23,22.5,22.14,22.66,22.08,8214,18351663.0,2.58,-1.64,-0.37,0.86,SH688177
265,2021-03-24,22.63,22.8,23.58,22.53,22336,51510573.0,4.74,2.98,0.66,2.33,SH688177
266,2021-03-25,22.26,22.05,22.56,21.91,13851,30623298.0,2.85,-3.29,-0.75,1.44,SH688177
267,2021-03-26,22.08,22.26,22.32,21.82,6932,15320320.0,2.27,0.95,0.21,0.72,SH688177
268,2021-03-29,22.25,22.41,22.5,22.08,7007,15614039.0,1.89,0.67,0.15,0.73,SH688177
269,2021-03-30,22.21,22.39,22.69,22.15,7983,17813170.0,2.41,-0.09,-0.02,0.83,SH688177
270,2021-03-31,22.4,22.98,23.44,22.29,13727,31556377.0,5.14,2.64,0.59,1.43,SH688177
271,2021-04-01,23.02,22.87,23.06,22.71,7195,16426251.0,1.52,-0.48,-0.11,0.75,SH688177
272,2021-04-02,22.93,22.97,23.09,22.68,7149,16397132.0,1.79,0.44,0.1,0.75,SH688177
273,2021-04-06,23.16,23.04,23.18,22.91,5407,12450325.0,1.18,0.3,0.07,0.56,SH688177
274,2021-04-07,23.05,23.47,23.73,23.05,8533,20000969.0,2.95,1.87,0.43,0.89,SH688177
275,2021-04-08,23.59,23.25,23.7,23.18,8145,19101199.0,2.22,-0.94,-0.22,0.85,SH688177
276,2021-04-09,24.21,23.45,24.33,23.43,11207,26558169.0,3.87,0.86,0.2,1.17,SH688177
277,2021-04-12,23.49,22.61,23.75,22.56,8342,19215968.0,5.07,-3.58,-0.84,0.87,SH688177
278,2021-04-13,22.57,22.42,22.9,22.39,5459,12378381.0,2.26,-0.84,-0.19,0.57,SH688177
279,2021-04-14,22.42,22.58,22.68,22.32,3547,7978570.0,1.61,0.71,0.16,0.37,SH688177
280,2021-04-15,22.6,22.1,22.6,21.86,9468,20845558.0,3.28,-2.13,-0.48,0.99,SH688177
281,2021-04-16,22.1,22.85,22.92,22.0,8854,19961845.0,4.16,3.39,0.75,0.92,SH688177
282,2021-04-19,22.9,23.47,23.53,22.86,11308,26352831.0,2.93,2.71,0.62,1.18,SH688177
283,2021-04-20,23.33,23.81,24.28,23.33,12341,29447421.0,4.05,1.45,0.34,1.29,SH688177
284,2021-04-21,23.69,24.08,24.17,23.69,13221,31692654.0,2.02,1.13,0.27,1.38,SH688177
285,2021-04-22,24.1,24.13,24.29,23.85,7304,17530966.0,1.83,0.21,0.05,0.76,SH688177
286,2021-04-23,24.08,23.6,24.13,23.54,7117,16893661.0,2.45,-2.2,-0.53,0.74,SH688177
287,2021-04-26,23.9,23.92,24.91,23.9,16161,39449630.0,4.28,1.36,0.32,1.69,SH688177
288,2021-04-27,23.88,24.61,24.8,23.56,13217,31908094.0,5.18,2.88,0.69,1.38,SH688177
289,2021-04-28,24.75,23.45,24.75,23.3,18358,43321450.0,5.89,-4.71,-1.16,1.91,SH688177
290,2021-04-29,23.58,23.04,23.58,23.03,6033,14060100.0,2.35,-1.75,-0.41,0.63,SH688177
291,2021-04-30,23.29,23.28,23.63,23.11,7088,16593194.0,2.26,1.04,0.24,0.74,SH688177
292,2021-05-06,23.3,23.39,23.61,23.23,6301,14720583.0,1.63,0.47,0.11,0.66,SH688177
293,2021-05-07,23.61,23.43,24.2,23.23,10297,24418525.0,4.15,0.17,0.04,1.07,SH688177
294,2021-05-10,23.45,22.95,23.64,22.73,9902,22770482.0,3.88,-2.05,-0.48,1.03,SH688177
295,2021-05-11,23.0,22.88,23.18,22.62,6043,13800208.0,2.44,-0.31,-0.07,0.63,SH688177
296,2021-05-12,22.81,23.21,23.4,22.65,5666,13014908.0,3.28,1.44,0.33,0.59,SH688177
297,2021-05-13,23.0,23.62,23.94,22.95,9176,21657423.0,4.27,1.77,0.41,0.96,SH688177
298,2021-05-14,23.99,23.63,24.0,23.5,6610,15649766.0,2.12,0.04,0.01,0.69,SH688177
299,2021-05-17,24.1,24.08,24.27,23.51,8077,19390999.0,3.22,1.9,0.45,0.84,SH688177
300,2021-05-18,24.1,28.19,28.78,23.7,54984,144452228.0,21.1,17.07,4.11,5.73,SH688177
301,2021-05-19,27.39,26.27,27.4,25.9,39742,105687119.0,5.32,-6.81,-1.92,4.14,SH688177
302,2021-05-20,26.3,26.82,27.49,26.0,28266,75886717.0,5.67,2.09,0.55,2.95,SH688177
303,2021-05-21,26.8,26.66,27.29,26.53,15053,40457389.0,2.83,-0.6,-0.16,1.57,SH688177
304,2021-05-24,26.12,26.19,26.82,26.12,12326,32551085.0,2.63,-1.76,-0.47,1.29,SH688177
305,2021-05-25,26.26,26.53,27.14,26.26,11668,31093250.0,3.36,1.3,0.34,1.22,SH688177
306,2021-05-26,26.53,27.0,27.42,26.51,13083,35401791.0,3.43,1.77,0.47,1.36,SH688177
307,2021-05-27,26.95,27.69,28.14,26.85,15772,43693839.0,4.78,2.56,0.69,1.64,SH688177
308,2021-05-28,27.63,26.99,27.77,26.83,15238,41389712.0,3.39,-2.53,-0.7,1.59,SH688177
309,2021-05-31,26.92,27.54,27.75,26.79,12180,33477813.0,3.56,2.04,0.55,1.27,SH688177
310,2021-06-01,27.58,28.2,28.98,27.58,20473,58249444.0,5.08,2.4,0.66,2.13,SH688177
311,2021-06-02,28.37,29.52,30.55,28.31,34275,101291782.0,7.94,4.68,1.32,3.57,SH688177
312,2021-06-03,29.33,29.2,30.38,29.06,20702,61389000.0,4.47,-1.08,-0.32,2.16,SH688177
313,2021-06-04,28.88,28.13,29.33,27.92,19977,56815785.0,4.83,-3.66,-1.07,2.08,SH688177
314,2021-06-07,28.12,28.51,28.8,28.0,11169,31708389.0,2.84,1.35,0.38,1.16,SH688177
315,2021-06-08,28.53,28.05,29.66,28.02,17844,51338652.0,5.75,-1.61,-0.46,1.86,SH688177
316,2021-06-09,27.9,27.46,28.42,27.37,12768,35610673.0,3.74,-2.1,-0.59,1.33,SH688177
317,2021-06-10,27.48,27.4,27.66,27.29,11323,31085782.0,1.35,-0.22,-0.06,1.18,SH688177
318,2021-06-11,27.3,26.88,27.6,26.61,14082,38225312.0,3.61,-1.9,-0.52,1.47,SH688177
319,2021-06-15,26.86,27.15,27.68,26.3,12298,33007775.0,5.13,1.0,0.27,1.28,SH688177
320,2021-06-16,27.11,27.0,27.5,26.75,7577,20579524.0,2.76,-0.55,-0.15,0.79,SH688177
321,2021-06-17,26.98,27.15,27.37,26.61,8219,22144417.0,2.81,0.56,0.15,0.86,SH688177
322,2021-06-18,26.88,26.9,27.14,26.66,9624,25873844.0,1.77,-0.92,-0.25,1.0,SH688177
323,2021-06-21,27.03,28.02,28.28,26.88,13456,37448250.0,5.2,4.16,1.12,1.4,SH688177
324,2021-06-22,28.08,27.91,28.44,27.86,7773,21860753.0,2.07,-0.39,-0.11,0.81,SH688177
325,2021-06-23,27.92,28.31,28.88,27.75,12444,35209591.0,4.05,1.43,0.4,1.3,SH688177
326,2021-06-24,28.59,27.36,28.59,27.2,10579,29296866.0,4.91,-3.36,-0.95,1.1,SH688177
327,2021-06-25,27.68,27.45,27.72,27.2,7952,21825681.0,1.9,0.33,0.09,0.83,SH688177
328,2021-06-28,27.25,27.55,27.8,27.25,6878,18945292.0,2.0,0.36,0.1,0.72,SH688177
329,2021-06-29,27.5,26.34,27.55,26.11,13757,36777920.0,5.23,-4.39,-1.21,1.43,SH688177
330,2021-06-30,26.2,26.24,26.93,26.0,10066,26624674.0,3.53,-0.38,-0.1,1.05,SH688177
331,2021-07-01,26.44,26.1,26.67,26.1,10070,26565835.0,2.17,-0.53,-0.14,1.05,SH688177
332,2021-07-02,26.21,25.04,26.21,24.9,15717,39850487.0,5.02,-4.06,-1.06,1.64,SH688177
333,2021-07-05,24.88,24.99,25.31,24.88,7809,19555449.0,1.72,-0.2,-0.05,0.81,SH688177
334,2021-07-06,25.07,24.47,25.14,24.23,10318,25450069.0,3.64,-2.08,-0.52,1.08,SH688177
335,2021-07-07,24.38,24.6,24.86,24.25,10070,24702303.0,2.49,0.53,0.13,1.05,SH688177
336,2021-07-08,24.88,23.88,24.88,23.8,11863,28553179.0,4.39,-2.93,-0.72,1.24,SH688177
337,2021-07-09,24.07,24.27,24.49,23.63,10449,25128348.0,3.6,1.63,0.39,1.09,SH688177
338,2021-07-12,24.58,24.41,24.97,24.06,9074,22279644.0,3.75,0.58,0.14,0.95,SH688177
339,2021-07-13,24.5,24.65,24.82,24.3,8279,20312770.0,2.13,0.98,0.24,0.86,SH688177
340,2021-07-14,24.66,24.4,25.1,24.34,9233,22877537.0,3.08,-1.01,-0.25,0.96,SH688177
341,2021-07-15,24.25,23.76,24.56,23.43,9939,23675475.0,4.63,-2.62,-0.64,1.04,SH688177
342,2021-07-16,23.82,23.66,24.24,23.66,7716,18470565.0,2.44,-0.42,-0.1,0.8,SH688177
343,2021-07-19,23.88,23.48,23.88,23.34,5282,12397025.0,2.28,-0.76,-0.18,0.55,SH688177
344,2021-07-20,23.52,23.53,23.8,23.2,5482,12901766.0,2.56,0.21,0.05,0.57,SH688177
345,2021-07-21,23.51,24.13,24.17,23.51,7341,17587661.0,2.8,2.55,0.6,0.77,SH688177
346,2021-07-22,24.79,26.53,27.45,24.79,32261,85530644.0,11.02,9.95,2.4,3.36,SH688177
347,2021-07-23,26.03,27.24,28.45,25.83,28996,78951457.0,9.88,2.68,0.71,3.02,SH688177
348,2021-07-26,27.06,26.72,27.48,26.25,16166,43403388.0,4.52,-1.91,-0.52,1.69,SH688177
349,2021-07-27,26.72,26.11,27.37,26.02,15441,41354193.0,5.05,-2.28,-0.61,1.61,SH688177
350,2021-07-28,26.01,26.74,27.3,25.5,16069,42579146.0,6.89,2.41,0.63,1.68,SH688177
351,2021-07-29,27.02,26.46,27.57,26.16,19187,51554265.0,5.27,-1.05,-0.28,2.0,SH688177
352,2021-07-30,28.29,27.46,28.86,27.16,27461,76235281.0,6.42,3.78,1.0,2.86,SH688177
353,2021-08-02,27.59,28.15,28.15,26.75,20307,56173463.0,5.1,2.51,0.69,2.12,SH688177
354,2021-08-03,27.91,28.8,29.65,27.89,25544,74133182.0,6.25,2.31,0.65,2.66,SH688177
355,2021-08-04,28.77,29.08,29.3,28.3,17871,51437335.0,3.47,0.97,0.28,1.86,SH688177
356,2021-08-05,29.07,28.68,29.07,28.38,15788,45193119.0,2.37,-1.38,-0.4,1.65,SH688177
357,2021-08-06,28.68,27.71,28.78,27.66,15226,42430052.0,3.91,-3.38,-0.97,1.59,SH688177
358,2021-08-09,27.97,29.62,29.7,27.36,27598,80349691.0,8.44,6.89,1.91,2.88,SH688177
359,2021-08-10,29.62,29.84,30.21,29.15,19441,57782051.0,3.58,0.74,0.22,2.03,SH688177
360,2021-08-11,29.89,29.0,30.12,29.0,13702,40339165.0,3.75,-2.82,-0.84,1.43,SH688177
361,2021-08-12,28.82,30.05,30.38,28.82,20199,60277804.0,5.38,3.62,1.05,2.11,SH688177
362,2021-08-13,29.97,29.3,30.17,29.21,13684,40459034.0,3.19,-2.5,-0.75,1.43,SH688177
363,2021-08-16,29.0,27.83,29.01,27.77,24025,67707032.0,4.23,-5.02,-1.47,2.5,SH688177
364,2021-08-17,27.7,27.09,28.62,26.86,18954,52726612.0,6.32,-2.66,-0.74,1.98,SH688177
365,2021-08-18,27.21,26.98,27.4,26.6,11857,31934246.0,2.95,-0.41,-0.11,1.24,SH688177
366,2021-08-19,26.88,27.41,27.99,26.88,9310,25677305.0,4.11,1.59,0.43,0.97,SH688177
367,2021-08-20,27.66,26.74,27.66,26.4,10744,28730913.0,4.6,-2.44,-0.67,1.12,SH688177
368,2021-08-23,26.9,27.36,27.51,26.51,9849,26823099.0,3.74,2.32,0.62,1.03,SH688177
369,2021-08-24,27.55,27.29,27.68,27.01,7096,19377289.0,2.45,-0.26,-0.07,0.74,SH688177
370,2021-08-25,27.27,27.45,27.67,27.15,6872,18825557.0,1.91,0.59,0.16,0.72,SH688177
371,2021-08-26,27.42,26.7,27.47,26.62,9430,25318104.0,3.1,-2.73,-0.75,0.98,SH688177
372,2021-08-27,26.75,27.09,27.75,26.71,10552,28740125.0,3.9,1.46,0.39,1.1,SH688177
373,2021-08-30,28.01,29.08,29.58,27.7,30884,89221668.0,6.94,7.35,1.99,3.22,SH688177
374,2021-08-31,29.2,29.76,30.74,29.02,26198,78575462.0,5.91,2.34,0.68,2.73,SH688177
375,2021-09-01,29.43,29.6,30.13,29.33,14384,42622475.0,2.69,-0.54,-0.16,1.5,SH688177
376,2021-09-02,29.67,29.8,30.06,29.1,14253,42152051.0,3.24,0.68,0.2,1.49,SH688177
377,2021-09-03,29.8,30.18,30.55,29.42,15083,45488268.0,3.79,1.28,0.38,1.57,SH688177
378,2021-09-06,30.19,31.36,31.94,29.94,22845,71698309.0,6.63,3.91,1.18,2.38,SH688177
379,2021-09-07,31.37,32.99,33.1,31.21,38793,125780652.0,6.03,5.2,1.63,4.04,SH688177
380,2021-09-08,32.76,32.66,33.69,32.33,27545,90697040.0,4.12,-1.0,-0.33,2.87,SH688177
381,2021-09-09,34.04,32.98,35.25,32.8,30609,104337298.0,7.5,0.98,0.32,3.19,SH688177
382,2021-09-10,33.87,32.74,33.99,32.55,16550,54757305.0,4.37,-0.73,-0.24,1.73,SH688177
383,2021-09-13,33.1,32.15,33.1,31.41,20117,64307965.0,5.16,-1.8,-0.59,2.1,SH688177
384,2021-09-14,32.65,33.1,34.48,32.5,17542,58791816.0,6.16,2.95,0.95,1.83,SH688177
385,2021-09-15,32.83,33.0,33.8,32.76,12171,40489979.0,3.14,-0.3,-0.1,1.27,SH688177
386,2021-09-16,33.13,33.0,33.7,32.0,20713,67990043.0,5.15,0.0,0.0,2.16,SH688177
387,2021-09-17,33.48,33.17,33.54,32.41,12917,42729771.0,3.42,0.52,0.17,1.35,SH688177
388,2021-09-22,32.96,32.7,34.32,32.58,18065,60331011.0,5.25,-1.42,-0.47,1.88,SH688177
389,2021-09-23,32.59,31.38,32.79,31.23,23361,74491666.0,4.77,-4.04,-1.32,2.44,SH688177
390,2021-09-24,31.25,31.98,32.46,31.15,15213,48808126.0,4.17,1.91,0.6,1.59,SH688177
391,2021-09-27,31.31,32.33,33.38,31.31,21392,69734073.0,6.47,1.09,0.35,2.23,SH688177
392,2021-09-28,32.05,31.54,32.55,31.48,11746,37394757.0,3.31,-2.44,-0.79,1.22,SH688177
393,2021-09-29,31.07,30.5,31.39,30.41,11107,34189412.0,3.11,-3.3,-1.04,1.16,SH688177
394,2021-09-30,31.13,31.09,31.3,30.68,8435,26212156.0,2.03,1.93,0.59,0.88,SH688177
395,2021-10-08,31.1,30.91,31.74,30.82,11957,37304655.0,2.96,-0.58,-0.18,1.25,SH688177
396,2021-10-11,30.71,30.45,31.49,30.34,10752,33144906.0,3.72,-1.49,-0.46,1.12,SH688177
397,2021-10-12,30.45,29.59,30.54,29.02,10381,30788154.0,4.99,-2.82,-0.86,1.08,SH688177
398,2021-10-13,29.56,29.42,29.88,28.9,7911,23251281.0,3.31,-0.57,-0.17,0.82,SH688177
399,2021-10-14,29.79,28.74,29.79,28.68,11132,32198306.0,3.77,-2.31,-0.68,1.16,SH688177
400,2021-10-15,28.89,28.01,28.89,28.01,9518,26943969.0,3.06,-2.54,-0.73,0.99,SH688177
401,2021-10-18,28.28,28.06,28.28,27.53,6902,19250594.0,2.68,0.18,0.05,0.72,SH688177
402,2021-10-19,27.93,27.89,28.44,27.61,9274,26002210.0,2.96,-0.61,-0.17,0.97,SH688177
403,2021-10-20,28.08,27.4,28.3,27.3,13405,36997083.0,3.59,-1.76,-0.49,1.4,SH688177
404,2021-10-21,27.45,27.44,27.86,27.08,10743,29466327.0,2.85,0.15,0.04,1.12,SH688177
405,2021-10-22,27.24,27.15,27.63,27.06,7836,21352033.0,2.08,-1.06,-0.29,0.82,SH688177
406,2021-10-25,26.81,26.81,27.21,26.58,7048,18893143.0,2.32,-1.25,-0.34,0.73,SH688177
407,2021-10-26,26.81,27.02,27.56,26.7,12003,32473797.0,3.21,0.78,0.21,1.25,SH688177
408,2021-10-27,27.02,25.56,27.02,25.49,11124,28882287.0,5.66,-5.4,-1.46,1.16,SH688177
409,2021-10-28,25.89,25.98,26.45,25.2,10590,27480885.0,4.89,1.64,0.42,1.1,SH688177
410,2021-10-29,25.36,25.64,26.35,25.36,8101,20791491.0,3.81,-1.31,-0.34,0.84,SH688177
411,2021-11-01,25.72,26.11,26.34,25.33,5562,14420828.0,3.94,1.83,0.47,0.58,SH688177
412,2021-11-02,26.17,25.61,26.9,25.42,10467,27269282.0,5.67,-1.91,-0.5,1.09,SH688177
413,2021-11-03,25.51,25.82,25.95,25.5,4817,12375137.0,1.76,0.82,0.21,0.5,SH688177
414,2021-11-04,25.82,25.76,25.99,25.24,8999,22966343.0,2.9,-0.23,-0.06,0.94,SH688177
415,2021-11-05,25.64,25.52,25.84,25.0,6773,17315454.0,3.26,-0.93,-0.24,0.71,SH688177
416,2021-11-08,25.6,24.9,25.8,24.63,9786,24400972.0,4.58,-2.43,-0.62,1.02,SH688177
417,2021-11-09,25.14,26.03,26.27,25.11,13003,33721737.0,4.66,4.54,1.13,1.36,SH688177
418,2021-11-10,26.18,26.65,26.85,26.0,12645,33460553.0,3.27,2.38,0.62,1.32,SH688177
419,2021-11-11,26.7,26.22,26.73,26.2,9851,25989971.0,1.99,-1.61,-0.43,1.03,SH688177
420,2021-11-12,26.58,26.28,26.58,26.12,6873,18072759.0,1.75,0.23,0.06,0.72,SH688177
421,2021-11-15,26.49,26.7,27.05,26.37,9320,24905545.0,2.59,1.6,0.42,0.97,SH688177
422,2021-11-16,26.75,26.53,26.98,26.48,7303,19545585.0,1.87,-0.64,-0.17,0.76,SH688177
423,2021-11-17,26.88,27.3,27.96,26.54,12981,35537305.0,5.35,2.9,0.77,1.35,SH688177
424,2021-11-18,27.36,26.96,27.66,26.9,9627,26148162.0,2.78,-1.25,-0.34,1.0,SH688177
425,2021-11-19,27.0,27.85,27.96,27.0,10484,28954628.0,3.56,3.3,0.89,1.09,SH688177
426,2021-11-22,28.26,28.6,28.96,27.94,18554,52750996.0,3.66,2.69,0.75,1.93,SH688177
427,2021-11-23,28.7,28.21,28.99,28.02,11023,31191223.0,3.39,-1.36,-0.39,1.15,SH688177
428,2021-11-24,28.39,28.2,28.67,27.93,6286,17727064.0,2.62,-0.04,-0.01,0.66,SH688177
429,2021-11-25,28.47,28.87,29.19,28.15,10675,30647397.0,3.69,2.38,0.67,1.11,SH688177
430,2021-11-26,29.03,28.16,29.03,27.88,8840,24990198.0,3.98,-2.46,-0.71,0.92,SH688177
431,2021-11-29,28.34,27.73,28.59,27.48,9970,27807798.0,3.94,-1.53,-0.43,1.04,SH688177
432,2021-11-30,27.94,27.5,28.02,27.27,7157,19703856.0,2.7,-0.83,-0.23,0.75,SH688177
433,2021-12-01,27.2,27.39,27.86,27.2,5807,15978129.0,2.4,-0.4,-0.11,0.61,SH688177
434,2021-12-02,27.13,26.88,27.69,26.83,7913,21505928.0,3.14,-1.86,-0.51,0.83,SH688177
435,2021-12-03,27.14,26.91,27.46,26.88,5942,16120848.0,2.16,0.11,0.03,0.62,SH688177
436,2021-12-06,26.99,25.9,27.0,25.77,8582,22470908.0,4.57,-3.75,-1.01,0.89,SH688177
437,2021-12-07,26.1,25.68,26.13,25.4,6230,16006256.0,2.82,-0.85,-0.22,0.65,SH688177
438,2021-12-08,25.78,25.87,26.0,25.48,3451,8897233.0,2.02,0.74,0.19,0.36,SH688177
439,2021-12-09,25.99,26.33,26.46,25.31,4721,12368558.0,4.45,1.78,0.46,0.49,SH688177
440,2021-12-10,26.37,26.43,26.57,26.12,4749,12529510.0,1.71,0.38,0.1,0.5,SH688177
441,2021-12-13,26.69,26.65,26.75,26.33,4411,11711059.0,1.59,0.83,0.22,0.46,SH688177
442,2021-12-14,26.66,26.91,26.98,26.62,5573,14933443.0,1.35,0.98,0.26,0.58,SH688177
443,2021-12-15,26.95,26.15,27.26,26.12,8704,23216925.0,4.24,-2.82,-0.76,0.91,SH688177
444,2021-12-16,26.36,26.22,26.38,26.02,3913,10255123.0,1.38,0.27,0.07,0.41,SH688177
445,2021-12-17,26.24,25.78,26.25,25.74,6005,15548406.0,1.95,-1.68,-0.44,0.63,SH688177
446,2021-12-20,25.8,25.33,26.06,25.25,5564,14245370.0,3.14,-1.75,-0.45,0.58,SH688177
447,2021-12-21,25.49,25.48,25.58,25.16,4882,12394899.0,1.66,0.59,0.15,0.51,SH688177
448,2021-12-22,25.48,25.79,26.1,25.3,5528,14242476.0,3.14,1.22,0.31,0.58,SH688177
449,2021-12-23,25.94,25.37,25.95,25.25,5750,14678368.0,2.71,-1.63,-0.42,0.6,SH688177
450,2021-12-24,25.49,24.7,25.49,24.68,10312,25701297.0,3.19,-2.64,-0.67,1.08,SH688177
451,2021-12-27,24.56,24.64,25.06,24.5,9467,23415557.0,2.27,-0.24,-0.06,0.99,SH688177
452,2021-12-28,24.6,24.7,24.91,24.44,11271,27834132.0,1.91,0.24,0.06,1.18,SH688177
453,2021-12-29,24.82,24.92,25.35,24.57,9093,22764281.0,3.16,0.89,0.22,0.95,SH688177
454,2021-12-30,24.99,24.99,25.29,24.91,7006,17558275.0,1.52,0.28,0.07,0.73,SH688177
455,2021-12-31,25.5,25.83,26.17,25.5,13422,34571704.0,2.68,3.36,0.84,1.4,SH688177
456,2022-01-04,26.05,25.96,26.13,25.7,9144,23716224.0,1.66,0.5,0.13,0.95,SH688177
457,2022-01-05,25.88,25.26,26.03,24.91,8883,22496204.0,4.31,-2.7,-0.7,0.93,SH688177
458,2022-01-06,25.08,25.26,25.43,24.86,5720,14432400.0,2.26,0.0,0.0,0.6,SH688177
459,2022-01-07,25.4,25.15,25.56,25.06,5554,14038657.0,1.98,-0.44,-0.11,0.58,SH688177
460,2022-01-10,25.11,25.49,25.7,24.9,6920,17594608.0,3.18,1.35,0.34,0.72,SH688177
461,2022-01-11,25.5,25.73,25.96,25.32,9210,23706038.0,2.51,0.94,0.24,0.96,SH688177
462,2022-01-12,25.73,26.25,26.33,25.65,9098,23739192.0,2.64,2.02,0.52,0.95,SH688177
463,2022-01-13,26.27,25.8,26.4,25.68,7495,19451433.0,2.74,-1.71,-0.45,0.78,SH688177
464,2022-01-14,25.61,26.68,26.9,25.51,15905,42096832.0,5.39,3.41,0.88,1.66,SH688177
465,2022-01-17,26.9,26.65,26.92,26.25,7734,20523099.0,2.51,-0.11,-0.03,0.81,SH688177
466,2022-01-18,26.52,25.83,26.55,25.69,10037,26096146.0,3.23,-3.08,-0.82,1.05,SH688177
467,2022-01-19,25.83,25.43,25.99,25.33,5673,14522032.0,2.56,-1.55,-0.4,0.59,SH688177
468,2022-01-20,25.5,25.14,25.71,24.76,6992,17556099.0,3.74,-1.14,-0.29,0.73,SH688177
469,2022-01-21,24.97,24.83,25.2,24.5,9224,22787741.0,2.78,-1.23,-0.31,0.96,SH688177
470,2022-01-24,24.55,24.3,25.2,24.21,8657,21329429.0,3.99,-2.13,-0.53,0.9,SH688177
471,2022-01-25,24.3,23.39,24.49,23.16,7783,18447247.0,5.47,-3.74,-0.91,0.81,SH688177
472,2022-01-26,23.39,23.29,23.6,23.02,4562,10624880.0,2.48,-0.43,-0.1,0.48,SH688177
473,2022-01-27,23.11,22.6,23.31,22.57,7174,16370710.0,3.18,-2.96,-0.69,0.75,SH688177
474,2022-01-28,23.89,25.17,25.77,23.5,23796,58886641.0,10.04,11.37,2.57,2.48,SH688177
475,2022-02-07,25.8,25.74,25.96,25.2,13900,35625239.0,3.02,2.26,0.57,1.45,SH688177
476,2022-02-08,25.5,26.12,26.28,25.5,11163,28932032.0,3.03,1.48,0.38,1.16,SH688177
477,2022-02-09,26.12,25.81,26.12,25.62,9425,24335343.0,1.91,-1.19,-0.31,0.98,SH688177
478,2022-02-10,25.53,25.4,25.8,25.34,6068,15467510.0,1.78,-1.59,-0.41,0.63,SH688177
479,2022-02-11,25.5,24.93,25.5,24.73,7330,18396710.0,3.03,-1.85,-0.47,0.76,SH688177
480,2022-02-14,25.01,24.68,25.28,24.64,5258,13104511.0,2.57,-1.0,-0.25,0.55,SH688177
481,2022-02-15,24.65,24.81,25.18,24.5,5046,12555898.0,2.76,0.53,0.13,0.53,SH688177
482,2022-02-16,24.96,25.42,25.56,24.81,5817,14712840.0,3.02,2.46,0.61,0.61,SH688177
483,2022-02-17,25.33,25.48,25.52,25.26,4345,11025726.0,1.02,0.24,0.06,0.45,SH688177
484,2022-02-18,25.45,25.55,25.78,25.12,4478,11411706.0,2.59,0.27,0.07,0.47,SH688177
485,2022-02-21,25.55,25.36,25.77,25.33,5380,13703690.0,1.72,-0.74,-0.19,0.55,SH688177
486,2022-02-22,25.2,24.46,25.39,24.36,8466,20812602.0,4.06,-3.55,-0.9,0.87,SH688177
487,2022-02-23,24.66,24.62,24.73,24.46,7268,17868730.0,1.1,0.65,0.16,0.74,SH688177
488,2022-02-24,24.62,23.59,24.78,23.3,12971,30997605.0,6.01,-4.18,-1.03,1.33,SH688177
489,2022-02-25,23.84,23.94,24.27,23.66,7861,18884550.0,2.59,1.48,0.35,0.8,SH688177
490,2022-02-28,25.0,24.2,25.5,23.95,16263,39943210.0,6.47,1.09,0.26,1.66,SH688177
491,2022-03-01,24.02,24.54,24.64,24.01,7988,19471785.0,2.6,1.4,0.34,0.82,SH688177
492,2022-03-02,24.32,24.52,24.7,24.17,6915,16892592.0,2.16,-0.08,-0.02,0.71,SH688177
493,2022-03-03,24.54,24.65,24.93,24.31,7167,17619096.0,2.53,0.53,0.13,0.73,SH688177
494,2022-03-04,24.52,24.44,24.99,24.31,7646,18820293.0,2.76,-0.85,-0.21,0.78,SH688177
495,2022-03-07,24.44,24.04,24.55,23.83,7030,16942596.0,2.95,-1.64,-0.4,0.72,SH688177
496,2022-03-08,24.04,23.36,24.43,23.1,9237,21706745.0,5.53,-2.83,-0.68,0.95,SH688177
497,2022-03-09,23.4,22.82,23.44,22.11,9586,21858824.0,5.69,-2.31,-0.54,0.98,SH688177
498,2022-03-10,23.3,23.16,23.74,22.95,6019,14029072.0,3.46,1.49,0.34,0.62,SH688177
499,2022-03-11,23.06,23.93,23.99,22.7,8826,20631064.0,5.57,3.32,0.77,0.9,SH688177
500,2022-03-14,23.58,23.32,24.28,23.22,6777,16153668.0,4.43,-2.55,-0.61,0.69,SH688177
501,2022-03-15,23.32,22.2,23.32,22.13,10522,23763644.0,5.1,-4.8,-1.12,1.08,SH688177
502,2022-03-16,22.32,22.31,22.84,21.25,11909,26033112.0,7.16,0.5,0.11,1.22,SH688177
503,2022-03-17,23.43,23.08,23.43,22.28,8144,18768970.0,5.15,3.45,0.77,0.83,SH688177
504,2022-03-18,23.1,23.71,23.93,22.8,9068,21367510.0,4.9,2.73,0.63,0.93,SH688177
505,2022-03-21,24.21,24.72,24.9,23.93,14251,34942083.0,4.09,4.26,1.01,1.46,SH688177
506,2022-03-22,24.89,24.26,24.89,24.15,9416,22981190.0,2.99,-1.86,-0.46,0.96,SH688177
507,2022-03-23,24.28,23.91,24.52,23.81,6505,15613648.0,2.93,-1.44,-0.35,0.67,SH688177
508,2022-03-24,23.8,23.64,23.89,23.33,7173,16956902.0,2.34,-1.13,-0.27,0.73,SH688177
509,2022-03-25,23.8,23.64,23.96,23.46,4842,11463047.0,2.12,0.0,0.0,0.5,SH688177
510,2022-03-28,23.56,23.25,23.63,23.02,6452,15015221.0,2.58,-1.65,-0.39,0.6,SH688177
511,2022-03-29,23.11,22.83,23.43,22.73,4690,10809853.0,3.01,-1.81,-0.42,0.44,SH688177
512,2022-03-30,23.29,23.31,23.35,22.81,4399,10168644.0,2.37,2.1,0.48,0.41,SH688177
513,2022-03-31,23.31,23.45,23.95,23.05,6906,16307726.0,3.86,0.6,0.14,0.64,SH688177
514,2022-04-01,23.45,22.95,23.45,22.88,7122,16390895.0,2.43,-2.13,-0.5,0.66,SH688177
515,2022-04-06,23.03,22.61,23.24,22.5,7594,17320775.0,3.22,-1.48,-0.34,0.71,SH688177
516,2022-04-07,22.77,22.22,22.77,22.12,4940,11071101.0,2.87,-1.72,-0.39,0.46,SH688177
517,2022-04-08,22.44,21.57,22.44,21.37,8275,17926421.0,4.82,-2.93,-0.65,0.77,SH688177
518,2022-04-11,21.4,21.09,21.48,20.91,5512,11680051.0,2.64,-2.23,-0.48,0.51,SH688177
519,2022-04-12,21.16,21.52,21.52,21.0,4694,9969198.0,2.47,2.04,0.43,0.44,SH688177
520,2022-04-13,21.56,21.26,21.56,21.0,5474,11595432.0,2.6,-1.21,-0.26,0.51,SH688177
521,2022-04-14,21.49,21.27,21.49,21.09,3455,7359175.0,1.88,0.05,0.01,0.32,SH688177
522,2022-04-15,21.27,20.95,21.27,20.87,4671,9785163.0,1.88,-1.5,-0.32,0.43,SH688177
523,2022-04-18,21.21,21.42,21.43,20.58,4730,9973236.0,4.06,2.24,0.47,0.44,SH688177
524,2022-04-19,21.4,21.12,21.53,21.02,2427,5149163.0,2.38,-1.4,-0.3,0.23,SH688177
525,2022-04-20,21.13,21.29,21.47,21.13,2764,5890056.0,1.61,0.8,0.17,0.26,SH688177
526,2022-04-21,21.28,20.75,21.35,20.75,4505,9504078.0,2.82,-2.54,-0.54,0.42,SH688177
527,2022-04-22,20.62,20.88,21.0,20.2,3306,6835222.0,3.86,0.63,0.13,0.31,SH688177
528,2022-04-25,20.49,19.9,20.86,19.9,7282,14772310.0,4.6,-4.69,-0.98,0.68,SH688177
529,2022-04-26,20.01,19.35,20.18,19.32,5081,10084681.0,4.32,-2.76,-0.55,0.47,SH688177
530,2022-04-27,19.34,19.57,19.57,18.36,8726,16552459.0,6.25,1.14,0.22,0.81,SH688177
531,2022-04-28,19.38,21.38,22.03,19.3,12709,26109232.0,13.95,9.25,1.81,1.18,SH688177
532,2022-04-29,17.1,19.96,20.35,17.1,19810,38437418.0,15.2,-6.64,-1.42,1.84,SH688177
533,2022-05-05,19.96,19.24,19.96,19.0,7883,15237819.0,4.81,-3.61,-0.72,0.73,SH688177
534,2022-05-06,19.01,18.62,19.06,18.36,8072,15065937.0,3.64,-3.22,-0.62,0.75,SH688177
535,2022-05-09,18.38,18.85,18.94,18.33,5202,9777471.0,3.28,1.24,0.23,0.48,SH688177
536,2022-05-10,18.31,18.93,18.94,18.31,6618,12398155.0,3.34,0.42,0.08,0.62,SH688177
537,2022-05-11,19.03,19.09,19.61,18.92,7260,14057307.0,3.65,0.85,0.16,0.68,SH688177
538,2022-05-12,19.3,19.19,19.45,18.92,6170,11824369.0,2.78,0.52,0.1,0.57,SH688177
539,2022-05-13,19.47,19.24,19.61,19.01,4770,9195584.0,3.13,0.26,0.05,0.44,SH688177
540,2022-05-16,19.48,19.18,19.51,19.03,3911,7529386.0,2.49,-0.31,-0.06,0.36,SH688177
541,2022-05-17,19.19,18.7,19.19,18.52,4818,9012889.0,3.49,-2.5,-0.48,0.45,SH688177
542,2022-05-18,18.61,18.61,18.85,18.56,2676,5005867.0,1.55,-0.48,-0.09,0.25,SH688177
543,2022-05-19,18.59,18.6,18.7,18.3,3846,7103028.0,2.15,-0.05,-0.01,0.36,SH688177
544,2022-05-20,18.62,18.79,19.03,18.62,3608,6794874.0,2.2,1.02,0.19,0.34,SH688177
545,2022-05-23,18.76,19.22,19.25,18.76,3596,6864088.0,2.61,2.29,0.43,0.33,SH688177
546,2022-05-24,19.22,18.42,19.41,18.2,6419,11977782.0,6.3,-4.16,-0.8,0.6,SH688177
547,2022-05-25,18.58,18.39,18.58,18.18,3329,6116489.0,2.17,-0.16,-0.03,0.31,SH688177
548,2022-05-26,18.38,18.16,18.38,18.02,3688,6715082.0,1.96,-1.25,-0.23,0.34,SH688177
549,2022-05-27,18.22,18.16,18.4,18.08,3901,7105131.0,1.76,0.0,0.0,0.36,SH688177
550,2022-05-30,18.39,18.44,18.5,18.02,3846,7038866.0,2.64,1.54,0.28,0.36,SH688177
551,2022-05-31,18.48,18.99,19.15,18.22,6223,11684942.0,5.04,2.98,0.55,0.58,SH688177
552,2022-06-01,18.96,19.42,20.09,18.95,10509,20576434.0,6.0,2.26,0.43,0.98,SH688177
553,2022-06-02,19.44,20.11,20.27,19.25,10807,21457788.0,5.25,3.55,0.69,1.0,SH688177
554,2022-06-06,20.0,21.57,21.8,20.0,16633,35265231.0,8.95,7.26,1.46,1.55,SH688177
555,2022-06-07,21.55,21.6,22.07,21.09,11017,23709526.0,4.54,0.14,0.03,1.02,SH688177
556,2022-06-08,21.38,21.18,21.89,20.95,7330,15601392.0,4.35,-1.94,-0.42,0.68,SH688177
557,2022-06-09,21.11,20.23,21.18,20.03,11409,23440670.0,5.43,-4.49,-0.95,1.06,SH688177
558,2022-06-10,20.21,20.34,20.49,20.13,6810,13825582.0,1.78,0.54,0.11,0.63,SH688177
559,2022-06-13,22.2,22.47,23.87,22.2,32176,73899624.0,8.21,10.47,2.13,2.99,SH688177
560,2022-06-14,22.14,21.8,22.44,21.14,14747,32148260.0,5.79,-2.98,-0.67,1.37,SH688177
561,2022-06-15,21.92,21.82,22.5,21.72,7905,17410790.0,3.58,0.09,0.02,0.74,SH688177
562,2022-06-16,22.07,21.93,22.45,21.75,5692,12570875.0,3.21,0.5,0.11,0.53,SH688177
563,2022-06-17,21.93,21.8,22.24,21.55,7075,15419509.0,3.15,-0.59,-0.13,0.66,SH688177
564,2022-06-20,22.3,22.26,22.39,21.82,5578,12368570.0,2.61,2.11,0.46,0.52,SH688177
565,2022-06-21,22.35,21.74,22.35,21.61,5132,11265700.0,3.32,-2.34,-0.52,0.48,SH688177
566,2022-06-22,21.84,21.36,21.96,21.36,3398,7349638.0,2.76,-1.75,-0.38,0.32,SH688177
567,2022-06-23,21.5,21.58,21.62,21.16,3540,7566997.0,2.15,1.03,0.22,0.33,SH688177
568,2022-06-24,21.65,21.83,22.11,21.45,4868,10614599.0,3.06,1.16,0.25,0.45,SH688177
569,2022-06-27,21.88,21.65,22.23,21.56,5447,11899520.0,3.07,-0.82,-0.18,0.51,SH688177
570,2022-06-28,21.68,22.02,22.27,21.37,5842,12817135.0,4.16,1.71,0.37,0.54,SH688177
571,2022-06-29,21.8,21.9,22.76,21.8,6874,15293328.0,4.36,-0.54,-0.12,0.64,SH688177
572,2022-06-30,22.46,21.86,22.46,21.85,5490,12061035.0,2.79,-0.18,-0.04,0.51,SH688177
573,2022-07-01,21.82,21.55,21.86,21.4,4923,10648860.0,2.1,-1.42,-0.31,0.46,SH688177
574,2022-07-04,21.55,22.25,22.5,21.42,7865,17349031.0,5.01,3.25,0.7,0.73,SH688177
575,2022-07-05,22.13,21.86,22.5,21.72,4942,10910116.0,3.51,-1.75,-0.39,0.46,SH688177
576,2022-07-06,21.8,22.52,23.12,21.8,9971,22492909.0,6.04,3.02,0.66,0.93,SH688177
577,2022-07-07,22.84,22.05,22.84,21.98,7546,16725066.0,3.82,-2.09,-0.47,0.7,SH688177
578,2022-07-08,21.95,22.47,22.68,21.91,5355,11984515.0,3.49,1.9,0.42,0.5,SH688177
579,2022-07-11,22.27,22.73,23.21,22.27,8096,18491134.0,4.18,1.16,0.26,0.75,SH688177
580,2022-07-12,22.36,21.65,22.75,21.6,10107,22296024.0,5.06,-4.75,-1.08,0.94,SH688177
581,2022-07-13,21.5,21.28,21.89,21.06,6513,13900151.0,3.83,-1.71,-0.37,0.61,SH688177
582,2022-07-14,21.1,21.62,21.88,21.05,4145,8936176.0,3.9,1.6,0.34,0.39,SH688177
583,2022-07-15,21.5,21.4,21.79,21.2,3638,7833333.0,2.73,-1.02,-0.22,0.34,SH688177
584,2022-07-18,21.65,21.41,21.65,21.07,3988,8516009.0,2.71,0.05,0.01,0.37,SH688177
585,2022-07-19,21.5,21.48,21.59,21.27,1765,3780366.0,1.49,0.33,0.07,0.16,SH688177
586,2022-07-20,21.4,21.45,21.66,21.4,2036,4377841.0,1.21,-0.14,-0.03,0.19,SH688177
587,2022-07-21,21.46,21.48,21.93,21.4,3352,7262049.0,2.47,0.14,0.03,0.31,SH688177
588,2022-07-22,21.63,20.93,21.63,20.7,4843,10208179.0,4.33,-2.56,-0.55,0.45,SH688177
589,2022-07-25,20.98,20.84,21.15,20.68,1661,3470675.0,2.25,-0.43,-0.09,0.15,SH688177
590,2022-07-26,20.95,20.81,20.95,20.51,2515,5197203.0,2.11,-0.14,-0.03,0.23,SH688177
591,2022-07-27,20.81,20.86,20.97,20.66,1950,4059146.0,1.49,0.24,0.05,0.18,SH688177
592,2022-07-28,20.92,20.9,21.1,20.85,2386,5001694.0,1.2,0.19,0.04,0.22,SH688177
593,2022-07-29,21.05,20.33,21.05,20.33,3878,7994229.0,3.44,-2.73,-0.57,0.36,SH688177
594,2022-08-01,20.24,19.89,20.36,19.62,4860,9702111.0,3.64,-2.16,-0.44,0.45,SH688177
595,2022-08-02,19.89,18.96,19.89,18.72,7310,13957030.0,5.88,-4.68,-0.93,0.68,SH688177
596,2022-08-03,18.82,18.94,19.5,18.82,3856,7383241.0,3.59,-0.11,-0.02,0.36,SH688177
597,2022-08-04,18.95,19.35,19.5,18.95,3084,5945186.0,2.9,2.16,0.41,0.29,SH688177
598,2022-08-05,19.41,19.92,19.95,19.33,5593,11054589.0,3.2,2.95,0.57,0.52,SH688177
599,2022-08-08,19.9,20.14,20.22,19.88,3212,6448498.0,1.71,1.1,0.22,0.3,SH688177
600,2022-08-09,20.24,20.1,20.24,19.74,7204,14409789.0,2.48,-0.2,-0.04,0.67,SH688177
601,2022-08-10,19.8,19.87,20.14,19.74,3312,6581244.0,1.99,-1.14,-0.23,0.31,SH688177
602,2022-08-11,19.7,20.03,20.25,19.7,3754,7551094.0,2.77,0.81,0.16,0.35,SH688177
603,2022-08-12,20.23,19.93,20.23,19.65,3360,6745260.0,2.9,-0.5,-0.1,0.31,SH688177
604,2022-08-15,19.9,19.79,20.17,19.6,4333,8555229.0,2.86,-0.7,-0.14,0.4,SH688177
605,2022-08-16,19.7,19.63,19.95,19.55,5369,10592881.0,2.02,-0.81,-0.16,0.5,SH688177
606,2022-08-17,19.63,19.66,19.98,19.59,4485,8838197.0,1.99,0.15,0.03,0.42,SH688177
607,2022-08-18,19.6,19.58,19.83,19.43,4949,9690324.0,2.03,-0.41,-0.08,0.46,SH688177
608,2022-08-19,20.16,19.76,20.72,19.61,15411,31057125.0,5.67,0.92,0.18,1.43,SH688177
609,2022-08-22,19.6,19.71,20.18,19.28,7566,14915696.0,4.55,-0.25,-0.05,0.7,SH688177
610,2022-08-23,19.68,19.45,19.83,19.42,4635,9035024.0,2.08,-1.32,-0.26,0.43,SH688177
611,2022-08-24,20.03,19.38,20.28,19.2,6806,13287006.0,5.55,-0.36,-0.07,0.63,SH688177
612,2022-08-25,19.96,19.57,19.96,19.35,6579,12988920.0,3.15,0.98,0.19,0.61,SH688177
613,2022-08-26,19.63,20.09,20.38,19.62,9639,19296441.0,3.88,2.66,0.52,0.9,SH688177
614,2022-08-29,20.69,20.45,20.75,20.08,7378,15067372.0,3.33,1.79,0.36,0.69,SH688177
615,2022-08-30,20.4,20.59,21.18,20.39,7574,15751330.0,3.86,0.68,0.14,0.7,SH688177
616,2022-08-31,21.06,20.2,21.06,20.18,5125,10494874.0,4.27,-1.89,-0.39,0.48,SH688177
617,2022-09-01,20.4,20.27,20.46,20.05,2939,5946045.0,2.03,0.35,0.07,0.27,SH688177
618,2022-09-02,20.24,20.27,20.43,20.1,2052,4147994.0,1.63,0.0,0.0,0.19,SH688177
619,2022-09-05,20.2,19.85,20.21,19.64,4944,9795445.0,2.81,-2.07,-0.42,0.46,SH688177
620,2022-09-06,19.84,19.68,19.98,19.62,2936,5789931.0,1.81,-0.86,-0.17,0.27,SH688177
621,2022-09-07,19.62,19.53,19.74,19.3,3902,7593495.0,2.24,-0.76,-0.15,0.36,SH688177
622,2022-09-08,19.45,19.41,19.6,19.34,2237,4352058.0,1.33,-0.61,-0.12,0.21,SH688177
623,2022-09-09,19.4,19.4,19.53,19.2,2292,4434069.0,1.7,-0.05,-0.01,0.21,SH688177
624,2022-09-13,19.41,19.52,19.69,19.27,1695,3315012.0,2.16,0.62,0.12,0.16,SH688177
625,2022-09-14,19.21,19.47,19.59,19.13,1350,2614539.0,2.36,-0.26,-0.05,0.13,SH688177
626,2022-09-15,19.46,18.95,19.89,18.82,3512,6750127.0,5.5,-2.67,-0.52,0.33,SH688177
627,2022-09-16,19.0,18.83,19.22,18.81,2738,5195551.0,2.16,-0.63,-0.12,0.25,SH688177
628,2022-09-19,18.75,18.36,18.95,18.01,3009,5534177.0,4.99,-2.5,-0.47,0.28,SH688177
629,2022-09-20,18.21,18.53,18.53,18.1,2073,3816338.0,2.34,0.93,0.17,0.19,SH688177
630,2022-09-21,18.22,18.5,18.58,18.2,1961,3606233.0,2.05,-0.16,-0.03,0.18,SH688177
631,2022-09-22,18.48,18.63,18.95,18.3,4020,7500818.0,3.51,0.7,0.13,0.37,SH688177
632,2022-09-23,18.76,18.3,18.8,18.12,5487,10034285.0,3.65,-1.77,-0.33,0.51,SH688177
633,2022-09-26,18.0,18.22,18.78,18.0,1805,3312667.0,4.26,-0.44,-0.08,0.17,SH688177
634,2022-09-27,18.17,18.65,18.75,18.0,4050,7489779.0,4.12,2.36,0.43,0.38,SH688177
635,2022-09-28,18.63,18.77,19.39,18.54,7623,14385012.0,4.56,0.64,0.12,0.71,SH688177
636,2022-09-29,19.0,18.25,19.23,18.13,6750,12565389.0,5.86,-2.77,-0.52,0.63,SH688177
637,2022-09-30,18.4,18.3,18.65,18.26,3303,6068833.0,2.14,0.27,0.05,0.31,SH688177
638,2022-10-10,18.31,17.57,18.32,17.47,3774,6734203.0,4.64,-3.99,-0.73,0.35,SH688177
639,2022-10-11,17.83,17.3,17.83,17.09,3839,6640516.0,4.21,-1.54,-0.27,0.36,SH688177
640,2022-10-12,17.32,17.75,17.75,17.15,1798,3135210.0,3.47,2.6,0.45,0.17,SH688177
641,2022-10-13,17.9,18.4,18.47,17.84,3443,6276407.0,3.55,3.66,0.65,0.32,SH688177
642,2022-10-14,18.47,18.99,19.23,18.34,5028,9516003.0,4.84,3.21,0.59,0.47,SH688177
643,2022-10-17,18.99,19.3,19.5,18.97,4389,8477500.0,2.79,1.63,0.31,0.41,SH688177
644,2022-10-18,19.48,20.15,20.48,19.12,9248,18477030.0,7.05,4.4,0.85,0.86,SH688177
645,2022-10-19,20.15,19.51,20.15,19.45,4621,9084201.0,3.47,-3.18,-0.64,0.43,SH688177
646,2022-10-20,19.65,19.3,19.85,19.3,3591,7029732.0,2.82,-1.08,-0.21,0.33,SH688177
647,2022-10-21,19.45,19.46,19.6,19.17,3033,5883130.0,2.23,0.83,0.16,0.28,SH688177
648,2022-10-24,19.63,18.91,19.83,18.89,3929,7585825.0,4.83,-2.83,-0.55,0.37,SH688177
649,2022-10-25,19.06,18.32,19.06,18.19,4275,7887217.0,4.6,-3.12,-0.59,0.4,SH688177
650,2022-10-26,18.4,19.43,19.77,18.4,6731,12970235.0,7.48,6.06,1.11,0.63,SH688177
651,2022-10-27,19.59,19.86,20.06,19.2,6950,13686045.0,4.43,2.21,0.43,0.65,SH688177
652,2022-10-28,19.67,19.44,20.12,19.37,5561,10937988.0,3.78,-2.11,-0.42,0.52,SH688177
653,2022-10-31,19.39,19.95,20.18,19.39,6933,13804411.0,4.06,2.62,0.51,0.64,SH688177
654,2022-11-01,20.19,20.29,20.35,19.61,7331,14614822.0,3.71,1.7,0.34,0.68,SH688177
655,2022-11-02,20.25,20.68,21.68,20.18,10359,21832323.0,7.39,1.92,0.39,0.96,SH688177
656,2022-11-03,20.54,21.25,21.47,20.37,8397,17683218.0,5.32,2.76,0.57,0.78,SH688177
657,2022-11-04,21.25,20.98,21.49,20.93,6420,13553998.0,2.64,-1.27,-0.27,0.6,SH688177
658,2022-11-07,20.93,25.18,25.18,20.93,44602,107748162.0,20.26,20.02,4.2,4.15,SH688177
659,2022-11-08,25.0,24.54,25.0,23.8,46420,112540174.0,4.77,-2.54,-0.64,4.32,SH688177
660,2022-11-09,24.5,24.84,25.86,24.4,30813,77445468.0,5.95,1.22,0.3,2.87,SH688177
661,2022-11-10,25.14,23.78,25.39,23.78,23576,57740477.0,6.48,-4.27,-1.06,2.19,SH688177
662,2022-11-11,24.26,23.08,24.86,22.59,28211,67258664.0,9.55,-2.94,-0.7,2.62,SH688177
663,2022-11-14,23.1,24.03,24.3,22.62,24005,56318437.0,7.28,4.12,0.95,2.23,SH688177
664,2022-11-15,23.99,24.17,24.26,23.4,13314,31833169.0,3.58,0.58,0.14,1.24,SH688177
665,2022-11-16,24.2,24.07,24.75,23.84,11444,27785368.0,3.76,-0.41,-0.1,1.06,SH688177
666,2022-11-17,24.07,24.65,24.94,23.8,12799,31285639.0,4.74,2.41,0.58,1.19,SH688177
667,2022-11-18,24.6,24.73,25.09,24.31,10825,26712306.0,3.16,0.32,0.08,1.01,SH688177
668,2022-11-21,25.0,24.5,25.01,24.07,8263,20170643.0,3.8,-0.93,-0.23,0.77,SH688177
669,2022-11-22,24.54,23.6,24.67,23.54,11703,27972434.0,4.61,-3.67,-0.9,1.09,SH688177
670,2022-11-23,23.53,23.39,23.9,23.03,6145,14317108.0,3.69,-0.89,-0.21,0.57,SH688177
671,2022-11-24,23.28,23.48,23.73,23.07,4603,10798369.0,2.82,0.38,0.09,0.43,SH688177
672,2022-11-25,23.02,23.3,23.88,23.02,6215,14545561.0,3.66,-0.77,-0.18,0.58,SH688177
673,2022-11-28,23.21,22.87,23.48,22.76,6623,15270661.0,3.09,-1.85,-0.43,0.62,SH688177
674,2022-11-29,23.36,23.11,23.85,22.69,10216,23783912.0,5.07,1.05,0.24,0.95,SH688177
675,2022-11-30,22.99,22.5,23.2,22.36,10632,24071045.0,3.63,-2.64,-0.61,0.99,SH688177
676,2022-12-01,22.56,22.36,22.9,22.29,7414,16664907.0,2.71,-0.62,-0.14,0.69,SH688177
677,2022-12-02,22.32,22.78,23.05,22.32,8047,18382578.0,3.26,1.88,0.42,0.75,SH688177
678,2022-12-05,22.99,23.44,23.45,22.67,11026,25588926.0,3.42,2.9,0.66,1.03,SH688177
679,2022-12-06,23.33,22.77,23.62,22.68,7834,18042077.0,4.01,-2.86,-0.67,0.73,SH688177
680,2022-12-07,22.59,23.26,23.31,22.59,4082,9415337.0,3.16,2.15,0.49,0.38,SH688177
681,2022-12-08,23.26,23.06,23.42,22.87,4070,9381836.0,2.36,-0.86,-0.2,0.38,SH688177
682,2022-12-09,23.09,23.06,23.62,22.84,7259,16888821.0,3.38,0.0,0.0,0.67,SH688177
683,2022-12-12,23.03,23.4,23.84,23.03,5546,12993567.0,3.51,1.47,0.34,0.52,SH688177
684,2022-12-13,23.36,22.94,23.7,22.7,5755,13226749.0,4.27,-1.97,-0.46,0.54,SH688177
685,2022-12-14,22.99,23.49,23.67,22.79,8819,20607169.0,3.84,2.4,0.55,0.82,SH688177
686,2022-12-15,23.26,22.96,23.55,22.93,6754,15597076.0,2.64,-2.26,-0.53,0.63,SH688177
687,2022-12-16,22.91,23.33,23.54,22.68,8512,19793628.0,3.75,1.61,0.37,0.79,SH688177
688,2022-12-19,23.56,21.98,23.6,21.67,11381,25574056.0,8.27,-5.79,-1.35,1.06,SH688177
689,2022-12-20,22.02,21.95,22.06,21.52,4251,9251894.0,2.46,-0.14,-0.03,0.4,SH688177
690,2022-12-21,21.85,21.97,22.32,21.56,4734,10351579.0,3.46,0.09,0.02,0.44,SH688177
691,2022-12-22,22.07,21.81,22.33,21.68,4365,9597478.0,2.96,-0.73,-0.16,0.41,SH688177
692,2022-12-23,21.62,21.78,22.18,21.57,2465,5358465.0,2.8,-0.14,-0.03,0.23,SH688177
693,2022-12-26,21.61,21.68,22.09,21.58,3000,6533524.0,2.34,-0.46,-0.1,0.28,SH688177
694,2022-12-27,21.73,21.36,21.75,21.01,3938,8377490.0,3.41,-1.48,-0.32,0.37,SH688177
695,2022-12-28,21.47,21.22,21.57,21.16,2034,4334057.0,1.92,-0.66,-0.14,0.19,SH688177
696,2022-12-29,21.06,21.54,21.9,21.06,4119,8896510.0,3.96,1.51,0.32,0.38,SH688177
697,2022-12-30,21.7,21.78,22.04,21.36,3848,8366758.0,3.16,1.11,0.24,0.36,SH688177
698,2023-01-03,21.78,22.27,22.48,21.78,3798,8455342.0,3.21,2.25,0.49,0.35,SH688177
699,2023-01-04,22.18,22.64,22.73,22.14,6115,13702634.0,2.65,1.66,0.37,0.57,SH688177
700,2023-01-05,22.64,24.48,24.91,22.46,22112,53610864.0,10.82,8.13,1.84,2.06,SH688177
701,2023-01-06,24.5,24.62,24.81,24.19,13324,32728013.0,2.53,0.57,0.14,1.24,SH688177
702,2023-01-09,24.62,26.98,27.88,24.62,36771,98004013.0,13.24,9.59,2.36,3.42,SH688177
703,2023-01-10,27.08,28.04,29.0,26.87,36649,102765258.0,7.89,3.93,1.06,3.41,SH688177
704,2023-01-11,28.05,28.66,29.65,28.05,29796,86089027.0,5.71,2.21,0.62,2.77,SH688177
705,2023-01-12,29.37,28.66,29.37,28.42,19698,56617966.0,3.31,0.0,0.0,1.83,SH688177
706,2023-01-13,29.17,29.28,29.47,28.47,21376,62110330.0,3.49,2.16,0.62,1.99,SH688177
707,2023-01-16,29.39,28.46,30.08,28.41,23757,69331179.0,5.7,-2.8,-0.82,2.21,SH688177
708,2023-01-17,29.5,28.39,30.0,28.35,20160,58281185.0,5.8,-0.25,-0.07,1.87,SH688177
709,2023-01-18,28.88,27.11,28.88,27.0,20135,55672235.0,6.62,-4.51,-1.28,1.87,SH688177
710,2023-01-19,27.29,27.22,27.65,26.99,12248,33421472.0,2.43,0.41,0.11,1.14,SH688177
711,2023-01-20,26.95,27.89,28.28,26.95,13621,38082504.0,4.89,2.46,0.67,1.27,SH688177
712,2023-01-30,28.19,27.78,28.93,27.65,13310,37287889.0,4.59,-0.39,-0.11,1.24,SH688177
713,2023-01-31,27.93,26.91,27.93,26.68,9803,26529931.0,4.5,-3.13,-0.87,0.91,SH688177
714,2023-02-01,27.12,27.32,27.85,26.58,16748,45759703.0,4.72,1.52,0.41,1.56,SH688177
715,2023-02-02,27.19,27.71,28.26,27.07,16446,45727995.0,4.36,1.43,0.39,1.53,SH688177
716,2023-02-03,27.77,27.98,28.58,27.6,12385,34857502.0,3.54,0.97,0.27,1.15,SH688177
717,2023-02-06,27.99,27.37,28.22,27.1,13105,36169641.0,4.0,-2.18,-0.61,1.22,SH688177
718,2023-02-07,27.55,27.05,27.55,26.84,8647,23444634.0,2.59,-1.17,-0.32,0.8,SH688177
719,2023-02-08,26.88,27.01,27.56,26.88,5878,15982799.0,2.51,-0.15,-0.04,0.55,SH688177
720,2023-02-09,27.01,27.05,27.44,26.66,6021,16225956.0,2.89,0.15,0.04,0.56,SH688177
721,2023-02-10,26.95,26.59,27.14,26.38,8109,21626812.0,2.81,-1.7,-0.46,0.75,SH688177
722,2023-02-13,26.92,26.33,27.07,26.0,11326,29868556.0,4.02,-0.98,-0.26,1.05,SH688177
723,2023-02-14,26.48,26.49,26.8,26.13,8138,21443744.0,2.54,0.61,0.16,0.76,SH688177
724,2023-02-15,26.23,26.1,26.69,26.06,5887,15461711.0,2.38,-1.47,-0.39,0.55,SH688177
725,2023-02-16,26.38,25.77,26.64,25.4,11862,30970786.0,4.75,-1.26,-0.33,1.1,SH688177
726,2023-02-17,25.85,25.94,26.27,25.63,7483,19417478.0,2.48,0.66,0.17,0.7,SH688177
727,2023-02-20,26.35,26.3,26.48,25.6,8701,22743693.0,3.39,1.39,0.36,0.81,SH688177
728,2023-02-21,26.39,26.16,26.7,25.91,7250,19018578.0,3.0,-0.53,-0.14,0.18,SH688177
729,2023-02-22,26.14,27.4,28.25,26.12,21875,59989017.0,8.14,4.74,1.24,0.53,SH688177
730,2023-02-23,27.18,27.03,27.96,26.85,10490,28758712.0,4.05,-1.35,-0.37,0.25,SH688177
731,2023-02-24,27.0,26.67,27.19,26.67,6271,16857442.0,1.92,-1.33,-0.36,0.15,SH688177
732,2023-02-27,27.02,26.63,27.02,26.23,7473,19838564.0,2.96,-0.15,-0.04,0.18,SH688177
733,2023-02-28,26.63,26.46,26.85,26.23,5415,14354322.0,2.33,-0.64,-0.17,0.13,SH688177
734,2023-03-01,26.28,26.24,26.74,26.13,8335,21988492.0,2.31,-0.83,-0.22,0.2,SH688177
735,2023-03-02,26.21,25.48,26.38,25.25,15383,39340980.0,4.31,-2.9,-0.76,0.37,SH688177
736,2023-03-03,25.53,25.5,25.95,25.36,7506,19203537.0,2.32,0.08,0.02,0.18,SH688177
737,2023-03-06,25.54,25.34,25.91,25.0,10285,26139048.0,3.57,-0.63,-0.16,0.25,SH688177
738,2023-03-07,25.18,25.0,25.65,24.91,8030,20227542.0,2.92,-1.34,-0.34,0.19,SH688177
739,2023-03-08,24.91,25.01,25.12,24.8,5147,12838224.0,1.28,0.04,0.01,0.12,SH688177
740,2023-03-09,25.1,25.28,25.55,25.09,6071,15358797.0,1.84,1.08,0.27,0.15,SH688177
741,2023-03-10,25.07,24.99,25.28,24.78,7043,17586775.0,1.98,-1.15,-0.29,0.17,SH688177
742,2023-03-13,25.2,24.6,25.2,24.31,10520,25886321.0,3.56,-1.56,-0.39,0.25,SH688177
743,2023-03-14,24.4,24.81,25.62,24.4,8476,21188781.0,4.96,0.85,0.21,0.2,SH688177
744,2023-03-15,24.84,24.9,25.72,24.81,7796,19692097.0,3.67,0.36,0.09,0.19,SH688177
745,2023-03-16,24.84,25.22,25.33,24.72,7007,17549524.0,2.45,1.29,0.32,0.17,SH688177
746,2023-03-17,25.5,24.8,26.26,24.54,18771,47321088.0,6.82,-1.67,-0.42,0.45,SH688177
747,2023-03-20,24.77,24.55,24.88,24.02,14631,35720601.0,3.47,-1.01,-0.25,0.35,SH688177
748,2023-03-21,24.54,25.16,25.2,24.43,9732,24290044.0,3.14,2.48,0.61,0.24,SH688177
749,2023-03-22,24.68,26.1,26.26,24.68,14466,37308010.0,6.28,3.74,0.94,0.35,SH688177
750,2023-03-23,25.8,25.58,26.28,25.33,11791,30280933.0,3.64,-1.99,-0.52,0.28,SH688177
751,2023-03-24,25.8,25.94,26.18,25.58,7689,19884232.0,2.35,1.41,0.36,0.19,SH688177
752,2023-03-27,25.68,25.84,26.41,25.68,8092,21085610.0,2.81,-0.39,-0.1,0.2,SH688177
753,2023-03-28,25.85,25.29,25.86,25.26,4762,12147372.0,2.32,-2.13,-0.55,0.12,SH688177
754,2023-03-29,25.5,24.94,25.5,24.84,6993,17477320.0,2.61,-1.38,-0.35,0.17,SH688177
755,2023-03-30,24.95,24.91,25.18,24.66,5238,13052591.0,2.09,-0.12,-0.03,0.13,SH688177
756,2023-03-31,25.05,24.91,25.18,24.72,5626,14036443.0,1.85,0.0,0.0,0.14,SH688177
757,2023-04-03,25.0,24.65,25.25,24.4,7262,17928717.0,3.41,-1.04,-0.26,0.18,SH688177
758,2023-04-04,24.7,24.71,24.77,24.28,8442,20693767.0,1.99,0.24,0.06,0.2,SH688177
759,2023-04-06,24.71,25.0,25.3,24.69,8331,20838337.0,2.47,1.17,0.29,0.2,SH688177
760,2023-04-07,25.0,26.59,27.08,24.95,20817,55104078.0,8.52,6.36,1.59,0.5,SH688177
761,2023-04-10,26.8,27.45,28.25,26.8,25218,69935795.0,5.45,3.23,0.86,0.61,SH688177
762,2023-04-11,27.61,27.46,28.11,27.05,11673,32122531.0,3.86,0.04,0.01,0.28,SH688177
763,2023-04-12,27.6,27.72,28.33,27.47,13890,38717797.0,3.13,0.95,0.26,0.34,SH688177
764,2023-04-13,27.72,29.15,29.49,27.53,35147,101246224.0,7.07,5.16,1.43,0.85,SH688177
765,2023-04-14,29.29,31.17,31.42,29.29,59406,181942727.0,7.31,6.93,2.02,1.43,SH688177
766,2023-04-17,31.02,30.31,31.88,29.91,25011,76650289.0,6.32,-2.76,-0.86,0.6,SH688177
767,2023-04-18,30.72,30.4,30.8,29.91,14597,44283358.0,2.94,0.3,0.09,0.35,SH688177
768,2023-04-19,30.1,29.61,30.6,29.5,12920,38706905.0,3.62,-2.6,-0.79,0.31,SH688177
769,2023-04-20,29.51,29.07,29.77,28.8,11454,33387462.0,3.28,-1.82,-0.54,0.28,SH688177
770,2023-04-21,29.22,28.42,29.22,28.27,12781,36621245.0,3.27,-2.24,-0.65,0.31,SH688177
771,2023-04-24,28.44,28.38,28.99,28.01,15045,42867611.0,3.45,-0.14,-0.04,0.36,SH688177
772,2023-04-25,28.33,27.81,28.53,27.32,10593,29414360.0,4.26,-2.01,-0.57,0.26,SH688177
773,2023-04-26,27.78,27.85,28.64,27.62,12211,34216833.0,3.67,0.14,0.04,0.29,SH688177
774,2023-04-27,27.85,26.16,28.0,25.42,29045,76408491.0,9.26,-6.07,-1.69,0.7,SH688177
775,2023-04-28,26.01,29.11,29.83,26.01,39030,109559022.0,14.6,11.28,2.95,0.94,SH688177
776,2023-05-04,30.0,31.2,31.6,30.0,42269,130381386.0,5.5,7.18,2.09,1.02,SH688177
777,2023-05-05,30.95,30.03,31.02,29.85,24446,73790554.0,3.75,-3.75,-1.17,0.59,SH688177
778,2023-05-08,30.3,29.75,30.3,28.72,17550,51448612.0,5.26,-0.93,-0.28,0.42,SH688177
779,2023-05-09,29.54,26.19,29.7,25.93,43826,118692897.0,12.67,-11.97,-3.56,1.06,SH688177
780,2023-05-10,26.05,25.16,26.27,24.62,28265,71221542.0,6.3,-3.93,-1.03,0.68,SH688177
781,2023-05-11,25.34,26.55,27.18,25.15,27883,73709138.0,8.07,5.52,1.39,0.67,SH688177
782,2023-05-12,26.44,26.57,27.08,26.14,10558,28065501.0,3.54,0.08,0.02,0.25,SH688177
783,2023-05-15,26.66,28.45,28.55,26.39,28897,80957776.0,8.13,7.08,1.88,0.7,SH688177
784,2023-05-16,28.58,30.65,31.23,28.53,59983,183076265.0,9.49,7.73,2.2,1.45,SH688177
785,2023-05-17,30.25,30.29,30.94,30.1,19185,58423412.0,2.74,-1.17,-0.36,0.46,SH688177
786,2023-05-18,30.09,29.9,30.67,29.72,13877,41697457.0,3.14,-1.29,-0.39,0.34,SH688177
787,2023-05-19,29.8,29.31,29.98,29.17,13695,40325707.0,2.71,-1.97,-0.59,0.33,SH688177
788,2023-05-22,29.43,29.0,29.72,28.47,17878,51560737.0,4.26,-1.06,-0.31,0.43,SH688177
789,2023-05-23,29.0,31.4,32.27,29.0,60103,188132657.0,11.28,8.28,2.4,1.45,SH688177
790,2023-05-24,30.82,29.56,31.0,28.82,46535,137753345.0,6.94,-5.86,-1.84,1.12,SH688177
791,2023-05-25,29.7,29.91,30.35,29.0,19137,56656315.0,4.57,1.18,0.35,0.46,SH688177
792,2023-05-26,30.12,30.17,30.82,29.68,15931,48238816.0,3.81,0.87,0.26,0.38,SH688177
793,2023-05-29,30.17,29.6,30.56,29.45,15159,45232867.0,3.68,-1.89,-0.57,0.37,SH688177
794,2023-05-30,29.56,30.09,30.68,29.0,19039,57353378.0,5.68,1.66,0.49,0.46,SH688177
795,2023-05-31,30.09,29.34,30.62,29.28,26530,79511424.0,4.45,-2.49,-0.75,0.64,SH688177
796,2023-06-01,29.33,29.6,30.24,29.15,16199,48382401.0,3.72,0.89,0.26,0.39,SH688177
797,2023-06-02,29.85,29.26,29.85,29.02,11490,33667485.0,2.8,-1.15,-0.34,0.28,SH688177
798,2023-06-05,29.27,28.35,29.37,28.23,17607,50319421.0,3.9,-3.11,-0.91,0.43,SH688177
799,2023-06-06,28.35,26.95,28.35,26.8,22867,62905949.0,5.47,-4.94,-1.4,0.55,SH688177
800,2023-06-07,26.9,27.24,27.42,26.76,20078,54427091.0,2.45,1.08,0.29,0.48,SH688177
801,2023-06-08,27.65,25.91,27.65,25.6,26678,69686522.0,7.53,-4.88,-1.33,0.64,SH688177
802,2023-06-09,25.9,25.61,26.3,25.52,15341,39564012.0,3.01,-1.16,-0.3,0.37,SH688177
803,2023-06-12,25.9,26.33,26.78,25.66,25818,68105594.0,4.37,2.81,0.72,0.62,SH688177
804,2023-06-13,26.34,26.34,26.84,25.74,13777,36214363.0,4.18,0.04,0.01,0.33,SH688177
805,2023-06-14,26.37,26.65,26.94,26.16,9870,26271423.0,2.96,1.18,0.31,0.24,SH688177
806,2023-06-15,26.63,26.92,27.1,26.31,9788,26202456.0,2.96,1.01,0.27,0.24,SH688177
807,2023-06-16,26.97,26.38,27.3,26.23,11681,31140067.0,3.97,-2.01,-0.54,0.28,SH688177
808,2023-06-19,26.12,26.42,26.86,26.1,9672,25587172.0,2.88,0.15,0.04,0.23,SH688177
809,2023-06-20,26.16,26.38,26.8,25.8,21385,56362153.0,3.79,-0.15,-0.04,0.52,SH688177
810,2023-06-21,26.42,25.92,26.96,25.9,26862,70677368.0,4.02,-1.74,-0.46,0.65,SH688177
811,2023-06-26,25.81,25.85,26.0,25.0,12811,32748172.0,3.86,-0.27,-0.07,0.31,SH688177
812,2023-06-27,25.92,26.01,26.2,25.6,7679,19950769.0,2.32,0.62,0.16,0.19,SH688177
813,2023-06-28,26.03,26.29,27.09,25.86,11244,29580785.0,4.73,1.08,0.28,0.27,SH688177
814,2023-06-29,26.29,26.14,26.38,25.93,9490,24799754.0,1.71,-0.57,-0.15,0.23,SH688177
815,2023-06-30,25.93,26.71,27.12,25.93,9700,25875943.0,4.55,2.18,0.57,0.23,SH688177
816,2023-07-03,27.11,26.69,27.18,26.23,9203,24465026.0,3.56,-0.07,-0.02,0.22,SH688177
817,2023-07-04,26.51,27.74,27.98,26.01,29732,80791181.0,7.38,3.93,1.05,0.72,SH688177
818,2023-07-05,27.94,27.99,29.0,27.51,24880,70287297.0,5.37,0.9,0.25,0.6,SH688177
819,2023-07-06,27.79,28.54,28.67,27.6,13400,37876514.0,3.82,1.96,0.55,0.32,SH688177
820,2023-07-07,28.3,28.82,29.1,28.3,10487,30200134.0,2.8,0.98,0.28,0.25,SH688177
821,2023-07-10,28.8,30.23,30.56,28.8,27235,82002378.0,6.11,4.89,1.41,0.66,SH688177
822,2023-07-11,30.24,30.27,30.5,29.99,14549,43975931.0,1.69,0.13,0.04,0.35,SH688177
823,2023-07-12,30.06,29.59,30.28,29.45,13170,39224326.0,2.74,-2.25,-0.68,0.32,SH688177
824,2023-07-13,29.5,29.3,30.24,29.1,13267,39372512.0,3.85,-0.98,-0.29,0.32,SH688177
825,2023-07-14,29.49,29.1,29.82,28.9,5116,14983818.0,3.14,-0.68,-0.2,0.12,SH688177
826,2023-07-17,29.13,28.66,29.53,28.5,8995,25851897.0,3.54,-1.51,-0.44,0.22,SH688177
827,2023-07-18,28.59,28.39,28.81,28.16,7443,21139830.0,2.27,-0.94,-0.27,0.18,SH688177
828,2023-07-19,28.59,28.2,29.57,28.08,11531,33210433.0,5.25,-0.67,-0.19,0.28,SH688177
829,2023-07-20,28.28,27.95,28.51,27.83,5175,14593560.0,2.41,-0.89,-0.25,0.12,SH688177
830,2023-07-21,28.13,28.85,29.02,27.89,10627,30400116.0,4.04,3.22,0.9,0.26,SH688177
831,2023-07-24,29.21,29.71,30.53,28.85,14547,43288781.0,5.82,2.98,0.86,0.35,SH688177
832,2023-07-25,29.71,29.63,30.21,29.12,9593,28281517.0,3.67,-0.27,-0.08,0.23,SH688177
833,2023-07-26,29.18,28.98,29.65,28.94,11998,35054307.0,2.4,-2.19,-0.65,0.29,SH688177
834,2023-07-27,28.82,28.27,28.82,28.19,7201,20489159.0,2.17,-2.45,-0.71,0.17,SH688177
835,2023-07-28,28.27,29.41,29.5,28.05,10072,29142709.0,5.13,4.03,1.14,0.24,SH688177
836,2023-07-31,29.6,28.57,29.66,28.06,12756,36491273.0,5.44,-2.86,-0.84,0.31,SH688177
837,2023-08-01,28.8,27.99,29.15,27.93,10697,30307037.0,4.27,-2.03,-0.58,0.26,SH688177
838,2023-08-02,27.99,26.91,28.02,26.63,18192,49201335.0,4.97,-3.86,-1.08,0.44,SH688177
839,2023-08-03,26.91,28.06,28.19,26.52,16337,45198541.0,6.21,4.27,1.15,0.39,SH688177
840,2023-08-04,28.39,27.61,28.55,27.57,6552,18295127.0,3.49,-1.6,-0.45,0.16,SH688177
841,2023-08-07,27.59,26.0,27.59,25.66,19403,50841317.0,6.99,-5.83,-1.61,0.47,SH688177
842,2023-08-08,25.9,25.97,26.3,25.71,10786,28058987.0,2.27,-0.12,-0.03,0.26,SH688177
843,2023-08-09,25.96,25.69,26.55,25.5,11424,29669379.0,4.04,-1.08,-0.28,0.28,SH688177
844,2023-08-10,25.8,26.41,26.52,25.25,13090,34025530.0,4.94,2.8,0.72,0.32,SH688177
845,2023-08-11,26.41,26.27,26.88,26.15,6367,16819370.0,2.76,-0.53,-0.14,0.15,SH688177
846,2023-08-14,26.11,25.9,26.32,25.54,10843,27973687.0,2.97,-1.41,-0.37,0.26,SH688177
847,2023-08-15,25.78,25.82,26.38,25.5,11972,30879015.0,3.4,-0.31,-0.08,0.29,SH688177
848,2023-08-16,25.51,25.33,26.26,25.3,6636,17134448.0,3.72,-1.9,-0.49,0.16,SH688177
849,2023-08-17,25.66,25.95,25.95,24.77,11044,27931960.0,4.66,2.45,0.62,0.27,SH688177
850,2023-08-18,25.81,26.9,27.65,25.81,33006,89474770.0,7.09,3.66,0.95,0.8,SH688177
851,2023-08-21,27.08,26.41,27.08,25.77,19534,51366447.0,4.87,-1.82,-0.49,0.47,SH688177
852,2023-08-22,26.6,27.49,27.52,26.28,15863,42693182.0,4.7,4.09,1.08,0.38,SH688177
853,2023-08-23,27.48,27.45,27.85,27.22,18664,51342722.0,2.29,-0.15,-0.04,0.45,SH688177
854,2023-08-24,27.67,26.96,27.67,26.48,20202,54433614.0,4.34,-1.79,-0.49,0.49,SH688177
855,2023-08-25,27.11,27.44,28.33,26.7,19656,54626471.0,6.05,1.78,0.48,0.47,SH688177
856,2023-08-28,29.62,27.63,29.63,27.55,13491,37902348.0,7.58,0.69,0.19,0.33,SH688177
857,2023-08-29,27.28,28.05,28.79,26.87,17492,49145558.0,6.95,1.52,0.42,0.42,SH688177
858,2023-08-30,27.81,28.31,28.76,27.81,7826,22260239.0,3.39,0.93,0.26,0.19,SH688177
859,2023-08-31,28.3,27.88,28.39,27.53,9756,27202877.0,3.04,-1.52,-0.43,0.24,SH688177
860,2023-09-01,28.3,28.13,28.38,27.72,7280,20494053.0,2.37,0.9,0.25,0.18,SH688177
861,2023-09-04,28.29,27.48,28.5,27.4,8456,23360957.0,3.91,-2.31,-0.65,0.2,SH688177
862,2023-09-05,27.54,27.22,27.61,27.1,5219,14254360.0,1.86,-0.95,-0.26,0.13,SH688177
863,2023-09-06,27.26,27.44,27.69,26.8,7373,20140835.0,3.27,0.81,0.22,0.18,SH688177
864,2023-09-07,27.45,27.42,27.61,27.05,6017,16493784.0,2.04,-0.07,-0.02,0.15,SH688177
865,2023-09-08,27.4,27.48,27.52,27.22,4098,11228234.0,1.09,0.22,0.06,0.1,SH688177
866,2023-09-11,27.34,28.68,28.99,27.34,13683,39075644.0,6.0,4.37,1.2,0.33,SH688177
867,2023-09-12,28.68,28.75,28.88,28.31,5709,16331232.0,1.99,0.24,0.07,0.14,SH688177
868,2023-09-13,28.64,28.68,29.6,28.41,9311,27044951.0,4.14,-0.24,-0.07,0.22,SH688177
869,2023-09-14,28.68,29.82,30.3,28.67,22511,66743983.0,5.68,3.97,1.14,0.54,SH688177
870,2023-09-15,30.0,31.08,31.29,29.91,27986,86351433.0,4.63,4.23,1.26,0.68,SH688177
871,2023-09-18,30.8,32.6,32.74,30.8,51397,166227301.0,6.24,4.89,1.52,1.24,SH688177
872,2023-09-19,32.49,31.75,33.33,31.65,22102,70876203.0,5.15,-2.61,-0.85,0.53,SH688177
873,2023-09-20,31.59,31.83,32.31,31.5,18585,59238563.0,2.55,0.25,0.08,0.45,SH688177
874,2023-09-21,31.75,31.4,32.09,31.01,18316,57424259.0,3.39,-1.35,-0.43,0.44,SH688177
875,2023-09-22,31.24,31.23,31.95,30.64,15915,49411223.0,4.17,-0.54,-0.17,0.38,SH688177
876,2023-09-25,31.55,31.35,32.1,31.15,13347,42173152.0,3.04,0.38,0.12,0.32,SH688177
877,2023-09-26,31.43,31.26,31.5,31.0,9069,28352507.0,1.59,-0.29,-0.09,0.22,SH688177
878,2023-09-27,31.58,31.73,31.85,31.03,12644,39819656.0,2.62,1.5,0.47,0.31,SH688177
879,2023-09-28,31.47,31.22,31.85,31.03,15301,48023309.0,2.58,-1.61,-0.51,0.37,SH688177
880,2023-10-09,32.78,31.61,34.31,31.36,56844,185645343.0,9.45,1.25,0.39,1.37,SH688177
881,2023-10-10,31.95,31.51,32.55,30.81,21942,69708452.0,5.5,-0.32,-0.1,0.53,SH688177
882,2023-10-11,31.5,31.65,32.07,30.9,20177,63640686.0,3.71,0.44,0.14,0.49,SH688177
883,2023-10-12,32.07,31.8,32.07,31.12,16885,53302800.0,3.0,0.47,0.15,0.41,SH688177
884,2023-10-13,31.3,32.21,32.55,31.3,20581,66150425.0,3.93,1.29,0.41,0.5,SH688177
885,2023-10-16,32.25,31.42,32.5,31.29,15147,48134349.0,3.76,-2.45,-0.79,0.37,SH688177
886,2023-10-17,31.13,31.33,31.53,30.26,18374,56574632.0,4.04,-0.29,-0.09,0.44,SH688177
887,2023-10-18,31.69,30.7,31.77,30.53,9649,29752094.0,3.96,-2.01,-0.63,0.23,SH688177
888,2023-10-19,30.7,30.4,30.97,29.93,13499,41009438.0,3.39,-0.98,-0.3,0.33,SH688177
889,2023-10-20,30.5,29.94,31.84,29.9,15402,47106553.0,6.38,-1.51,-0.46,0.37,SH688177
890,2023-10-23,29.66,29.74,30.24,28.99,11217,33324892.0,4.18,-0.67,-0.2,0.27,SH688177
891,2023-10-24,29.6,30.47,31.38,28.75,19962,60658415.0,8.84,2.45,0.73,0.48,SH688177
892,2023-10-25,31.49,31.88,32.19,29.8,25163,78922692.0,7.84,4.63,1.41,0.61,SH688177
893,2023-10-26,32.0,33.75,34.32,31.52,34974,115837333.0,8.78,5.87,1.87,0.84,SH688177
894,2023-10-27,33.69,34.82,35.3,32.81,36126,123408549.0,7.38,3.17,1.07,0.87,SH688177
895,2023-10-30,35.5,37.46,39.35,35.28,61534,232917103.0,11.69,7.58,2.64,1.49,SH688177
896,2023-10-31,37.8,38.11,39.16,36.8,35201,133887793.0,6.3,1.74,0.65,0.85,SH688177
897,2023-11-01,37.89,37.85,38.26,36.36,37010,137617415.0,4.99,-0.68,-0.26,0.89,SH688177
898,2023-11-02,38.12,37.75,38.72,37.68,16669,63403288.0,2.75,-0.26,-0.1,0.4,SH688177
899,2023-11-03,37.65,36.72,38.28,36.59,18111,67165902.0,4.48,-2.73,-1.03,0.44,SH688177
900,2023-11-06,37.77,37.89,38.5,37.21,26337,100032166.0,3.51,3.19,1.17,0.64,SH688177
901,2023-11-07,37.49,36.66,37.65,36.42,32152,118583237.0,3.25,-3.25,-1.23,0.78,SH688177
902,2023-11-08,36.88,36.63,37.52,36.37,25329,93204438.0,3.14,-0.08,-0.03,0.61,SH688177
903,2023-11-09,37.73,37.15,39.2,36.71,34701,130169782.0,6.8,1.42,0.52,0.84,SH688177
904,2023-11-10,36.7,36.83,37.15,35.82,19881,72787259.0,3.58,-0.86,-0.32,0.48,SH688177
905,2023-11-13,36.54,36.21,37.35,35.71,19823,71675533.0,4.45,-1.68,-0.62,0.48,SH688177
906,2023-11-14,36.7,36.69,36.96,35.93,13716,50129526.0,2.84,1.33,0.48,0.33,SH688177
907,2023-11-15,37.32,36.93,38.18,36.1,19191,70882178.0,5.67,0.65,0.24,0.46,SH688177
908,2023-11-16,36.66,36.42,37.13,36.34,11422,41793073.0,2.14,-1.38,-0.51,0.28,SH688177
909,2023-11-17,36.21,38.15,38.32,36.21,24726,93402793.0,5.79,4.75,1.73,0.6,SH688177
910,2023-11-20,38.1,38.15,38.84,37.8,19464,74441239.0,2.73,0.0,0.0,0.47,SH688177
911,2023-11-21,38.6,38.41,38.94,37.88,14804,56664503.0,2.78,0.68,0.26,0.36,SH688177
912,2023-11-22,38.1,38.91,39.6,38.1,26851,104650896.0,3.91,1.3,0.5,0.65,SH688177
913,2023-11-23,38.7,39.79,40.06,38.52,14983,59000155.0,3.96,2.26,0.88,0.36,SH688177
914,2023-11-24,39.63,40.1,40.86,39.3,20924,83923913.0,3.92,0.78,0.31,0.51,SH688177
915,2023-11-27,39.98,41.3,41.97,39.63,26620,108016023.0,5.84,2.99,1.2,0.64,SH688177
916,2023-11-28,41.01,40.42,42.16,40.13,25728,105565376.0,4.92,-2.13,-0.88,0.62,SH688177
917,2023-11-29,40.34,41.38,42.03,40.3,26152,108497780.0,4.28,2.38,0.96,0.63,SH688177
918,2023-11-30,41.3,41.43,41.75,40.06,24720,101216025.0,4.08,0.12,0.05,0.6,SH688177
919,2023-12-01,42.14,43.69,44.09,42.14,37766,163458952.0,4.71,5.45,2.26,0.91,SH688177
920,2023-12-04,43.3,43.22,43.97,40.97,31481,135138011.0,6.87,-1.08,-0.47,0.76,SH688177
921,2023-12-05,43.0,44.3,44.88,42.69,27302,119724962.0,5.07,2.5,1.08,0.66,SH688177
922,2023-12-06,43.97,44.92,45.46,42.9,30155,133366200.0,5.78,1.4,0.62,0.73,SH688177
923,2023-12-07,44.98,42.6,47.46,41.69,63575,285143299.0,12.85,-5.16,-2.32,1.54,SH688177
924,2023-12-08,42.88,44.42,44.9,42.7,57228,250989217.0,5.16,4.27,1.82,1.38,SH688177
925,2023-12-11,44.02,42.88,44.95,41.88,47161,202471313.0,6.91,-3.47,-1.54,1.14,SH688177
926,2023-12-12,43.87,44.99,46.08,43.12,59682,264508504.0,6.9,4.92,2.11,1.44,SH688177
927,2023-12-13,44.34,43.14,44.34,42.62,25209,109094310.0,3.82,-4.11,-1.85,0.61,SH688177
928,2023-12-14,43.29,43.14,43.7,42.28,17397,74850285.0,3.29,0.0,0.0,0.42,SH688177
929,2023-12-15,43.44,42.2,43.48,41.8,13881,58809363.0,3.89,-2.18,-0.94,0.34,SH688177
930,2023-12-18,42.55,42.02,42.58,41.76,12178,51343846.0,1.94,-0.43,-0.18,0.29,SH688177
931,2023-12-19,42.02,41.78,42.26,41.08,15108,62808951.0,2.81,-0.57,-0.24,0.36,SH688177
932,2023-12-20,42.22,41.18,42.22,41.14,10181,42325154.0,2.58,-1.44,-0.6,0.25,SH688177
933,2023-12-21,40.95,40.9,41.38,40.3,14457,58915576.0,2.62,-0.68,-0.28,0.35,SH688177
934,2023-12-22,40.9,39.74,41.32,39.49,20360,81705516.0,4.47,-2.84,-1.16,0.49,SH688177
935,2023-12-25,39.74,40.4,40.96,39.52,12986,52406010.0,3.62,1.66,0.66,0.31,SH688177
936,2023-12-26,40.88,40.8,42.3,40.23,23865,98571215.0,5.12,0.99,0.4,0.58,SH688177
937,2023-12-27,40.81,41.04,41.68,40.01,16041,65877251.0,4.09,0.59,0.24,0.39,SH688177
938,2023-12-28,41.04,39.38,41.12,39.0,27757,110119017.0,5.17,-4.04,-1.66,0.67,SH688177
939,2023-12-29,39.4,41.24,41.54,39.4,24429,99782582.0,5.43,4.72,1.86,0.59,SH688177
940,2024-01-02,41.92,41.14,41.92,39.6,18380,75019891.0,5.63,-0.24,-0.1,0.44,SH688177
941,2024-01-03,40.9,39.97,41.43,39.56,15087,60890729.0,4.55,-2.84,-1.17,0.36,SH688177
942,2024-01-04,40.68,39.9,40.68,39.12,8976,35626749.0,3.9,-0.18,-0.07,0.22,SH688177
943,2024-01-05,39.85,38.4,39.85,38.1,16718,64592736.0,4.39,-3.76,-1.5,0.4,SH688177
944,2024-01-08,38.09,37.78,39.28,37.41,12685,47916864.0,4.87,-1.61,-0.62,0.31,SH688177
945,2024-01-09,38.05,38.61,39.28,37.27,15646,60227324.0,5.32,2.2,0.83,0.38,SH688177
946,2024-01-10,38.43,37.97,38.77,37.9,9135,35062709.0,2.25,-1.66,-0.64,0.22,SH688177
947,2024-01-11,38.58,38.82,39.09,37.51,10410,40270453.0,4.16,2.24,0.85,0.25,SH688177
948,2024-01-12,38.69,38.03,39.38,38.01,8351,32105115.0,3.53,-2.04,-0.79,0.2,SH688177
949,2024-01-15,37.61,37.7,38.62,37.28,9558,36275184.0,3.52,-0.87,-0.33,0.23,SH688177
950,2024-01-16,38.09,37.72,38.95,37.01,16084,60940037.0,5.15,0.05,0.02,0.39,SH688177
951,2024-01-17,37.45,36.7,38.39,36.55,13560,50666731.0,4.88,-2.7,-1.02,0.33,SH688177
952,2024-01-18,37.2,36.85,37.2,35.34,16173,58348421.0,5.07,0.41,0.15,0.39,SH688177
953,2024-01-19,37.32,36.64,37.67,36.56,8310,30798535.0,3.01,-0.57,-0.21,0.2,SH688177
954,2024-01-22,37.17,34.5,37.17,34.1,16859,59477315.0,8.38,-5.84,-2.14,0.41,SH688177
955,2024-01-23,34.44,35.91,36.57,34.44,21971,78545852.0,6.17,4.09,1.41,0.53,SH688177
956,2024-01-24,36.45,35.95,36.5,35.11,13582,48442114.0,3.87,0.11,0.04,0.33,SH688177
957,2024-01-25,35.58,37.34,37.7,35.24,19609,72524684.0,6.84,3.87,1.39,0.47,SH688177
958,2024-01-26,36.86,34.8,37.5,33.89,31563,112302529.0,9.67,-6.8,-2.54,0.76,SH688177
959,2024-01-29,35.08,34.2,36.1,34.1,18205,63536107.0,5.75,-1.72,-0.6,0.44,SH688177
960,2024-01-30,34.49,33.13,34.49,32.9,14759,49419120.0,4.65,-3.13,-1.07,0.36,SH688177
961,2024-01-31,33.68,32.19,34.0,31.91,13761,45076316.0,6.31,-2.84,-0.94,0.33,SH688177
962,2024-02-01,31.99,32.11,32.7,31.01,12745,40694007.0,5.25,-0.25,-0.08,0.31,SH688177
