,date,open,close,high,low,volume,amount,amplitude,pct_chg,change,turnover_rate,symbol
0,2012-02-17,16.9,14.73,16.98,14.66,203462,316359152.0,21.09,33.91,3.73,84.78,SZ002655
1,2012-02-20,14.55,15.3,15.45,14.25,124008,186218517.0,8.15,3.87,0.57,51.67,SZ002655
2,2012-02-21,15.2,15.87,16.3,15.2,116153,183613113.0,7.19,3.73,0.57,48.4,SZ002655
3,2012-02-22,15.71,16.64,16.8,15.45,106735,170718058.0,8.51,4.85,0.77,44.47,SZ002655
4,2012-02-23,16.81,16.65,17.28,16.34,116430,195737587.0,5.65,0.06,0.01,48.51,SZ002655
5,2012-02-24,16.62,16.71,16.89,16.38,54877,91375980.0,3.06,0.36,0.06,22.87,SZ002655
6,2012-02-27,16.68,16.65,17.25,16.51,75574,127444350.0,4.43,-0.36,-0.06,31.49,SZ002655
7,2012-02-28,16.4,16.03,16.48,15.8,56084,90339155.0,4.08,-3.72,-0.62,23.37,SZ002655
8,2012-02-29,15.92,15.73,16.35,15.72,41616,66608306.0,3.93,-1.87,-0.3,17.34,SZ002655
9,2012-03-01,15.73,17.3,17.3,15.66,75194,125426392.0,10.43,9.98,1.57,31.33,SZ002655
10,2012-03-02,17.9,18.31,18.6,17.58,137219,247383017.0,5.9,5.84,1.01,57.17,SZ002655
11,2012-03-05,18.3,19.3,19.82,18.18,118506,223902403.0,8.96,5.41,0.99,49.38,SZ002655
12,2012-03-06,19.01,19.1,19.25,18.68,68333,129343219.0,2.95,-1.04,-0.2,28.47,SZ002655
13,2012-03-07,19.0,18.6,20.33,18.57,99457,193262645.0,9.21,-2.62,-0.5,41.44,SZ002655
14,2012-03-08,18.45,18.95,18.96,18.28,67105,124897011.0,3.66,1.88,0.35,27.96,SZ002655
15,2012-03-09,19.01,19.25,19.66,18.8,68207,131023811.0,4.54,1.58,0.3,28.42,SZ002655
16,2012-03-12,19.09,19.48,19.5,18.73,53639,102680588.0,4.0,1.19,0.23,22.35,SZ002655
17,2012-03-13,19.35,21.39,21.43,19.35,125000,261200357.0,10.68,9.8,1.91,52.08,SZ002655
18,2012-03-14,20.82,19.92,21.31,19.41,99091,203782485.0,8.88,-6.87,-1.47,41.29,SZ002655
19,2012-03-15,20.2,21.02,21.3,20.01,92023,189886114.0,6.48,5.52,1.1,38.34,SZ002655
20,2012-03-16,20.68,19.86,20.89,18.92,77384,153362602.0,9.37,-5.52,-1.16,32.24,SZ002655
21,2012-03-19,19.5,19.55,19.77,18.6,44904,85892425.0,5.89,-1.56,-0.31,18.71,SZ002655
22,2012-03-20,19.38,18.79,19.94,18.79,38243,74236424.0,5.88,-3.89,-0.76,15.93,SZ002655
23,2012-03-21,18.88,17.78,18.9,17.2,53800,96074498.0,9.05,-5.38,-1.01,22.42,SZ002655
24,2012-03-22,17.69,17.67,18.25,17.15,32577,57704052.0,6.19,-0.62,-0.11,13.57,SZ002655
25,2012-03-23,17.69,17.92,18.17,17.51,28050,50142040.0,3.74,1.41,0.25,11.69,SZ002655
26,2012-03-26,17.8,17.54,17.92,17.23,18765,32811333.0,3.85,-2.12,-0.38,7.82,SZ002655
27,2012-03-27,17.78,17.66,18.35,17.53,30324,54569871.0,4.68,0.68,0.12,12.64,SZ002655
28,2012-03-28,17.4,16.6,17.4,16.5,31647,53029117.0,5.1,-6.0,-1.06,13.19,SZ002655
29,2012-03-29,16.39,16.22,16.89,15.9,18154,29745049.0,5.96,-2.29,-0.38,7.56,SZ002655
30,2012-03-30,16.32,15.53,16.43,15.37,19657,30915453.0,6.54,-4.25,-0.69,8.19,SZ002655
31,2012-04-05,15.23,16.21,16.21,15.14,23903,37872936.0,6.89,4.38,0.68,9.96,SZ002655
32,2012-04-06,16.18,16.49,16.83,16.06,28399,46795442.0,4.75,1.73,0.28,11.83,SZ002655
33,2012-04-09,16.2,15.56,16.44,15.5,21061,33671037.0,5.7,-5.64,-0.93,8.78,SZ002655
34,2012-04-10,15.4,17.12,17.12,15.21,36018,58570043.0,12.28,10.03,1.56,15.01,SZ002655
35,2012-04-11,17.12,17.17,17.5,16.9,55354,95075327.0,3.5,0.29,0.05,23.06,SZ002655
36,2012-04-12,17.17,17.36,17.39,16.7,36277,61827607.0,4.02,1.11,0.19,15.12,SZ002655
37,2012-04-13,17.2,17.13,17.36,17.0,30322,52086796.0,2.07,-1.32,-0.23,12.63,SZ002655
38,2012-04-16,17.11,17.0,17.24,16.79,17829,30270486.0,2.63,-0.76,-0.13,7.43,SZ002655
39,2012-04-17,16.92,16.8,17.07,16.56,17729,29744955.0,3.0,-1.18,-0.2,7.39,SZ002655
40,2012-04-18,16.8,17.28,17.42,16.7,28055,48126232.0,4.29,2.86,0.48,11.69,SZ002655
41,2012-04-19,17.25,17.65,17.68,17.0,31642,55000097.0,3.94,2.14,0.37,13.18,SZ002655
42,2012-04-20,17.6,18.33,18.94,17.35,49960,90021516.0,9.01,3.85,0.68,20.82,SZ002655
43,2012-04-23,17.79,17.47,18.19,16.98,41133,72549354.0,6.6,-4.69,-0.86,17.14,SZ002655
44,2012-04-24,17.05,16.65,17.59,16.26,20396,34450071.0,7.61,-4.69,-0.82,8.5,SZ002655
45,2012-04-25,16.63,16.49,16.95,16.31,16336,27137970.0,3.84,-0.96,-0.16,6.81,SZ002655
46,2012-04-26,16.7,16.78,16.9,16.41,14630,24407221.0,2.97,1.76,0.29,6.1,SZ002655
47,2012-05-02,16.78,17.27,17.5,16.34,27246,46486117.0,6.91,2.92,0.49,11.35,SZ002655
48,2012-05-03,17.19,17.19,17.38,16.9,14655,25060939.0,2.78,-0.46,-0.08,6.11,SZ002655
49,2012-05-04,17.1,17.44,18.0,17.04,22037,38877634.0,5.58,1.45,0.25,9.18,SZ002655
50,2012-05-07,17.14,17.63,17.84,17.12,18134,31758935.0,4.13,1.09,0.19,7.56,SZ002655
51,2012-05-08,17.77,17.67,17.96,17.38,22140,39137475.0,3.29,0.23,0.04,9.23,SZ002655
52,2012-05-09,17.42,17.21,17.65,17.1,18132,31448575.0,3.11,-2.6,-0.46,7.56,SZ002655
53,2012-05-10,17.17,17.33,17.48,16.88,14428,24949118.0,3.49,0.7,0.12,6.01,SZ002655
54,2012-05-11,17.22,17.0,17.45,16.96,9481,16365268.0,2.83,-1.9,-0.33,3.95,SZ002655
55,2012-05-14,17.06,16.28,17.14,16.27,21313,35255287.0,5.12,-4.24,-0.72,8.88,SZ002655
56,2012-05-15,16.02,16.3,16.48,16.0,7576,12311765.0,2.95,0.12,0.02,3.16,SZ002655
57,2012-05-16,16.12,16.07,16.4,16.07,6334,10295962.0,2.02,-1.41,-0.23,2.64,SZ002655
58,2012-05-17,15.95,15.85,15.99,15.5,25289,39946719.0,3.05,-1.37,-0.22,8.43,SZ002655
59,2012-05-18,15.58,15.66,15.86,14.27,16642,25754635.0,10.03,-1.2,-0.19,5.55,SZ002655
60,2012-05-21,15.65,14.98,15.67,14.83,17346,26183560.0,5.36,-4.34,-0.68,5.78,SZ002655
61,2012-05-22,15.02,15.44,15.45,15.0,24135,36804363.0,3.0,3.07,0.46,8.04,SZ002655
62,2012-05-23,15.27,15.1,15.44,14.95,16848,25666286.0,3.17,-2.2,-0.34,5.62,SZ002655
63,2012-05-24,15.0,15.08,15.38,15.0,12904,19585759.0,2.52,-0.13,-0.02,4.3,SZ002655
64,2012-05-25,15.0,14.85,15.35,14.83,11958,18077651.0,3.45,-1.53,-0.23,3.99,SZ002655
65,2012-05-28,14.6,14.84,15.05,14.31,7868,11475591.0,4.98,-0.07,-0.01,2.62,SZ002655
66,2012-05-29,14.84,15.2,15.39,14.71,13443,20412543.0,4.58,2.43,0.36,4.48,SZ002655
67,2012-05-30,15.2,15.66,16.0,15.2,26630,41673480.0,5.26,3.03,0.46,8.88,SZ002655
68,2012-05-31,15.38,16.43,16.45,15.37,40906,65908358.0,6.9,4.92,0.77,13.64,SZ002655
69,2012-06-01,16.25,16.14,16.59,15.9,24897,40590945.0,4.2,-1.77,-0.29,8.3,SZ002655
70,2012-06-04,15.95,15.9,16.4,15.68,23170,37291999.0,4.46,-1.49,-0.24,7.72,SZ002655
71,2012-06-05,16.12,15.66,16.12,15.5,9704,15276158.0,3.9,-1.51,-0.24,3.23,SZ002655
72,2012-06-06,15.7,15.4,15.75,15.16,7054,10928149.0,3.77,-1.66,-0.26,2.35,SZ002655
73,2012-06-07,15.46,15.2,15.69,15.12,5843,8971102.0,3.7,-1.3,-0.2,1.95,SZ002655
74,2012-06-08,15.38,15.91,16.33,15.12,32881,52135528.0,7.96,4.67,0.71,10.96,SZ002655
75,2012-06-11,15.8,16.52,16.88,15.71,34597,56858357.0,7.35,3.83,0.61,11.53,SZ002655
76,2012-06-12,16.26,16.28,16.8,16.26,22744,37618325.0,3.27,-1.45,-0.24,7.58,SZ002655
77,2012-06-13,16.32,16.49,16.55,16.1,16412,26828948.0,2.76,1.29,0.21,5.47,SZ002655
78,2012-06-14,16.49,16.2,16.74,16.18,13235,21832819.0,3.4,-1.76,-0.29,4.41,SZ002655
79,2012-06-15,16.06,16.04,16.33,15.8,9283,14902149.0,3.27,-0.99,-0.16,3.09,SZ002655
80,2012-06-18,16.02,17.3,17.64,16.02,51216,88228708.0,10.1,7.86,1.26,17.07,SZ002655
81,2012-06-19,17.02,16.99,17.12,16.83,26495,44977365.0,1.68,-1.79,-0.31,8.83,SZ002655
82,2012-06-20,17.06,17.11,17.49,16.97,18836,32300416.0,3.06,0.71,0.12,6.28,SZ002655
83,2012-06-21,17.15,17.44,18.04,17.01,44357,77529079.0,6.02,1.93,0.33,14.79,SZ002655
84,2012-06-25,17.3,17.08,17.31,16.47,21161,35889944.0,4.82,-2.06,-0.36,7.05,SZ002655
85,2012-06-26,16.9,17.91,17.98,16.62,38348,67366869.0,7.96,4.86,0.83,12.78,SZ002655
86,2012-06-27,17.55,18.5,19.05,17.55,46889,85953017.0,8.38,3.29,0.59,15.63,SZ002655
87,2012-06-28,18.5,18.57,18.95,18.32,27039,50155114.0,3.41,0.38,0.07,9.01,SZ002655
88,2012-06-29,18.3,18.58,19.08,18.03,21118,39090794.0,5.65,0.05,0.01,7.04,SZ002655
89,2012-07-02,18.8,18.93,18.97,18.38,25151,46869892.0,3.18,1.88,0.35,8.38,SZ002655
90,2012-07-03,18.87,19.06,19.6,18.76,27809,52922384.0,4.44,0.69,0.13,9.27,SZ002655
91,2012-07-04,18.99,18.5,19.3,18.4,21238,39828968.0,4.72,-2.94,-0.56,7.08,SZ002655
92,2012-07-05,18.5,18.6,18.75,18.11,15456,28325245.0,3.46,0.54,0.1,5.15,SZ002655
93,2012-07-06,18.61,18.85,18.98,18.13,19398,35836144.0,4.57,1.34,0.25,6.47,SZ002655
94,2012-07-09,18.73,18.25,19.14,18.2,25340,47339878.0,4.99,-3.18,-0.6,8.45,SZ002655
95,2012-07-10,17.99,16.8,17.99,16.44,42775,72552635.0,8.49,-7.95,-1.45,14.26,SZ002655
96,2012-07-11,16.47,16.85,17.15,16.4,11796,19814078.0,4.46,0.3,0.05,3.93,SZ002655
97,2012-07-12,16.98,17.87,18.1,16.73,19716,34133286.0,8.13,6.05,1.02,6.57,SZ002655
98,2012-07-13,17.63,17.65,18.3,17.48,13736,24317087.0,4.59,-1.23,-0.22,4.58,SZ002655
99,2012-07-16,17.65,17.05,17.86,16.86,10606,18041764.0,5.67,-3.4,-0.6,3.54,SZ002655
100,2012-07-17,16.98,17.41,17.53,16.98,7145,12291333.0,3.23,2.11,0.36,2.38,SZ002655
101,2012-07-18,17.3,18.08,18.08,17.12,15456,27213916.0,5.51,3.85,0.67,5.15,SZ002655
102,2012-07-19,17.98,18.2,18.59,17.98,21570,39254793.0,3.37,0.66,0.12,7.19,SZ002655
103,2012-07-20,18.1,17.77,18.19,17.73,8160,14566883.0,2.53,-2.36,-0.43,2.72,SZ002655
104,2012-07-23,17.55,17.49,17.8,17.21,5070,8830722.0,3.32,-1.58,-0.28,1.69,SZ002655
105,2012-07-24,17.5,17.73,18.09,17.31,8061,14150703.0,4.46,1.37,0.24,2.69,SZ002655
106,2012-07-25,17.57,16.99,17.7,16.61,16762,28397372.0,6.15,-4.17,-0.74,5.59,SZ002655
107,2012-07-26,16.9,16.14,17.09,16.11,17700,28895633.0,5.77,-5.0,-0.85,5.9,SZ002655
108,2012-07-27,16.31,15.79,16.4,15.41,11823,18642414.0,6.13,-2.17,-0.35,3.94,SZ002655
109,2012-07-30,15.6,15.39,16.08,15.38,10264,15980545.0,4.43,-2.53,-0.4,3.42,SZ002655
110,2012-07-31,15.39,15.28,15.72,15.13,11795,18020043.0,3.83,-0.71,-0.11,3.93,SZ002655
111,2012-08-01,15.4,15.5,15.72,15.28,13251,20372631.0,2.88,1.44,0.22,4.42,SZ002655
112,2012-08-02,15.5,15.65,15.73,15.3,11825,18273920.0,2.77,0.97,0.15,3.94,SZ002655
113,2012-08-03,15.8,16.32,16.34,15.56,19255,30590010.0,4.98,4.28,0.67,6.42,SZ002655
114,2012-08-06,16.11,16.91,17.0,15.93,27082,44340803.0,6.56,3.62,0.59,9.03,SZ002655
115,2012-08-07,16.78,16.82,17.19,16.62,20605,34676004.0,3.37,-0.53,-0.09,6.87,SZ002655
116,2012-08-08,16.75,16.3,16.75,16.0,14223,23130467.0,4.46,-3.09,-0.52,4.74,SZ002655
117,2012-08-09,16.21,16.55,16.65,16.21,9520,15562065.0,2.7,1.53,0.25,3.17,SZ002655
118,2012-08-10,16.59,16.5,16.84,16.45,10185,16830774.0,2.36,-0.3,-0.05,3.4,SZ002655
119,2012-08-13,16.51,15.98,16.65,15.96,9501,15410240.0,4.18,-3.15,-0.52,3.17,SZ002655
120,2012-08-14,15.8,15.83,16.06,15.33,11201,17422512.0,4.57,-0.94,-0.15,3.73,SZ002655
121,2012-08-15,15.8,15.85,15.9,15.41,9421,14650221.0,3.1,0.13,0.02,3.14,SZ002655
122,2012-08-16,15.98,16.41,16.66,15.85,18795,30601874.0,5.11,3.53,0.56,6.27,SZ002655
123,2012-08-17,16.26,16.47,16.75,16.12,11208,18345407.0,3.84,0.37,0.06,3.74,SZ002655
124,2012-08-20,16.47,16.85,17.25,16.47,19394,32658494.0,4.74,2.31,0.38,6.46,SZ002655
125,2012-08-21,16.68,18.3,18.5,16.68,58966,104603959.0,10.8,8.61,1.45,19.66,SZ002655
126,2012-08-22,17.98,20.12,20.12,17.98,87467,170786887.0,11.69,9.95,1.82,29.16,SZ002655
127,2012-08-23,21.45,22.12,22.12,21.09,103423,225680281.0,5.12,9.94,2.0,34.47,SZ002655
128,2012-08-24,21.42,21.47,22.5,21.03,107411,231252066.0,6.65,-2.94,-0.65,35.8,SZ002655
129,2012-08-27,21.18,21.72,22.1,20.7,71287,152077685.0,6.52,1.16,0.25,23.76,SZ002655
130,2012-08-28,21.65,23.88,23.88,21.07,99817,225722598.0,12.94,9.94,2.16,33.27,SZ002655
131,2012-08-29,23.88,21.82,23.88,21.5,100375,227947276.0,9.97,-8.63,-2.06,33.46,SZ002655
132,2012-08-30,20.95,20.05,21.57,19.65,75722,155125727.0,8.8,-8.11,-1.77,25.24,SZ002655
133,2012-08-31,19.95,20.59,21.04,19.81,52732,107449901.0,6.13,2.69,0.54,17.58,SZ002655
134,2012-09-03,20.59,22.0,22.0,20.19,58697,124477922.0,8.79,6.85,1.41,19.57,SZ002655
135,2012-09-04,21.8,21.29,22.99,21.29,65044,143092377.0,7.73,-3.23,-0.71,21.68,SZ002655
136,2012-09-05,20.99,23.1,23.41,20.95,91356,209649306.0,11.55,8.5,1.81,30.45,SZ002655
137,2012-09-06,22.85,23.05,23.3,22.0,64034,144191843.0,5.63,-0.22,-0.05,21.34,SZ002655
138,2012-09-07,22.9,23.35,24.09,22.47,71155,164621901.0,7.03,1.3,0.3,23.72,SZ002655
139,2012-09-10,22.98,23.04,23.28,22.48,60144,136792407.0,3.43,-1.33,-0.31,20.05,SZ002655
140,2012-09-11,22.75,22.12,22.75,22.05,41494,92104579.0,3.04,-3.99,-0.92,13.83,SZ002655
141,2012-09-12,22.2,22.06,22.42,21.4,37261,81226564.0,4.61,-0.27,-0.06,12.42,SZ002655
142,2012-09-13,22.0,21.21,22.82,21.14,57488,126956723.0,7.62,-3.85,-0.85,19.16,SZ002655
143,2012-09-14,21.09,20.6,21.32,20.12,38910,79763459.0,5.66,-2.88,-0.61,12.97,SZ002655
144,2012-09-17,20.46,20.75,21.3,20.29,34822,72202509.0,4.9,0.73,0.15,11.61,SZ002655
145,2012-09-18,21.01,21.01,21.48,20.8,33695,71024253.0,3.28,1.25,0.26,11.23,SZ002655
146,2012-09-19,21.01,20.63,21.01,20.28,29009,59173402.0,3.47,-1.81,-0.38,9.67,SZ002655
147,2012-09-20,20.56,19.2,20.56,18.98,35024,68510004.0,7.66,-6.93,-1.43,11.67,SZ002655
148,2012-09-21,19.21,19.25,19.64,18.75,18625,35553380.0,4.64,0.26,0.05,6.21,SZ002655
149,2012-09-24,19.09,19.71,19.75,18.81,19521,37892306.0,4.88,2.39,0.46,6.51,SZ002655
150,2012-09-25,19.48,18.3,19.68,18.1,25409,47717878.0,8.02,-7.15,-1.41,8.47,SZ002655
151,2012-09-26,18.32,17.76,18.54,17.42,23537,41892167.0,6.12,-2.95,-0.54,7.85,SZ002655
152,2012-09-27,17.65,18.15,18.37,17.56,27510,49268907.0,4.56,2.2,0.39,9.17,SZ002655
153,2012-09-28,17.92,18.36,18.49,17.82,22171,40146627.0,3.69,1.16,0.21,7.39,SZ002655
154,2012-10-08,18.49,18.95,19.38,18.49,31624,59698383.0,4.85,3.21,0.59,10.54,SZ002655
155,2012-10-09,19.1,19.54,19.74,18.98,28741,55318597.0,4.01,3.11,0.59,9.58,SZ002655
156,2012-10-10,19.44,20.25,20.37,19.23,41902,83477099.0,5.83,3.63,0.71,13.97,SZ002655
157,2012-10-11,20.07,19.34,20.27,19.2,23007,45095570.0,5.28,-4.49,-0.91,7.67,SZ002655
158,2012-10-12,19.32,18.62,19.8,18.37,34404,64150471.0,7.39,-3.72,-0.72,11.47,SZ002655
159,2012-10-15,17.8,17.13,17.89,16.77,47925,80777890.0,6.02,-8.0,-1.49,15.98,SZ002655
160,2012-10-16,16.92,17.63,17.74,16.86,27290,47115340.0,5.14,2.92,0.5,9.1,SZ002655
161,2012-10-17,17.43,17.43,17.73,17.34,15020,26126627.0,2.21,-1.13,-0.2,5.01,SZ002655
162,2012-10-18,17.45,19.0,19.1,17.43,45653,83858695.0,9.58,9.01,1.57,15.22,SZ002655
163,2012-10-19,18.87,19.47,19.6,18.71,45146,86301129.0,4.68,2.47,0.47,15.05,SZ002655
164,2012-10-22,19.49,19.65,19.82,19.01,24449,47515062.0,4.16,0.92,0.18,8.15,SZ002655
165,2012-10-23,19.68,19.32,19.68,18.85,20647,39344650.0,4.22,-1.68,-0.33,6.88,SZ002655
166,2012-10-24,18.9,19.15,19.22,18.52,21979,41128376.0,3.62,-0.88,-0.17,7.33,SZ002655
167,2012-10-25,19.1,18.87,19.1,18.15,16650,30775327.0,4.96,-1.46,-0.28,5.55,SZ002655
168,2012-10-26,18.87,18.21,18.87,18.21,6488,11904771.0,3.5,-3.5,-0.66,2.16,SZ002655
169,2012-10-29,18.09,17.99,18.35,17.61,5819,10434442.0,4.06,-1.21,-0.22,1.94,SZ002655
170,2012-10-30,17.99,18.38,18.45,17.66,7988,14422223.0,4.39,2.17,0.39,2.66,SZ002655
171,2012-10-31,18.35,18.0,18.35,17.71,5308,9490149.0,3.48,-2.07,-0.38,1.77,SZ002655
172,2012-11-01,17.76,19.12,19.38,17.76,15908,29537243.0,9.0,6.22,1.12,5.3,SZ002655
173,2012-11-02,19.0,18.87,19.57,18.55,13774,26008425.0,5.33,-1.31,-0.25,4.59,SZ002655
174,2012-11-05,18.78,19.01,19.1,18.16,21780,40477043.0,4.98,0.74,0.14,7.26,SZ002655
175,2012-11-06,18.95,18.96,19.38,18.63,16689,31387731.0,3.95,-0.26,-0.05,5.56,SZ002655
176,2012-11-07,18.9,18.9,19.3,18.36,12470,23319562.0,4.96,-0.32,-0.06,4.16,SZ002655
177,2012-11-08,19.09,18.1,19.09,18.1,15274,28141743.0,5.24,-4.23,-0.8,5.09,SZ002655
178,2012-11-09,17.8,17.6,18.2,17.2,23490,41231889.0,5.52,-2.76,-0.5,7.83,SZ002655
179,2012-11-12,17.59,16.7,17.59,16.52,32563,54792118.0,6.08,-5.11,-0.9,10.85,SZ002655
180,2012-11-13,16.77,16.25,17.3,16.0,25814,42187926.0,7.78,-2.69,-0.45,8.6,SZ002655
181,2012-11-14,16.25,16.34,16.4,16.07,9625,15505866.0,2.03,0.55,0.09,3.21,SZ002655
182,2012-11-15,16.2,16.1,16.48,15.91,12945,20809758.0,3.49,-1.47,-0.24,4.32,SZ002655
183,2012-11-16,16.03,15.58,16.08,15.4,12821,19885459.0,4.22,-3.23,-0.52,4.27,SZ002655
184,2012-11-19,15.55,15.65,15.67,15.27,8367,12856786.0,2.57,0.45,0.07,2.79,SZ002655
185,2012-11-20,15.75,15.6,15.82,15.55,7597,11828533.0,1.73,-0.32,-0.05,2.53,SZ002655
186,2012-11-21,15.51,15.63,15.7,15.22,11735,18019517.0,3.08,0.19,0.03,3.91,SZ002655
187,2012-11-22,15.54,15.02,15.55,14.9,17355,26093710.0,4.16,-3.9,-0.61,5.79,SZ002655
188,2012-11-23,15.02,15.05,15.1,14.85,9646,14361957.0,1.66,0.2,0.03,3.22,SZ002655
189,2012-11-26,14.9,14.72,15.16,14.7,8727,12972826.0,3.06,-2.19,-0.33,2.91,SZ002655
190,2012-11-27,14.53,13.3,14.88,13.3,18832,25597319.0,10.73,-9.65,-1.42,6.28,SZ002655
191,2012-11-28,13.2,12.75,13.2,12.63,12598,16027133.0,4.29,-4.14,-0.55,4.2,SZ002655
192,2012-11-29,12.81,12.4,12.95,12.2,16015,20007135.0,5.88,-2.75,-0.35,5.34,SZ002655
193,2012-11-30,12.38,12.64,12.65,12.3,12390,15416770.0,2.82,1.94,0.24,4.13,SZ002655
194,2012-12-03,12.7,12.28,12.84,12.18,16002,20022777.0,5.22,-2.85,-0.36,5.33,SZ002655
195,2012-12-04,12.16,12.62,12.7,11.89,17207,21088306.0,6.6,2.77,0.34,5.74,SZ002655
196,2012-12-05,12.52,13.19,13.46,12.4,29943,38813283.0,8.4,4.52,0.57,9.98,SZ002655
197,2012-12-06,13.14,12.91,13.4,12.79,30923,40176529.0,4.62,-2.12,-0.28,10.31,SZ002655
198,2012-12-07,12.97,13.25,13.38,12.61,28006,36191089.0,5.96,2.63,0.34,9.34,SZ002655
199,2012-12-10,13.29,13.81,14.21,13.2,43988,59622539.0,7.62,4.23,0.56,14.66,SZ002655
200,2012-12-11,13.7,13.92,14.28,13.53,40698,56445440.0,5.43,0.8,0.11,13.57,SZ002655
201,2012-12-12,13.9,13.74,13.97,13.31,23736,32072513.0,4.74,-1.29,-0.18,7.91,SZ002655
202,2012-12-13,13.6,13.3,13.66,13.26,14563,19392846.0,2.91,-3.2,-0.44,4.85,SZ002655
203,2012-12-14,13.2,13.84,13.93,13.19,30281,41153263.0,5.56,4.06,0.54,10.09,SZ002655
204,2012-12-17,13.9,13.76,14.25,13.5,32900,44966076.0,5.42,-0.58,-0.08,10.97,SZ002655
205,2012-12-18,13.72,13.74,13.8,13.53,23230,31461205.0,1.96,-0.15,-0.02,7.74,SZ002655
206,2012-12-19,13.68,14.63,14.97,13.61,67733,96339708.0,9.9,6.48,0.89,22.58,SZ002655
207,2012-12-20,14.48,14.4,14.48,14.02,55799,78842230.0,3.14,-1.57,-0.23,18.6,SZ002655
208,2012-12-21,14.31,15.0,15.39,14.16,80218,117802639.0,8.54,4.17,0.6,26.74,SZ002655
209,2012-12-24,14.9,15.7,15.95,14.8,75313,116279153.0,7.67,4.67,0.7,25.1,SZ002655
210,2012-12-25,15.59,15.8,16.01,15.45,56573,88344505.0,3.57,0.64,0.1,18.86,SZ002655
211,2012-12-26,15.77,16.2,16.27,15.52,52119,82861635.0,4.75,2.53,0.4,17.37,SZ002655
212,2012-12-27,16.23,15.75,16.9,15.7,60422,97447816.0,7.41,-2.78,-0.45,20.14,SZ002655
213,2012-12-28,15.55,15.85,15.94,15.16,42855,66293524.0,4.95,0.63,0.1,14.28,SZ002655
214,2012-12-31,15.78,15.82,16.07,15.53,31953,50314212.0,3.41,-0.19,-0.03,10.65,SZ002655
215,2013-01-04,16.05,15.75,16.1,15.5,29169,45801706.0,3.79,-0.44,-0.07,9.72,SZ002655
216,2013-01-07,15.52,15.57,15.68,15.35,23906,36815483.0,2.1,-1.14,-0.18,7.97,SZ002655
217,2013-01-08,15.6,16.43,16.89,15.6,60333,97583194.0,8.29,5.52,0.86,20.11,SZ002655
218,2013-01-09,16.38,16.22,16.71,16.02,39699,64176011.0,4.2,-1.28,-0.21,13.23,SZ002655
219,2013-01-10,16.12,16.26,16.33,16.1,18083,29124790.0,1.42,0.25,0.04,6.03,SZ002655
220,2013-01-11,16.25,15.93,16.6,15.88,31922,51784699.0,4.43,-2.03,-0.33,10.64,SZ002655
221,2013-01-14,15.87,16.84,16.84,15.7,47139,76975519.0,7.16,5.71,0.91,15.71,SZ002655
222,2013-01-15,16.8,17.01,17.08,16.52,43322,72579861.0,3.33,1.01,0.17,14.44,SZ002655
223,2013-01-16,16.91,16.68,16.97,16.34,32138,53241898.0,3.7,-1.94,-0.33,10.71,SZ002655
224,2013-01-17,16.7,16.29,16.76,16.15,18212,29640291.0,3.66,-2.34,-0.39,6.07,SZ002655
225,2013-01-18,16.2,16.41,16.54,16.07,17909,29053436.0,2.89,0.74,0.12,5.97,SZ002655
226,2013-01-21,16.45,16.9,17.35,16.34,37147,62576355.0,6.15,2.99,0.49,12.38,SZ002655
227,2013-01-22,18.58,18.58,18.58,17.8,151313,276648576.0,4.62,9.94,1.68,50.44,SZ002655
228,2013-01-23,17.9,18.39,18.58,17.79,90109,163359134.0,4.25,-1.02,-0.19,30.04,SZ002655
229,2013-01-24,18.27,17.62,18.99,17.11,77099,140216749.0,10.22,-4.19,-0.77,25.7,SZ002655
230,2013-01-25,17.21,16.34,17.54,16.2,69091,114448931.0,7.6,-7.26,-1.28,23.03,SZ002655
231,2013-01-28,16.11,16.6,16.63,16.11,54477,88976108.0,3.18,1.59,0.26,18.16,SZ002655
232,2013-01-29,16.62,16.82,17.05,16.33,50905,84849243.0,4.34,1.33,0.22,16.97,SZ002655
233,2013-01-30,16.75,17.2,17.58,16.61,57152,97494008.0,5.77,2.26,0.38,19.05,SZ002655
234,2013-01-31,17.37,16.5,17.37,16.44,39704,65723545.0,5.41,-4.07,-0.7,13.23,SZ002655
235,2013-02-01,16.51,16.59,16.71,16.46,22221,36630765.0,1.52,0.55,0.09,7.41,SZ002655
236,2013-02-04,16.81,16.23,16.82,16.12,24302,39346846.0,4.22,-2.17,-0.36,8.1,SZ002655
237,2013-02-05,16.23,16.58,16.72,16.21,19160,31419944.0,3.14,2.16,0.35,6.39,SZ002655
238,2013-02-06,16.66,16.5,16.66,16.35,18128,29685089.0,1.87,-0.48,-0.08,6.04,SZ002655
239,2013-02-07,16.55,16.44,16.56,16.19,16965,27548651.0,2.24,-0.36,-0.06,5.65,SZ002655
240,2013-02-08,16.43,17.14,17.3,16.25,51256,86752361.0,6.39,4.26,0.7,17.09,SZ002655
241,2013-02-18,17.0,17.14,17.5,16.96,41724,71352708.0,3.15,0.0,0.0,6.27,SZ002655
242,2013-02-19,17.23,16.46,17.31,16.42,31943,53118247.0,5.19,-3.97,-0.68,4.8,SZ002655
243,2013-02-20,16.46,16.78,16.8,16.45,29723,49229310.0,2.13,1.94,0.32,4.47,SZ002655
244,2013-02-21,16.74,17.09,17.38,16.61,59403,100664027.0,4.59,1.85,0.31,8.93,SZ002655
245,2013-02-22,16.98,16.98,17.31,16.93,35346,60146206.0,2.22,-0.64,-0.11,5.31,SZ002655
246,2013-02-25,17.08,16.63,17.08,16.43,26908,44556046.0,3.83,-2.06,-0.35,4.04,SZ002655
247,2013-02-26,16.55,16.22,16.84,16.17,26062,42774225.0,4.03,-2.47,-0.41,3.92,SZ002655
248,2013-02-27,16.25,16.04,16.49,15.9,19988,31962979.0,3.64,-1.11,-0.18,3.0,SZ002655
249,2013-02-28,16.18,16.36,16.4,15.9,16566,26735335.0,3.12,2.0,0.32,2.49,SZ002655
250,2013-03-01,16.38,16.6,16.66,16.28,21290,34885923.0,2.32,1.47,0.24,3.2,SZ002655
251,2013-03-04,16.6,15.75,16.6,15.5,23984,38020379.0,6.63,-5.12,-0.85,3.6,SZ002655
252,2013-03-05,15.7,16.09,16.18,15.6,18928,30046390.0,3.68,2.16,0.34,2.84,SZ002655
253,2013-03-06,16.12,16.58,16.66,16.12,26982,44215240.0,3.36,3.05,0.49,4.06,SZ002655
254,2013-03-07,16.45,16.14,16.58,15.95,19511,31632322.0,3.8,-2.65,-0.44,2.93,SZ002655
255,2013-03-08,16.22,16.42,16.51,16.11,16241,26435194.0,2.48,1.73,0.28,2.44,SZ002655
256,2013-03-11,16.49,16.72,16.72,16.26,23919,39522073.0,2.8,1.83,0.3,3.59,SZ002655
257,2013-03-12,16.72,15.93,16.81,15.62,29203,47164981.0,7.12,-4.72,-0.79,4.39,SZ002655
258,2013-03-13,15.75,15.44,15.85,15.19,18070,27750989.0,4.14,-3.08,-0.49,2.72,SZ002655
259,2013-03-14,15.4,15.61,15.72,15.37,9017,13944760.0,2.27,1.1,0.17,1.36,SZ002655
260,2013-03-15,15.45,15.59,15.88,15.3,12444,19335498.0,3.72,-0.13,-0.02,1.87,SZ002655
261,2013-03-18,15.35,15.14,15.5,15.13,12918,19555336.0,2.37,-2.89,-0.45,1.94,SZ002655
262,2013-03-19,15.2,15.25,15.47,15.02,8046,12170692.0,2.97,0.73,0.11,1.21,SZ002655
263,2013-03-20,15.3,15.62,15.62,15.1,15334,23540881.0,3.41,2.43,0.37,2.3,SZ002655
264,2013-03-21,15.61,17.17,17.17,15.61,69732,116440280.0,9.99,9.92,1.55,10.48,SZ002655
265,2013-03-22,17.8,18.12,18.4,17.61,125724,224409612.0,4.6,5.53,0.95,18.89,SZ002655
266,2013-03-25,18.0,18.33,18.6,17.58,152636,273750464.0,5.63,1.16,0.21,22.94,SZ002655
267,2013-03-26,18.38,18.7,18.98,18.13,134399,247109713.0,4.64,2.02,0.37,20.2,SZ002655
268,2013-03-27,18.6,18.48,18.96,18.35,81185,149974235.0,3.26,-1.18,-0.22,12.2,SZ002655
269,2013-03-28,18.15,18.43,18.95,17.8,98196,180864112.0,6.22,-0.27,-0.05,14.76,SZ002655
270,2013-03-29,18.43,18.12,18.57,17.73,63556,114368642.0,4.56,-1.68,-0.31,9.55,SZ002655
271,2013-04-01,17.98,18.75,18.75,17.8,76883,139292319.0,5.24,3.48,0.63,11.55,SZ002655
272,2013-04-02,18.43,17.38,18.57,17.18,88404,157201285.0,7.41,-7.31,-1.37,13.29,SZ002655
273,2013-04-03,17.22,17.1,17.57,17.0,43917,75369531.0,3.28,-1.61,-0.28,6.6,SZ002655
274,2013-04-08,16.68,17.42,17.48,16.18,52628,88866269.0,7.6,1.87,0.32,7.91,SZ002655
275,2013-04-09,17.23,17.02,17.31,16.79,53580,90921832.0,2.99,-2.3,-0.4,8.05,SZ002655
276,2013-04-10,16.78,16.83,17.27,16.5,31684,53095078.0,4.52,-1.12,-0.19,4.76,SZ002655
277,2013-04-11,16.9,16.26,17.03,16.24,34219,56438658.0,4.69,-3.39,-0.57,5.14,SZ002655
278,2013-04-12,16.19,16.13,16.6,16.0,28094,45658376.0,3.69,-0.8,-0.13,4.22,SZ002655
279,2013-04-15,16.09,16.35,16.4,16.05,18313,29591902.0,2.17,1.36,0.22,2.75,SZ002655
280,2013-04-16,16.33,16.85,16.95,16.25,35310,58366267.0,4.28,3.06,0.5,5.31,SZ002655
281,2013-04-17,16.81,17.21,17.22,16.73,36302,61275102.0,2.91,2.14,0.36,5.46,SZ002655
282,2013-04-18,17.28,17.56,17.68,16.98,54566,94359317.0,4.07,2.03,0.35,8.2,SZ002655
283,2013-04-19,17.55,17.56,17.87,17.32,45937,80441356.0,3.13,0.0,0.0,6.9,SZ002655
284,2013-04-22,17.4,17.51,17.75,17.33,31280,54549681.0,2.39,-0.28,-0.05,4.7,SZ002655
285,2013-04-23,17.58,17.0,17.8,17.0,30518,52617125.0,4.57,-2.91,-0.51,4.59,SZ002655
286,2013-04-24,16.49,17.3,17.65,16.11,68885,115022088.0,9.06,1.76,0.3,10.35,SZ002655
287,2013-04-25,17.2,16.87,17.2,16.7,37898,63753132.0,2.89,-2.49,-0.43,5.7,SZ002655
288,2013-04-26,16.73,16.36,17.0,16.36,23329,38459738.0,3.79,-3.02,-0.51,3.51,SZ002655
289,2013-05-02,16.3,16.49,16.6,16.2,16489,26977779.0,2.44,0.79,0.13,2.48,SZ002655
290,2013-05-03,16.51,16.86,16.92,16.46,24682,41020603.0,2.79,2.24,0.37,3.71,SZ002655
291,2013-05-06,16.96,18.54,18.54,16.61,87197,154127180.0,11.45,9.96,1.68,13.1,SZ002655
292,2013-05-07,18.55,18.05,18.63,17.9,65898,119246623.0,3.94,-2.64,-0.49,9.9,SZ002655
293,2013-05-08,18.01,19.1,19.18,17.86,102503,189571718.0,7.31,5.82,1.05,15.4,SZ002655
294,2013-05-09,18.8,18.88,19.1,18.51,86821,162054236.0,3.09,-1.15,-0.22,13.05,SZ002655
295,2013-05-10,18.78,18.3,19.33,18.12,78452,145879946.0,6.41,-3.07,-0.58,11.79,SZ002655
296,2013-05-13,18.29,19.31,19.74,18.2,99373,188901516.0,8.42,5.52,1.01,14.93,SZ002655
297,2013-05-14,19.11,18.83,19.2,18.45,56534,105654424.0,3.88,-2.49,-0.48,8.5,SZ002655
298,2013-05-15,18.85,19.32,19.63,18.7,77929,149958814.0,4.94,2.6,0.49,11.71,SZ002655
299,2013-05-16,19.3,18.9,20.3,18.85,104714,203758372.0,7.51,-2.17,-0.42,15.74,SZ002655
300,2013-05-17,18.7,19.44,19.7,18.6,74320,142291635.0,5.82,2.86,0.54,11.17,SZ002655
301,2013-05-20,19.55,20.05,20.43,19.27,91712,181020179.0,5.97,3.14,0.61,13.78,SZ002655
302,2013-05-21,19.93,21.31,21.89,19.72,113173,233010258.0,10.82,6.28,1.26,17.01,SZ002655
303,2013-05-22,21.1,20.71,21.19,20.42,90854,187909862.0,3.61,-2.82,-0.6,13.65,SZ002655
304,2013-05-23,20.62,20.4,21.4,20.35,77307,159483379.0,5.07,-1.5,-0.31,11.62,SZ002655
305,2013-05-24,20.7,21.18,21.27,20.42,65719,136841266.0,4.17,3.82,0.78,9.88,SZ002655
306,2013-05-27,20.95,20.69,21.25,20.42,72975,150608571.0,3.92,-2.31,-0.49,10.97,SZ002655
307,2013-05-28,20.7,19.74,21.1,19.63,76951,154788124.0,7.1,-4.59,-0.95,11.56,SZ002655
308,2013-05-29,19.74,19.97,20.18,19.71,40020,79274513.0,2.38,1.17,0.23,6.01,SZ002655
309,2013-05-30,20.0,20.1,20.28,19.74,46598,92878327.0,2.7,0.65,0.13,7.0,SZ002655
310,2013-05-31,20.4,19.98,20.6,19.87,49439,99017884.0,3.63,-0.6,-0.12,7.43,SZ002655
311,2013-06-03,20.05,20.15,20.47,19.48,54612,108742311.0,4.95,0.85,0.17,8.21,SZ002655
312,2013-06-04,20.1,19.42,20.1,18.8,45088,87383143.0,6.45,-3.62,-0.73,6.78,SZ002655
313,2013-06-05,19.58,19.12,19.81,19.01,33932,65568726.0,4.12,-1.54,-0.3,5.1,SZ002655
314,2013-06-06,18.74,19.58,20.28,18.74,113840,111347129.0,8.05,2.41,0.46,8.55,SZ002655
315,2013-06-07,19.68,20.16,20.36,19.24,141348,140130944.0,5.72,2.96,0.58,10.62,SZ002655
316,2013-06-13,19.6,18.78,20.22,18.18,97072,91922984.0,10.12,-6.85,-1.38,7.29,SZ002655
317,2013-06-14,18.84,20.38,20.64,18.38,240754,240362286.0,12.03,8.52,1.6,18.09,SZ002655
318,2013-06-17,20.44,21.24,21.86,20.18,306807,321177824.0,8.24,4.22,0.86,23.05,SZ002655
319,2013-06-18,21.08,20.94,21.24,20.24,193462,198467438.0,4.71,-1.41,-0.3,14.54,SZ002655
320,2013-06-19,20.78,21.98,22.58,20.68,287544,309810352.0,9.07,4.97,1.04,21.61,SZ002655
321,2013-06-20,21.6,21.26,22.14,20.82,189587,202541769.0,6.01,-3.28,-0.72,14.25,SZ002655
322,2013-06-21,20.6,20.5,20.92,19.18,167969,167015915.0,8.18,-3.57,-0.76,12.62,SZ002655
323,2013-06-24,20.5,18.78,21.06,18.48,143354,140033941.0,12.59,-8.39,-1.72,10.77,SZ002655
324,2013-06-25,18.38,18.52,18.86,16.92,132582,118206821.0,10.33,-1.38,-0.26,9.96,SZ002655
325,2013-06-26,18.64,19.42,19.58,18.18,133006,125908878.0,7.56,4.86,0.9,9.99,SZ002655
326,2013-06-27,19.5,18.42,19.76,18.34,136169,128742353.0,7.31,-5.15,-1.0,10.23,SZ002655
327,2013-06-28,17.98,17.48,18.44,17.18,95094,83664668.0,6.84,-5.1,-0.94,7.15,SZ002655
328,2013-07-01,17.4,17.9,17.94,17.2,85110,74473488.0,4.23,2.4,0.42,6.4,SZ002655
329,2013-07-02,18.1,18.54,18.76,18.0,89802,81884232.0,4.25,3.58,0.64,6.75,SZ002655
330,2013-07-03,18.58,19.22,19.44,18.22,130554,122222246.0,6.58,3.67,0.68,9.81,SZ002655
331,2013-07-04,18.98,18.86,19.78,18.74,113933,108215050.0,5.41,-1.87,-0.36,8.56,SZ002655
332,2013-07-05,18.86,18.28,19.08,18.18,78124,72420592.0,4.77,-3.08,-0.58,5.87,SZ002655
333,2013-07-08,17.94,16.92,17.94,16.92,79953,68851699.0,5.58,-7.44,-1.36,6.01,SZ002655
334,2013-07-09,16.5,16.94,17.3,16.5,41700,34931304.0,4.73,0.12,0.02,3.13,SZ002655
335,2013-07-10,16.88,17.38,17.52,16.86,45474,38752872.0,3.9,2.6,0.44,3.42,SZ002655
336,2013-07-11,17.42,17.6,17.78,16.98,82415,71117836.0,4.6,1.27,0.22,6.19,SZ002655
337,2013-07-12,17.58,18.1,18.2,17.38,128512,113830778.0,4.66,2.84,0.5,9.66,SZ002655
338,2013-07-15,18.1,18.56,18.68,17.84,77885,70933081.0,4.64,2.54,0.46,5.85,SZ002655
339,2013-07-16,18.4,18.6,18.7,18.16,83894,76399424.0,2.91,0.22,0.04,6.3,SZ002655
340,2013-07-17,18.52,18.64,19.4,18.38,119877,112093173.0,5.48,0.22,0.04,9.01,SZ002655
341,2013-07-18,18.44,19.14,19.14,17.98,113409,104522796.0,6.22,2.68,0.5,8.52,SZ002655
342,2013-07-19,19.02,19.76,20.08,18.84,206650,199718656.0,6.48,3.24,0.62,15.53,SZ002655
343,2013-07-22,19.58,20.42,20.68,19.3,225643,225011198.0,6.98,3.34,0.66,16.96,SZ002655
344,2013-07-23,20.32,21.6,22.16,19.94,293757,303360544.0,10.87,5.78,1.18,22.07,SZ002655
345,2013-07-24,21.88,22.98,23.7,21.32,399360,447360096.0,11.02,6.39,1.38,30.01,SZ002655
346,2013-07-25,22.54,21.84,22.88,21.52,238215,262206873.0,5.92,-4.96,-1.14,17.9,SZ002655
347,2013-07-26,21.58,24.0,24.0,21.58,310725,354660368.0,11.08,9.89,2.16,23.35,SZ002655
348,2013-07-29,24.58,23.36,24.9,23.36,328896,394450560.0,6.42,-2.67,-0.64,24.71,SZ002655
349,2013-07-30,22.98,22.18,23.3,21.38,206490,228374392.0,8.22,-5.05,-1.18,15.52,SZ002655
350,2013-07-31,22.24,23.34,23.74,21.82,212906,242270354.0,8.66,5.23,1.16,16.0,SZ002655
351,2013-08-01,23.02,24.0,24.42,22.82,213971,252067647.0,6.86,2.83,0.66,16.08,SZ002655
352,2013-08-02,23.88,25.18,26.38,23.56,430557,542588112.0,11.75,4.92,1.18,32.35,SZ002655
353,2013-08-05,25.2,25.28,25.32,24.16,230206,283728928.0,4.61,0.4,0.1,17.3,SZ002655
354,2013-08-06,25.28,24.9,25.78,24.58,214282,267237013.0,4.75,-1.5,-0.38,16.1,SZ002655
355,2013-08-07,24.58,24.12,25.14,23.9,152362,183865753.0,4.98,-3.13,-0.78,11.45,SZ002655
356,2013-08-08,24.12,25.76,25.94,23.94,254934,319613728.0,8.29,6.8,1.64,19.16,SZ002655
357,2013-08-09,25.58,25.38,26.46,24.78,225306,287448720.0,6.52,-1.48,-0.38,16.93,SZ002655
358,2013-08-12,25.28,24.42,25.54,23.78,196295,237779916.0,6.93,-3.78,-0.96,14.75,SZ002655
359,2013-08-13,24.3,24.52,25.02,23.84,135097,164221237.0,4.83,0.41,0.1,10.15,SZ002655
360,2013-08-14,24.52,23.98,24.68,23.74,116217,138758170.0,3.83,-2.2,-0.54,8.73,SZ002655
361,2013-08-15,23.82,23.94,24.66,23.82,102837,123831595.0,3.5,-0.17,-0.04,7.73,SZ002655
362,2013-08-16,23.94,24.08,25.0,23.74,163872,199046640.0,5.26,0.58,0.14,12.31,SZ002655
363,2013-08-19,23.88,23.76,23.98,22.38,115438,134569372.0,6.64,-1.33,-0.32,8.67,SZ002655
364,2013-08-20,23.82,25.06,25.42,23.42,198132,241379404.0,8.42,5.47,1.3,14.89,SZ002655
365,2013-08-21,24.8,25.56,25.76,24.6,197560,247879119.0,4.63,2.0,0.5,14.85,SZ002655
366,2013-08-22,25.18,25.1,25.48,24.4,154796,192004792.0,4.23,-1.8,-0.46,11.63,SZ002655
367,2013-08-23,25.1,24.56,25.28,23.58,122461,149806362.0,6.77,-2.15,-0.54,9.2,SZ002655
368,2013-08-26,24.42,24.62,24.86,24.42,93638,114430957.0,1.79,0.24,0.06,7.04,SZ002655
369,2013-08-27,24.7,24.68,25.14,24.42,98758,121171531.0,2.92,0.24,0.06,7.42,SZ002655
370,2013-08-28,24.18,22.98,24.36,22.96,161093,190052831.0,5.67,-6.89,-1.7,12.1,SZ002655
371,2013-08-29,22.98,22.26,23.56,22.2,124863,140634242.0,5.92,-3.13,-0.72,9.38,SZ002655
372,2013-08-30,22.38,21.86,22.64,21.7,90915,100173998.0,4.22,-1.8,-0.4,6.83,SZ002655
373,2013-09-02,21.78,22.52,22.64,21.66,63348,70214669.0,4.48,3.02,0.66,4.76,SZ002655
374,2013-09-03,22.54,22.7,22.76,22.3,63455,70902213.0,2.04,0.8,0.18,4.77,SZ002655
375,2013-09-04,22.78,22.78,22.96,22.36,70653,79489762.0,2.64,0.35,0.08,5.31,SZ002655
376,2013-09-05,22.68,22.84,23.02,22.54,69590,78917669.0,2.11,0.26,0.06,5.23,SZ002655
377,2013-09-06,22.82,22.4,23.04,22.2,82179,91769904.0,3.68,-1.93,-0.44,6.18,SZ002655
378,2013-09-09,22.48,21.94,22.5,21.8,78354,85549200.0,3.13,-2.05,-0.46,5.89,SZ002655
379,2013-09-10,21.98,21.62,22.16,21.24,92917,99681346.0,4.19,-1.46,-0.32,6.98,SZ002655
380,2013-09-11,21.58,20.46,21.58,20.28,88883,90904051.0,6.01,-5.37,-1.16,6.68,SZ002655
381,2013-09-12,20.46,20.68,20.68,20.32,56472,57398838.0,1.76,1.08,0.22,4.24,SZ002655
382,2013-09-13,20.66,20.76,20.92,20.14,64287,65604365.0,3.77,0.39,0.08,4.83,SZ002655
383,2013-09-16,20.76,20.84,21.04,20.52,51070,52624892.0,2.5,0.39,0.08,3.84,SZ002655
384,2013-09-17,20.78,20.16,20.78,20.16,51188,51740530.0,2.98,-3.26,-0.68,3.85,SZ002655
385,2013-09-18,20.24,20.62,20.62,20.2,41748,42377929.0,2.08,2.28,0.46,3.14,SZ002655
386,2013-09-23,20.58,21.22,21.32,20.38,68396,71277389.0,4.56,2.91,0.6,5.14,SZ002655
387,2013-09-24,21.26,21.44,21.64,21.0,71820,76141691.0,3.02,1.04,0.22,5.4,SZ002655
388,2013-09-25,21.34,20.94,21.44,20.9,52195,54654021.0,2.52,-2.33,-0.5,3.92,SZ002655
389,2013-09-26,21.04,20.38,21.06,20.38,46584,47583146.0,3.25,-2.67,-0.56,3.5,SZ002655
390,2013-09-27,20.4,20.32,20.82,20.24,34496,35132087.0,2.85,-0.29,-0.06,2.59,SZ002655
391,2013-09-30,20.28,20.76,20.78,20.28,26859,27393105.0,2.46,2.17,0.44,2.02,SZ002655
392,2013-10-08,20.52,21.4,21.42,20.52,63986,67280206.0,4.34,3.08,0.64,4.81,SZ002655
393,2013-10-09,21.3,21.38,21.56,21.2,58176,61587622.0,1.68,-0.09,-0.02,4.37,SZ002655
394,2013-10-10,21.38,20.96,21.56,20.9,56081,59009615.0,3.09,-1.96,-0.42,4.21,SZ002655
395,2013-10-11,20.96,21.88,21.96,20.92,99063,105929106.0,4.96,4.39,0.92,7.44,SZ002655
396,2013-10-14,21.82,21.62,22.08,21.4,72374,77809074.0,3.11,-1.19,-0.26,5.44,SZ002655
397,2013-10-15,21.5,21.76,22.02,21.44,62664,67703332.0,2.68,0.65,0.14,4.71,SZ002655
398,2013-10-16,21.76,20.52,21.76,20.42,67724,69936539.0,6.16,-5.7,-1.24,5.09,SZ002655
399,2013-10-17,20.5,20.48,20.86,20.4,38184,39078019.0,2.24,-0.19,-0.04,2.87,SZ002655
400,2013-10-18,20.5,20.6,20.8,20.24,30556,31237637.0,2.73,0.59,0.12,2.3,SZ002655
401,2013-10-21,20.62,21.08,21.08,20.38,57142,58763741.0,3.4,2.33,0.48,4.29,SZ002655
402,2013-10-22,21.14,20.82,21.5,20.74,59125,61962695.0,3.61,-1.23,-0.26,4.44,SZ002655
403,2013-10-23,20.7,20.1,21.0,20.08,68226,69164853.0,4.42,-3.46,-0.72,5.13,SZ002655
404,2013-10-24,20.12,19.56,20.12,19.08,46071,44705059.0,5.17,-2.69,-0.54,3.46,SZ002655
405,2013-10-25,19.54,18.98,19.54,18.78,46470,43886878.0,3.89,-2.97,-0.58,3.49,SZ002655
406,2013-10-28,19.18,18.78,19.34,18.58,31091,29158462.0,4.0,-1.05,-0.2,2.34,SZ002655
407,2013-10-29,18.74,17.68,18.94,16.98,45671,40424882.0,10.44,-5.86,-1.1,3.43,SZ002655
408,2013-10-30,17.66,17.82,17.98,17.48,26496,23253997.0,2.83,0.79,0.14,1.99,SZ002655
409,2013-10-31,17.82,17.28,17.94,17.1,31134,26722747.0,4.71,-3.03,-0.54,2.34,SZ002655
410,2013-11-01,17.28,17.34,17.48,16.9,21298,18124849.0,3.36,0.35,0.06,1.6,SZ002655
411,2013-11-04,17.36,17.44,17.68,17.36,20789,17992306.0,1.85,0.58,0.1,1.56,SZ002655
412,2013-11-05,17.38,17.84,17.86,17.1,32186,27836849.0,4.36,2.29,0.4,2.42,SZ002655
413,2013-11-06,17.78,17.46,18.04,17.44,36015,31703122.0,3.36,-2.13,-0.38,2.71,SZ002655
414,2013-11-07,17.28,17.04,17.46,17.02,29849,25416509.0,2.52,-2.41,-0.42,2.24,SZ002655
415,2013-11-08,17.02,17.26,17.42,17.02,29510,25189144.0,2.35,1.29,0.22,2.22,SZ002655
416,2013-11-11,17.38,17.96,18.04,17.3,46072,40566582.0,4.29,4.06,0.7,3.46,SZ002655
417,2013-11-12,17.98,17.9,18.0,17.66,35906,31710565.0,1.89,-0.33,-0.06,2.7,SZ002655
418,2013-11-13,17.9,17.2,17.9,17.18,32929,28465286.0,4.02,-3.91,-0.7,2.47,SZ002655
419,2013-11-14,17.02,17.4,17.44,16.94,39513,33699121.0,2.91,1.16,0.2,2.97,SZ002655
420,2013-11-15,17.28,17.88,18.08,17.28,55140,48484806.0,4.6,2.76,0.48,4.14,SZ002655
421,2013-11-18,17.9,18.34,18.38,17.9,60882,54821388.0,2.68,2.57,0.46,4.57,SZ002655
422,2013-11-19,18.72,18.64,19.02,18.44,73931,68263234.0,3.16,1.64,0.3,5.56,SZ002655
423,2013-11-20,18.5,18.76,18.76,18.32,44296,40662675.0,2.36,0.64,0.12,3.33,SZ002655
424,2013-11-21,18.58,18.46,18.74,18.36,40541,37168499.0,2.03,-1.6,-0.3,3.05,SZ002655
425,2013-11-22,18.46,18.16,18.5,17.94,34415,31061468.0,3.03,-1.63,-0.3,2.59,SZ002655
426,2013-11-25,18.18,18.2,18.42,17.98,29405,26559986.0,2.42,0.22,0.04,2.21,SZ002655
427,2013-11-26,18.28,20.0,20.0,18.14,175975,171734842.0,10.22,9.89,1.8,13.22,SZ002655
428,2013-11-27,20.52,20.66,20.68,19.92,270177,272181424.0,3.8,3.3,0.66,20.3,SZ002655
429,2013-11-28,20.34,20.58,21.52,20.08,195240,202235975.0,6.97,-0.39,-0.08,14.67,SZ002655
430,2013-11-29,20.46,21.82,22.12,20.2,228975,240662529.0,9.33,6.03,1.24,17.21,SZ002655
431,2013-12-02,20.88,20.02,21.52,19.74,176161,180393535.0,8.16,-8.25,-1.8,13.24,SZ002655
432,2013-12-03,19.78,21.38,21.42,19.58,122271,125049199.0,9.19,6.79,1.36,9.19,SZ002655
433,2013-12-04,21.14,21.9,22.7,21.1,218017,236505659.0,7.48,2.43,0.52,16.38,SZ002655
434,2013-12-05,21.66,21.34,22.24,21.34,119924,128756151.0,4.11,-2.56,-0.56,9.01,SZ002655
435,2013-12-06,21.02,21.02,21.68,20.72,78095,81485160.0,4.5,-1.5,-0.32,5.87,SZ002655
436,2013-12-09,21.26,21.66,21.72,20.98,81816,86603789.0,3.52,3.04,0.64,6.15,SZ002655
437,2013-12-10,21.68,20.74,21.78,20.68,75595,79229786.0,5.08,-4.25,-0.92,5.68,SZ002655
438,2013-12-11,20.38,20.3,20.72,20.1,59571,60085988.0,2.99,-2.12,-0.44,4.48,SZ002655
439,2013-12-12,20.4,20.6,21.02,20.28,50286,51539145.0,3.65,1.48,0.3,3.78,SZ002655
440,2013-12-13,20.48,20.66,21.02,20.22,49651,51118293.0,3.88,0.29,0.06,3.73,SZ002655
441,2013-12-16,20.62,20.66,21.16,20.5,53494,55235580.0,3.19,0.0,0.0,4.02,SZ002655
442,2013-12-17,20.7,20.44,21.0,20.3,45499,46387925.0,3.39,-1.06,-0.22,3.42,SZ002655
443,2013-12-18,20.3,19.72,20.5,19.64,59834,59051284.0,4.21,-3.52,-0.72,4.5,SZ002655
444,2013-12-19,19.76,19.74,19.98,19.48,38857,38020599.0,2.54,0.1,0.02,2.92,SZ002655
445,2013-12-20,19.72,19.36,19.94,19.36,37939,36904310.0,2.94,-1.93,-0.38,2.85,SZ002655
446,2013-12-23,19.34,18.6,19.4,18.18,42415,39170544.0,6.3,-3.93,-0.76,3.19,SZ002655
447,2013-12-24,18.62,19.24,19.48,18.54,48048,45526006.0,5.05,3.44,0.64,3.61,SZ002655
448,2013-12-25,19.26,19.74,19.86,19.08,40489,39161833.0,4.05,2.6,0.5,3.04,SZ002655
449,2013-12-26,19.6,21.32,21.7,19.48,294037,310948016.0,11.25,8.0,1.58,22.09,SZ002655
450,2013-12-27,20.96,22.24,22.46,20.82,294733,315380400.0,7.69,4.32,0.92,22.15,SZ002655
451,2013-12-30,22.22,21.88,22.42,21.64,171141,186434455.0,3.51,-1.62,-0.36,12.86,SZ002655
452,2013-12-31,21.88,21.4,22.54,21.34,168333,182633687.0,5.48,-2.19,-0.48,12.65,SZ002655
453,2014-01-02,21.38,22.6,22.74,21.18,207610,229162434.0,7.29,5.61,1.2,15.6,SZ002655
454,2014-01-03,22.48,22.04,22.86,21.88,157057,173636250.0,4.34,-2.48,-0.56,11.8,SZ002655
455,2014-01-06,21.72,20.62,21.76,20.2,119968,125544031.0,7.08,-6.44,-1.42,9.01,SZ002655
456,2014-01-07,20.5,22.66,22.66,20.46,101467,110923553.0,10.67,9.89,2.04,7.62,SZ002655
457,2014-01-08,24.9,24.9,24.9,24.9,65981,81552033.0,0.0,9.89,2.24,4.96,SZ002655
458,2014-01-09,25.48,25.38,26.72,24.42,550852,692041888.0,9.24,1.93,0.48,41.39,SZ002655
459,2014-01-10,24.78,26.06,27.78,24.6,498574,650216576.0,12.53,2.68,0.68,37.46,SZ002655
460,2014-01-13,25.54,26.12,27.08,25.34,319120,415255376.0,6.68,0.23,0.06,23.98,SZ002655
461,2014-01-14,25.6,28.48,28.72,24.96,494058,663349312.0,14.4,9.04,2.36,37.12,SZ002655
462,2014-01-15,27.78,27.58,28.56,27.46,379415,525841616.0,3.86,-3.16,-0.9,28.51,SZ002655
463,2014-01-16,27.54,28.16,29.28,27.16,345890,483552480.0,7.69,2.1,0.58,25.99,SZ002655
464,2014-01-17,28.2,28.56,29.56,27.68,317255,451395744.0,6.68,1.42,0.4,23.84,SZ002655
465,2014-01-20,28.18,26.98,28.38,26.64,255875,348544880.0,6.09,-5.53,-1.58,19.23,SZ002655
466,2014-01-21,26.98,28.16,28.38,26.38,280605,380320560.0,7.41,4.37,1.18,21.09,SZ002655
467,2014-01-22,27.78,28.6,29.18,27.54,288339,407348272.0,5.82,1.56,0.44,21.67,SZ002655
468,2014-01-23,28.38,28.14,29.28,27.8,215206,303778432.0,5.17,-1.61,-0.46,16.17,SZ002655
469,2014-01-24,27.58,29.46,29.46,27.04,294427,411443312.0,8.6,4.69,1.32,22.12,SZ002655
470,2014-01-27,29.34,31.32,32.38,29.14,401860,625375664.0,11.0,6.31,1.86,30.2,SZ002655
471,2014-01-28,30.78,30.5,31.28,29.9,193796,293091504.0,4.41,-2.62,-0.82,14.56,SZ002655
472,2014-01-29,30.5,30.9,31.28,30.0,149158,227648841.0,4.2,1.31,0.4,11.21,SZ002655
473,2014-01-30,30.88,28.94,31.04,28.92,143053,212867684.0,6.86,-6.34,-1.96,10.75,SZ002655
474,2014-02-07,28.4,29.3,29.56,28.32,130613,188934073.0,4.28,1.24,0.36,9.81,SZ002655
475,2014-02-10,29.24,30.1,31.26,29.04,175666,264803095.0,7.58,2.73,0.8,13.2,SZ002655
476,2014-02-11,29.8,29.3,30.48,28.66,176265,258435711.0,6.05,-2.66,-0.8,13.25,SZ002655
477,2014-02-12,29.38,30.54,30.88,28.68,203804,306218672.0,7.51,4.23,1.24,15.31,SZ002655
478,2014-02-13,30.3,27.82,30.38,27.5,175179,255507503.0,9.43,-8.91,-2.72,13.16,SZ002655
479,2014-02-14,28.02,28.1,28.62,27.22,135392,188320923.0,5.03,1.01,0.28,10.17,SZ002655
480,2014-02-17,28.38,29.74,30.06,27.8,164053,235692354.0,8.04,5.84,1.64,12.33,SZ002655
481,2014-02-18,29.54,30.5,31.78,29.18,246717,375773264.0,8.74,2.56,0.76,18.54,SZ002655
482,2014-02-19,31.34,30.68,32.14,30.24,228440,353677696.0,6.23,0.59,0.18,17.17,SZ002655
483,2014-02-20,30.58,30.26,30.76,28.98,146603,218549152.0,5.8,-1.37,-0.42,11.02,SZ002655
484,2014-02-21,30.78,31.44,31.8,29.92,222928,345231584.0,6.21,3.9,1.18,16.75,SZ002655
485,2014-02-24,31.26,32.78,32.82,30.18,262778,413695568.0,8.4,4.26,1.34,19.75,SZ002655
486,2014-02-25,32.68,30.34,33.12,29.78,243019,382111856.0,10.19,-7.44,-2.44,18.26,SZ002655
487,2014-02-26,29.18,28.82,29.68,27.82,133401,190472046.0,6.13,-5.01,-1.52,10.02,SZ002655
488,2014-02-27,28.88,26.56,29.52,26.26,170765,237180778.0,11.31,-7.84,-2.26,12.83,SZ002655
489,2014-02-28,25.78,26.18,26.42,25.26,109721,140948453.0,4.37,-1.43,-0.38,8.24,SZ002655
490,2014-03-03,25.94,26.76,27.14,25.7,99537,130630514.0,5.5,2.22,0.58,7.48,SZ002655
491,2014-03-04,26.56,26.24,26.56,25.58,87350,113144493.0,3.66,-1.94,-0.52,6.56,SZ002655
492,2014-03-05,26.28,26.38,27.04,26.18,76724,101478044.0,3.28,0.53,0.14,5.77,SZ002655
493,2014-03-06,26.02,25.78,26.08,24.84,90767,114885731.0,4.7,-2.27,-0.6,6.82,SZ002655
494,2014-03-07,25.52,25.0,25.98,24.92,87480,110039655.0,4.11,-3.03,-0.78,6.57,SZ002655
495,2014-03-10,24.88,23.08,25.02,23.04,90255,107028000.0,7.92,-7.68,-1.92,6.78,SZ002655
496,2014-03-11,23.1,23.54,23.74,23.04,68636,79787175.0,3.03,1.99,0.46,5.16,SZ002655
497,2014-03-12,23.48,23.92,24.08,23.24,82056,96495867.0,3.57,1.61,0.38,6.17,SZ002655
498,2014-03-13,23.94,24.14,24.4,23.76,60376,71990422.0,2.68,0.92,0.22,4.54,SZ002655
499,2014-03-14,24.14,24.08,24.52,23.48,58512,69832607.0,4.31,-0.25,-0.06,4.4,SZ002655
500,2014-03-17,23.86,25.36,25.54,23.78,89248,109280921.0,7.31,5.32,1.28,6.71,SZ002655
501,2014-03-18,25.18,25.22,25.6,24.92,87552,109676156.0,2.68,-0.55,-0.14,6.58,SZ002655
502,2014-03-19,25.2,24.74,25.2,24.56,55312,68069832.0,2.54,-1.9,-0.48,4.16,SZ002655
503,2014-03-20,24.98,23.14,25.06,23.08,69577,83231630.0,8.0,-6.47,-1.6,5.23,SZ002655
504,2014-03-21,23.12,23.62,23.8,22.72,48056,55419125.0,4.67,2.07,0.48,3.61,SZ002655
505,2014-03-24,23.62,24.08,24.26,23.36,48765,57575749.0,3.81,1.95,0.46,3.66,SZ002655
506,2014-03-25,23.98,23.98,24.58,23.7,39084,46661391.0,3.65,-0.42,-0.1,2.94,SZ002655
507,2014-03-26,24.04,24.52,24.96,23.98,66134,80728184.0,4.09,2.25,0.54,4.97,SZ002655
508,2014-03-27,24.38,23.88,24.74,23.88,54259,65518715.0,3.51,-2.61,-0.64,4.08,SZ002655
509,2014-03-28,23.88,22.6,24.06,22.4,66379,75352398.0,6.95,-5.36,-1.28,4.99,SZ002655
510,2014-03-31,22.4,22.3,22.72,21.98,30028,33298212.0,3.27,-1.33,-0.3,2.26,SZ002655
511,2014-04-01,22.3,22.72,22.78,22.22,24803,27825997.0,2.51,1.88,0.42,1.86,SZ002655
512,2014-04-02,22.78,22.46,22.94,22.26,25807,28802248.0,2.99,-1.14,-0.26,1.94,SZ002655
513,2014-04-03,22.5,22.6,22.96,22.34,30430,34202095.0,2.76,0.62,0.14,2.29,SZ002655
514,2014-04-04,22.72,23.18,23.18,22.54,37691,42874918.0,2.83,2.57,0.58,2.83,SZ002655
515,2014-04-08,22.94,23.6,23.66,22.84,42074,48521459.0,3.54,1.81,0.42,3.16,SZ002655
516,2014-04-09,23.58,23.98,24.14,23.5,57329,67927741.0,2.71,1.61,0.38,4.31,SZ002655
517,2014-04-10,23.94,23.76,24.12,23.7,45125,53519702.0,1.75,-0.92,-0.22,3.39,SZ002655
518,2014-04-11,23.72,23.54,23.76,23.08,38790,45016402.0,2.86,-0.93,-0.22,2.91,SZ002655
519,2014-04-14,23.7,24.48,24.54,23.64,65534,78752209.0,3.82,3.99,0.94,4.92,SZ002655
520,2014-04-15,24.2,23.92,24.38,23.86,41520,49660340.0,2.12,-2.29,-0.56,3.12,SZ002655
521,2014-04-16,23.78,23.92,24.18,23.68,27881,33132859.0,2.09,0.0,0.0,2.1,SZ002655
522,2014-04-17,23.82,24.44,24.74,23.82,66962,81078334.0,3.85,2.17,0.52,5.03,SZ002655
523,2014-04-18,24.2,24.26,24.92,24.2,55673,67563472.0,2.95,-0.74,-0.18,4.18,SZ002655
524,2014-04-21,23.98,23.68,24.68,23.64,49285,58957528.0,4.29,-2.39,-0.58,3.7,SZ002655
525,2014-04-22,23.48,22.8,23.88,22.3,54334,61795964.0,6.67,-3.72,-0.88,4.08,SZ002655
526,2014-04-23,22.66,22.54,23.0,22.48,25287,28459688.0,2.28,-1.14,-0.26,1.9,SZ002655
527,2014-04-24,22.54,22.72,22.94,22.36,26640,29907183.0,2.57,0.8,0.18,2.0,SZ002655
528,2014-04-25,22.64,21.4,22.7,21.3,45630,49618612.0,6.16,-5.81,-1.32,3.43,SZ002655
529,2014-04-28,21.08,19.8,21.08,19.76,38734,39045443.0,6.17,-7.48,-1.6,2.91,SZ002655
530,2014-04-29,20.12,20.54,20.68,19.98,31074,31395462.0,3.54,3.74,0.74,2.33,SZ002655
531,2014-04-30,20.54,20.64,20.82,20.46,18458,18875943.0,1.75,0.49,0.1,1.39,SZ002655
532,2014-05-05,20.58,21.18,21.18,20.48,20396,21008789.0,3.39,2.62,0.54,1.53,SZ002655
533,2014-05-06,21.24,23.28,23.28,20.98,60285,67445702.0,10.86,9.92,2.1,4.53,SZ002655
534,2014-05-07,24.18,23.86,24.6,23.48,152175,180928261.0,4.81,2.49,0.58,11.43,SZ002655
535,2014-05-08,23.48,23.98,24.18,23.12,100368,118452568.0,4.44,0.5,0.12,7.54,SZ002655
536,2014-05-09,23.98,23.72,24.82,23.62,98121,118048140.0,5.0,-1.08,-0.26,7.37,SZ002655
537,2014-05-12,23.78,24.18,24.18,22.62,100903,117413734.0,6.58,1.94,0.46,7.58,SZ002655
538,2014-05-13,23.86,23.42,24.42,23.4,61013,71910211.0,4.22,-3.14,-0.76,4.58,SZ002655
539,2014-05-14,23.24,23.66,23.76,23.1,40330,47068589.0,2.82,1.02,0.24,3.03,SZ002655
540,2014-05-15,23.38,22.18,23.54,22.08,76114,85973779.0,6.17,-6.26,-1.48,5.72,SZ002655
541,2014-05-16,22.24,22.18,22.28,21.3,41580,44912244.0,4.42,0.0,0.0,3.12,SZ002655
542,2014-05-19,22.18,22.62,22.7,21.6,30681,33655634.0,4.96,1.98,0.44,2.31,SZ002655
543,2014-05-20,22.58,22.32,23.02,22.2,39673,44441918.0,3.63,-1.33,-0.3,2.98,SZ002655
544,2014-05-21,22.18,23.24,23.32,21.84,70902,80293388.0,6.63,4.12,0.92,5.33,SZ002655
545,2014-05-22,23.18,22.92,23.58,22.86,55773,64246782.0,3.1,-1.38,-0.32,4.19,SZ002655
546,2014-05-23,22.68,23.08,23.12,22.14,55850,62488533.0,4.28,0.7,0.16,4.2,SZ002655
547,2014-05-26,22.98,24.0,24.48,22.9,99794,117707131.0,6.85,3.99,0.92,7.5,SZ002655
548,2014-05-27,23.8,23.98,24.14,23.56,72098,85400803.0,2.42,-0.08,-0.02,5.42,SZ002655
549,2014-05-28,23.86,24.56,24.58,23.32,140600,168024247.0,5.25,2.42,0.58,10.57,SZ002655
550,2014-05-29,24.56,23.94,25.1,23.94,108138,131182043.0,4.72,-2.52,-0.62,8.13,SZ002655
551,2014-05-30,23.74,24.24,24.42,23.52,67939,81105695.0,3.76,1.25,0.3,5.11,SZ002655
552,2014-06-03,24.38,24.02,24.64,23.94,60638,72960091.0,2.89,-0.91,-0.22,4.56,SZ002655
553,2014-06-04,23.88,25.02,25.06,23.8,145471,176948371.0,5.25,4.16,1.0,10.93,SZ002655
554,2014-06-05,24.68,25.02,25.06,24.56,94492,116480304.0,2.0,0.0,0.0,7.1,SZ002655
555,2014-06-06,25.08,25.36,26.02,24.8,159429,201665142.0,4.88,1.36,0.34,11.98,SZ002655
556,2014-06-09,25.08,24.54,25.32,24.5,81418,100402825.0,3.23,-3.23,-0.82,6.12,SZ002655
557,2014-06-10,24.53,24.95,25.13,24.23,99694,81884331.0,3.67,1.67,0.41,4.99,SZ002655
558,2014-06-11,24.95,25.37,25.58,24.53,144826,120229025.0,4.21,1.68,0.42,7.26,SZ002655
559,2014-06-12,25.1,24.71,25.28,24.65,116518,95820143.0,2.48,-2.6,-0.66,5.84,SZ002655
560,2014-06-13,24.5,26.0,27.17,24.5,397156,345962032.0,10.81,5.22,1.29,19.9,SZ002655
561,2014-06-16,25.85,26.42,26.51,25.67,251217,216914706.0,3.23,1.62,0.42,12.58,SZ002655
562,2014-06-17,26.18,25.85,26.24,25.52,142546,122009425.0,2.73,-2.16,-0.57,7.14,SZ002655
563,2014-06-18,25.97,25.94,26.42,25.58,142347,122628528.0,3.25,0.35,0.09,7.13,SZ002655
564,2014-06-19,25.73,24.5,26.0,23.84,147757,121754221.0,8.33,-5.55,-1.44,7.4,SZ002655
565,2014-06-20,24.2,24.71,24.74,24.02,68672,55698462.0,2.94,0.86,0.21,3.44,SZ002655
566,2014-06-23,24.8,25.4,26.0,24.74,116946,98674454.0,5.1,2.79,0.69,5.86,SZ002655
567,2014-06-24,25.31,25.67,25.7,25.16,87370,73638767.0,2.13,1.06,0.27,4.38,SZ002655
568,2014-06-25,25.55,25.25,25.67,25.13,65055,54466215.0,2.1,-1.64,-0.42,3.26,SZ002655
569,2014-06-26,25.25,25.79,26.03,25.25,120165,102496439.0,3.09,2.14,0.54,6.02,SZ002655
570,2014-06-27,25.73,25.91,26.33,25.61,126560,108627563.0,2.79,0.47,0.12,6.34,SZ002655
571,2014-06-30,25.97,26.63,27.05,25.67,216990,189859452.0,5.33,2.78,0.72,10.87,SZ002655
572,2014-07-01,26.39,26.42,26.69,26.03,125383,109204716.0,2.48,-0.79,-0.21,6.28,SZ002655
573,2014-07-02,26.45,26.27,26.57,25.97,111502,96883876.0,2.27,-0.57,-0.15,5.59,SZ002655
574,2014-07-03,26.18,26.54,26.57,26.03,114764,99923252.0,2.06,1.03,0.27,5.75,SZ002655
575,2014-07-04,26.6,27.38,27.71,26.48,288811,261573291.0,4.63,3.17,0.84,14.47,SZ002655
576,2014-07-07,27.2,26.99,27.2,26.45,148424,131285603.0,2.74,-1.42,-0.39,7.44,SZ002655
577,2014-07-08,26.9,26.99,27.11,26.3,105114,93016799.0,3.0,0.0,0.0,5.27,SZ002655
578,2014-07-09,26.75,26.57,27.59,26.45,145860,130191144.0,4.22,-1.56,-0.42,7.31,SZ002655
579,2014-07-10,26.63,25.94,26.66,25.91,92694,80524681.0,2.82,-2.37,-0.63,4.64,SZ002655
580,2014-07-11,25.94,26.06,26.33,25.85,64525,55771657.0,1.85,0.46,0.12,3.23,SZ002655
581,2014-07-14,26.09,26.54,26.54,25.88,67019,58241310.0,2.53,1.84,0.48,3.36,SZ002655
582,2014-07-15,26.48,26.42,26.72,26.0,86028,75084052.0,2.71,-0.45,-0.12,4.31,SZ002655
583,2014-07-16,26.36,25.04,26.36,24.62,140077,117625046.0,6.59,-5.22,-1.38,7.02,SZ002655
584,2014-07-17,24.98,25.04,25.25,24.74,49769,41162081.0,2.04,0.0,0.0,2.49,SZ002655
585,2014-07-18,24.89,24.77,25.22,24.65,51628,42500844.0,2.28,-1.08,-0.27,2.59,SZ002655
586,2014-07-21,24.86,24.56,24.95,24.35,44856,36465640.0,2.42,-0.85,-0.21,2.25,SZ002655
587,2014-07-22,24.62,25.07,25.22,24.5,46456,38302592.0,2.93,2.08,0.51,2.33,SZ002655
588,2014-07-23,25.07,24.41,25.19,24.35,56486,46086373.0,3.35,-2.63,-0.66,2.83,SZ002655
589,2014-07-24,24.47,23.9,24.59,23.09,72365,57004221.0,6.15,-2.09,-0.51,3.63,SZ002655
590,2014-07-25,23.9,24.08,24.11,23.69,34199,27007337.0,1.76,0.75,0.18,1.71,SZ002655
591,2014-07-28,23.96,24.83,25.01,23.96,59231,48108181.0,4.36,3.11,0.75,2.97,SZ002655
592,2014-07-29,24.83,25.01,25.4,24.68,79480,65919170.0,2.9,0.72,0.18,3.98,SZ002655
593,2014-07-30,25.04,25.01,25.19,24.56,70162,57801038.0,2.52,0.0,0.0,3.51,SZ002655
594,2014-07-31,24.86,25.49,25.76,24.86,95778,80047094.0,3.6,1.92,0.48,4.8,SZ002655
595,2014-08-01,25.34,24.77,25.49,24.65,83186,68974697.0,3.3,-2.82,-0.72,4.17,SZ002655
596,2014-08-04,24.83,24.98,25.04,24.68,45088,37132063.0,1.45,0.85,0.21,2.26,SZ002655
597,2014-08-05,24.92,25.7,26.15,24.65,140485,117887886.0,6.0,2.88,0.72,7.04,SZ002655
598,2014-08-06,25.55,25.73,26.0,25.28,112535,95502703.0,2.8,0.12,0.03,5.64,SZ002655
599,2014-08-07,25.76,26.18,27.08,25.7,236226,206880772.0,5.36,1.75,0.45,11.83,SZ002655
600,2014-08-08,26.45,26.63,27.17,26.3,184009,163136931.0,3.32,1.72,0.45,9.22,SZ002655
601,2014-08-11,26.45,27.8,27.8,26.33,270967,245059571.0,5.52,4.39,1.17,13.57,SZ002655
602,2014-08-12,27.71,28.67,29.42,27.47,357035,335996688.0,7.01,3.13,0.87,17.89,SZ002655
603,2014-08-13,28.64,30.68,31.25,28.01,444095,433843104.0,11.3,7.01,2.01,22.25,SZ002655
604,2014-08-14,30.56,33.74,33.74,30.53,481932,521161760.0,10.46,9.97,3.06,24.14,SZ002655
605,2014-08-15,34.7,35.24,36.11,33.8,738376,854384640.0,6.85,4.45,1.5,36.99,SZ002655
606,2014-08-18,34.88,35.21,36.44,34.22,582617,677642432.0,6.3,-0.09,-0.03,29.19,SZ002655
607,2014-08-19,34.88,33.71,35.15,33.38,512935,579335872.0,5.03,-4.26,-1.5,25.7,SZ002655
608,2014-08-20,33.26,32.84,33.41,32.21,417168,453022000.0,3.56,-2.58,-0.87,20.9,SZ002655
609,2014-08-21,32.84,33.47,33.53,32.3,378454,413748976.0,3.75,1.92,0.63,18.96,SZ002655
610,2014-08-22,33.2,32.78,33.2,32.12,273845,296087680.0,3.23,-2.06,-0.69,13.72,SZ002655
611,2014-08-25,32.9,33.35,34.25,32.36,366239,404255392.0,5.77,1.74,0.57,18.35,SZ002655
612,2014-08-26,32.93,31.34,33.02,30.83,309812,326680896.0,6.57,-6.03,-2.01,15.52,SZ002655
613,2014-08-27,31.1,31.25,31.64,30.89,149392,154326059.0,2.39,-0.29,-0.09,7.48,SZ002655
614,2014-08-28,31.37,31.37,32.24,31.1,181861,190669674.0,3.65,0.38,0.12,9.11,SZ002655
615,2014-08-29,31.76,34.49,34.49,31.55,673943,756141088.0,9.37,9.95,3.12,33.76,SZ002655
616,2014-09-01,35.24,36.05,36.38,34.34,736196,861751376.0,5.91,4.52,1.56,36.88,SZ002655
617,2014-09-02,35.3,36.65,36.98,34.85,582989,689741072.0,5.91,1.66,0.6,29.2,SZ002655
618,2014-09-03,36.2,35.75,36.68,35.33,431270,514519040.0,3.68,-2.46,-0.9,21.6,SZ002655
619,2014-09-04,35.3,35.3,35.45,34.4,337999,391506368.0,2.94,-1.26,-0.45,16.93,SZ002655
620,2014-09-05,35.15,35.63,36.47,34.85,309762,367902096.0,4.59,0.93,0.33,15.52,SZ002655
621,2014-09-09,35.63,36.56,36.8,34.7,334937,398757856.0,5.89,2.61,0.93,16.78,SZ002655
622,2014-09-10,35.45,35.51,36.05,35.24,271137,319397088.0,2.22,-2.87,-1.05,13.58,SZ002655
623,2014-09-11,35.51,34.85,35.96,34.73,234339,273632176.0,3.46,-1.86,-0.66,11.74,SZ002655
624,2014-09-12,34.55,35.12,35.15,34.46,116267,134557174.0,1.98,0.77,0.27,5.82,SZ002655
625,2014-09-15,35.12,35.78,35.96,35.0,189215,222781541.0,2.73,1.88,0.66,9.48,SZ002655
626,2014-09-16,35.78,33.2,36.11,32.9,238674,273685632.0,8.97,-7.21,-2.58,11.96,SZ002655
627,2014-09-17,33.2,32.81,33.65,32.15,120988,130947328.0,4.52,-1.17,-0.39,6.06,SZ002655
628,2014-09-18,32.81,33.02,33.17,32.24,85236,92425536.0,2.83,0.64,0.21,4.27,SZ002655
629,2014-09-19,32.84,33.62,33.77,32.72,87619,96491934.0,3.18,1.82,0.6,4.39,SZ002655
630,2014-09-22,33.5,32.39,33.5,32.3,93000,100830195.0,3.57,-3.66,-1.23,4.66,SZ002655
631,2014-09-23,32.42,32.75,32.87,32.3,70136,75735712.0,1.76,1.11,0.36,3.51,SZ002655
632,2014-09-24,32.72,33.26,33.59,32.36,128509,141591540.0,3.76,1.56,0.51,6.44,SZ002655
633,2014-09-25,33.32,33.38,33.89,33.26,105926,117567532.0,1.89,0.36,0.12,5.31,SZ002655
634,2014-09-26,33.5,32.96,33.5,32.78,75540,82774211.0,2.16,-1.26,-0.42,3.78,SZ002655
635,2014-09-29,32.96,33.71,33.95,32.93,114387,127254327.0,3.09,2.28,0.75,5.73,SZ002655
636,2014-09-30,33.71,35.69,35.93,33.5,316820,368397600.0,7.21,5.87,1.98,15.87,SZ002655
637,2014-10-08,35.48,35.3,35.51,34.52,178480,207158904.0,2.77,-1.09,-0.39,8.94,SZ002655
638,2014-10-09,35.42,35.33,35.48,34.61,158378,183682323.0,2.46,0.08,0.03,7.93,SZ002655
639,2014-10-10,35.15,34.76,35.21,34.58,104303,120537170.0,1.78,-1.61,-0.57,5.23,SZ002655
640,2014-10-13,34.67,33.95,34.67,32.96,114066,127161735.0,4.92,-2.33,-0.81,5.71,SZ002655
641,2014-10-14,33.8,33.29,34.04,32.96,101654,112671122.0,3.18,-1.94,-0.66,5.09,SZ002655
642,2014-10-15,33.23,33.71,33.74,33.11,70038,77593080.0,1.89,1.26,0.42,3.51,SZ002655
643,2014-10-16,33.65,32.54,33.65,32.48,89834,98817165.0,3.47,-3.47,-1.17,4.5,SZ002655
644,2014-10-17,32.9,33.5,33.68,32.09,116572,127636979.0,4.89,2.95,0.96,5.84,SZ002655
645,2014-10-20,33.71,33.62,33.86,32.78,82045,91262740.0,3.22,0.36,0.12,4.11,SZ002655
646,2014-10-21,33.47,32.69,33.74,32.66,73890,81157550.0,3.21,-2.77,-0.93,3.7,SZ002655
647,2014-10-22,32.75,32.12,33.29,32.0,67297,72833811.0,3.95,-1.74,-0.57,3.37,SZ002655
648,2014-10-23,31.88,30.62,32.06,30.44,92873,95439162.0,5.04,-4.67,-1.5,4.65,SZ002655
649,2014-10-24,30.47,30.2,30.77,30.05,69085,69306635.0,2.35,-1.37,-0.42,3.46,SZ002655
650,2014-10-27,30.2,30.62,30.71,30.14,41323,41688916.0,1.89,1.39,0.42,2.07,SZ002655
651,2014-10-28,30.68,31.37,31.55,30.68,64878,66985513.0,2.84,2.45,0.75,3.25,SZ002655
652,2014-10-29,31.61,31.76,32.18,31.58,95994,101182552.0,1.91,1.24,0.39,4.81,SZ002655
653,2014-10-30,31.79,31.22,31.88,31.1,82149,85593444.0,2.46,-1.7,-0.54,4.12,SZ002655
654,2014-10-31,31.4,31.67,31.94,31.25,83546,87375715.0,2.21,1.44,0.45,4.19,SZ002655
655,2014-11-03,31.79,32.48,32.54,31.49,106208,112857836.0,3.32,2.56,0.81,5.32,SZ002655
656,2014-11-04,32.33,32.03,32.6,31.85,78220,83357363.0,2.31,-1.39,-0.45,3.92,SZ002655
657,2014-11-05,32.0,31.49,32.0,31.43,48521,50808810.0,1.78,-1.69,-0.54,2.43,SZ002655
658,2014-11-06,31.49,32.03,32.09,31.43,51518,54241873.0,2.1,1.71,0.54,2.58,SZ002655
659,2014-11-07,32.03,31.04,32.27,31.01,70557,74057191.0,3.93,-3.09,-0.99,3.53,SZ002655
660,2014-11-10,31.25,31.13,31.49,30.83,49157,50457639.0,2.13,0.29,0.09,2.46,SZ002655
661,2014-11-11,31.1,29.99,31.19,29.6,83415,83726417.0,5.11,-3.66,-1.14,4.18,SZ002655
662,2014-11-12,29.99,30.41,30.44,29.78,41618,41612859.0,2.2,1.4,0.42,2.08,SZ002655
663,2014-11-13,30.38,29.36,30.38,29.24,63920,62635594.0,3.75,-3.45,-1.05,3.2,SZ002655
664,2014-11-14,29.27,29.39,29.63,29.0,36676,35713134.0,2.15,0.1,0.03,1.84,SZ002655
665,2014-11-17,29.33,30.08,30.41,29.3,52083,51681173.0,3.78,2.35,0.69,2.61,SZ002655
666,2014-11-18,29.96,30.02,30.35,29.9,28795,28687148.0,1.5,-0.2,-0.06,1.44,SZ002655
667,2014-11-19,30.05,30.89,30.95,29.9,84644,85831281.0,3.5,2.9,0.87,4.24,SZ002655
668,2014-11-20,30.71,30.62,30.95,30.29,45977,46469814.0,2.14,-0.87,-0.27,2.3,SZ002655
669,2014-11-21,30.62,31.4,31.82,30.5,116782,121165644.0,4.31,2.55,0.78,5.85,SZ002655
670,2014-11-24,31.67,31.4,31.7,31.1,75844,78619101.0,1.91,0.0,0.0,3.8,SZ002655
671,2014-11-25,31.4,31.64,31.97,31.16,76138,79736184.0,2.58,0.76,0.24,3.81,SZ002655
672,2014-11-26,31.79,31.1,31.85,30.68,75672,78184939.0,3.7,-1.71,-0.54,3.79,SZ002655
673,2014-11-27,31.04,32.0,32.27,31.04,123907,129800144.0,3.95,2.89,0.9,6.21,SZ002655
674,2014-11-28,31.73,31.67,31.94,31.31,83365,87176221.0,1.97,-1.03,-0.33,4.18,SZ002655
675,2014-12-01,31.55,30.41,31.67,30.26,78083,79539535.0,4.45,-3.98,-1.26,3.91,SZ002655
676,2014-12-02,30.41,30.62,30.98,30.32,55449,56391615.0,2.17,0.69,0.21,2.78,SZ002655
677,2014-12-03,30.68,30.89,30.92,30.05,94138,94901922.0,2.84,0.88,0.27,4.72,SZ002655
678,2014-12-04,30.8,31.16,31.52,30.8,94393,97368486.0,2.33,0.87,0.27,4.73,SZ002655
679,2014-12-05,31.01,29.87,31.04,29.48,106030,105805616.0,5.01,-4.14,-1.29,5.31,SZ002655
680,2014-12-08,29.78,29.9,30.5,29.3,70948,70152869.0,4.02,0.1,0.03,3.55,SZ002655
681,2014-12-09,29.3,27.83,29.9,27.74,115390,110556462.0,7.22,-6.92,-2.07,5.78,SZ002655
682,2014-12-10,27.65,28.55,28.67,27.65,57187,53448540.0,3.67,2.59,0.72,2.86,SZ002655
683,2014-12-11,28.58,28.58,28.88,28.22,60517,57218142.0,2.31,0.11,0.03,3.03,SZ002655
684,2014-12-12,28.73,29.42,29.6,28.73,60182,58321985.0,3.04,2.94,0.84,3.01,SZ002655
685,2014-12-15,29.45,29.9,29.93,29.0,68598,67285746.0,3.16,1.63,0.48,3.44,SZ002655
686,2014-12-16,29.81,29.42,29.93,29.3,56646,55371091.0,2.11,-1.61,-0.48,2.84,SZ002655
687,2014-12-17,29.42,28.31,29.45,27.2,75800,71278196.0,7.65,-3.77,-1.11,3.8,SZ002655
688,2014-12-18,28.4,28.31,29.0,28.31,47296,44783418.0,2.44,0.0,0.0,2.37,SZ002655
689,2014-12-19,28.4,27.71,28.58,27.38,58620,53786401.0,4.24,-2.12,-0.6,2.94,SZ002655
690,2014-12-22,27.5,25.7,27.5,25.61,81140,70349682.0,6.82,-7.25,-2.01,4.06,SZ002655
691,2014-12-23,25.7,25.82,26.3,25.55,41801,35920369.0,2.92,0.47,0.12,2.09,SZ002655
692,2014-12-24,26.06,26.72,26.75,26.0,47356,41386029.0,2.9,3.49,0.9,2.37,SZ002655
693,2014-12-25,26.75,26.84,27.14,26.51,38237,33881479.0,2.36,0.45,0.12,1.92,SZ002655
694,2014-12-26,26.6,26.51,26.81,26.33,39995,35115041.0,1.79,-1.23,-0.33,2.0,SZ002655
695,2014-12-29,26.51,25.82,26.51,25.4,50768,43270757.0,4.19,-2.6,-0.69,2.54,SZ002655
696,2014-12-30,25.82,25.67,26.06,25.58,40349,34452179.0,1.86,-0.58,-0.15,2.02,SZ002655
697,2014-12-31,25.61,26.06,26.12,25.55,34612,29672155.0,2.22,1.52,0.39,1.73,SZ002655
698,2015-01-05,26.06,26.87,27.17,25.52,80712,70645234.0,6.33,3.11,0.81,4.04,SZ002655
699,2015-01-06,26.48,27.5,27.5,26.45,100807,90166013.0,3.91,2.34,0.63,5.05,SZ002655
700,2015-01-07,27.56,26.96,27.62,26.75,58757,52666227.0,3.16,-1.96,-0.54,2.94,SZ002655
701,2015-01-08,27.08,27.05,27.44,26.63,64710,57927184.0,3.0,0.33,0.09,3.24,SZ002655
702,2015-01-09,27.11,26.78,27.41,26.75,49043,44003652.0,2.44,-1.0,-0.27,2.46,SZ002655
703,2015-01-12,26.72,26.12,26.72,26.12,39923,34874594.0,2.24,-2.46,-0.66,2.0,SZ002655
704,2015-01-13,26.09,27.8,27.8,26.03,139252,126458495.0,6.78,6.43,1.68,6.98,SZ002655
705,2015-01-14,27.68,27.5,27.95,27.23,70756,64345017.0,2.59,-1.08,-0.3,3.54,SZ002655
706,2015-01-15,27.5,27.56,27.83,27.35,53980,49238762.0,1.75,0.22,0.06,2.7,SZ002655
707,2015-01-16,27.5,28.04,28.49,27.38,87689,81088721.0,4.03,1.74,0.48,4.39,SZ002655
708,2015-01-19,27.53,27.29,28.46,26.93,91574,84129317.0,5.46,-2.67,-0.75,4.59,SZ002655
709,2015-01-20,27.38,28.61,28.7,27.38,112413,105141875.0,4.84,4.84,1.32,5.63,SZ002655
710,2015-01-21,28.64,28.97,29.15,28.43,130676,124301199.0,2.52,1.26,0.36,6.55,SZ002655
711,2015-01-22,28.94,29.78,29.84,28.73,133842,130273449.0,3.83,2.8,0.81,6.7,SZ002655
712,2015-01-23,29.78,29.48,30.35,29.18,153796,152174124.0,3.93,-1.01,-0.3,7.7,SZ002655
713,2015-01-26,29.48,29.75,30.11,29.3,83852,82322082.0,2.75,0.92,0.27,4.2,SZ002655
714,2015-01-27,29.75,29.54,30.08,29.12,76987,75504110.0,3.23,-0.71,-0.21,3.86,SZ002655
715,2015-01-28,29.36,29.21,29.51,29.03,60244,58345226.0,1.62,-1.12,-0.33,3.02,SZ002655
716,2015-01-29,29.0,28.97,29.15,28.82,50921,48846531.0,1.13,-0.82,-0.24,2.55,SZ002655
717,2015-01-30,28.91,28.37,29.15,28.31,51906,49184663.0,2.9,-2.07,-0.6,2.6,SZ002655
718,2015-02-02,28.25,28.49,28.79,28.1,36235,34191064.0,2.43,0.42,0.12,1.82,SZ002655
719,2015-02-03,28.52,29.69,30.05,28.52,128695,125596772.0,5.37,4.21,1.2,6.45,SZ002655
720,2015-02-04,29.72,29.24,29.81,29.21,70902,69087548.0,2.02,-1.52,-0.45,3.55,SZ002655
721,2015-02-05,29.57,30.11,30.92,29.18,202667,203139252.0,5.95,2.98,0.87,10.15,SZ002655
722,2015-02-06,30.11,29.36,30.59,29.03,98894,97053742.0,5.18,-2.49,-0.75,4.95,SZ002655
723,2015-02-09,28.94,29.33,29.9,28.88,53334,52063414.0,3.47,-0.1,-0.03,2.67,SZ002655
724,2015-02-10,29.33,29.42,29.57,28.88,56742,54753189.0,2.35,0.31,0.09,2.84,SZ002655
725,2015-02-11,29.6,30.08,30.44,29.51,114172,113780767.0,3.16,2.24,0.66,5.72,SZ002655
726,2015-02-12,29.9,29.93,30.38,29.69,86387,86013926.0,2.29,-0.5,-0.15,4.33,SZ002655
727,2015-02-13,30.17,30.5,30.68,29.9,143800,144334735.0,2.61,1.9,0.57,7.2,SZ002655
728,2015-02-16,30.77,31.67,32.15,30.47,213727,222608055.0,5.51,3.84,1.17,10.71,SZ002655
729,2015-02-17,31.43,31.34,31.58,30.65,143589,147818477.0,2.94,-1.04,-0.33,3.99,SZ002655
730,2015-02-25,31.49,31.04,31.67,30.8,115920,119993507.0,2.78,-0.96,-0.3,3.22,SZ002655
731,2015-02-26,30.77,31.31,31.31,30.35,119757,122325420.0,3.09,0.87,0.27,3.33,SZ002655
732,2015-02-27,31.19,31.82,32.12,30.95,156234,163219574.0,3.74,1.63,0.51,4.34,SZ002655
733,2015-03-02,31.7,32.12,32.45,31.43,152865,161919936.0,3.21,0.94,0.3,4.25,SZ002655
734,2015-03-03,32.0,31.43,32.84,31.25,184569,196417763.0,4.95,-2.15,-0.69,5.13,SZ002655
735,2015-03-04,31.43,32.6,32.63,31.4,165649,175701086.0,3.91,3.72,1.17,4.6,SZ002655
736,2015-03-05,32.57,34.01,35.84,32.33,331557,375756288.0,10.77,4.33,1.41,9.21,SZ002655
737,2015-03-06,33.65,32.54,33.98,32.36,201184,220037735.0,4.76,-4.32,-1.47,5.59,SZ002655
738,2015-03-09,32.15,32.87,33.2,31.7,108112,116501245.0,4.61,1.01,0.33,3.0,SZ002655
739,2015-03-10,32.3,32.57,33.29,31.7,203761,218837720.0,4.84,-0.91,-0.3,5.66,SZ002655
740,2015-03-11,32.45,31.76,32.48,31.55,151624,160029336.0,2.86,-2.49,-0.81,4.21,SZ002655
741,2015-03-12,31.73,31.52,32.06,31.31,100008,104953941.0,2.36,-0.76,-0.24,2.78,SZ002655
742,2015-03-13,31.7,32.42,32.6,31.49,115304,122299387.0,3.52,2.86,0.9,3.2,SZ002655
743,2015-03-16,32.33,33.59,33.71,32.3,228861,250957370.0,4.35,3.61,1.17,6.36,SZ002655
744,2015-03-17,33.47,33.8,34.19,33.2,283652,317106848.0,2.95,0.63,0.21,7.88,SZ002655
745,2015-03-18,33.62,34.4,34.61,33.5,190756,215639147.0,3.28,1.78,0.6,5.3,SZ002655
746,2015-03-19,34.28,34.4,34.46,33.53,176307,198405383.0,2.7,0.0,0.0,4.9,SZ002655
747,2015-03-20,34.4,34.4,35.24,34.04,213130,244417171.0,3.49,0.0,0.0,5.92,SZ002655
748,2015-03-23,34.43,35.03,35.24,34.37,203835,234979205.0,2.53,1.83,0.63,5.66,SZ002655
749,2015-03-24,35.09,34.67,35.36,33.65,224007,256368516.0,4.88,-1.03,-0.36,6.22,SZ002655
750,2015-03-25,34.43,36.26,37.52,33.77,438984,522137328.0,10.82,4.59,1.59,12.19,SZ002655
751,2015-03-26,36.26,35.15,37.04,34.79,338755,402118192.0,6.21,-3.06,-1.11,9.41,SZ002655
752,2015-03-27,35.06,35.51,36.17,34.88,157393,185742700.0,3.67,1.02,0.36,4.37,SZ002655
753,2015-03-30,35.63,35.54,35.84,34.4,255570,296501168.0,4.06,0.08,0.03,7.1,SZ002655
754,2015-03-31,35.57,35.63,36.11,35.03,192056,226723610.0,3.04,0.25,0.09,5.33,SZ002655
755,2015-04-01,35.9,36.89,37.04,35.33,326721,393150704.0,4.8,3.54,1.26,9.08,SZ002655
756,2015-04-02,37.04,38.75,39.2,36.47,445399,557016448.0,7.4,5.04,1.86,12.37,SZ002655
757,2015-04-03,38.18,38.81,39.08,37.4,369199,468574496.0,4.34,0.15,0.06,10.26,SZ002655
758,2015-04-07,38.81,40.34,41.9,38.45,370273,493667008.0,8.89,3.94,1.53,10.29,SZ002655
759,2015-04-08,40.31,43.25,43.7,37.73,527478,708835552.0,14.8,7.21,2.91,14.65,SZ002655
760,2015-04-09,42.2,43.31,44.51,40.58,437993,617611104.0,9.09,0.14,0.06,12.17,SZ002655
761,2015-04-10,42.5,44.51,44.6,42.23,324003,467861248.0,5.47,2.77,1.2,9.0,SZ002655
762,2015-04-13,44.36,46.4,46.7,43.79,359765,539795216.0,6.54,4.25,1.89,9.99,SZ002655
763,2015-04-14,45.2,43.94,46.25,43.7,428461,642125872.0,5.5,-5.3,-2.46,11.9,SZ002655
764,2015-04-15,43.1,40.7,43.1,40.1,237003,328214624.0,6.83,-7.37,-3.24,6.58,SZ002655
765,2015-04-16,40.37,40.88,42.23,39.53,160798,219330956.0,6.63,0.44,0.18,4.47,SZ002655
766,2015-04-17,41.15,40.43,41.6,40.16,163385,220769686.0,3.52,-1.1,-0.45,4.54,SZ002655
767,2015-04-20,40.1,39.74,42.2,39.38,168669,226889723.0,6.98,-1.71,-0.69,4.69,SZ002655
768,2015-04-21,39.83,41.6,41.93,39.83,156472,212607502.0,5.28,4.68,1.86,4.35,SZ002655
769,2015-04-22,41.72,44.24,44.3,41.66,234767,332781792.0,6.35,6.35,2.64,6.52,SZ002655
770,2015-04-23,44.15,45.53,45.95,43.1,469718,696877008.0,6.44,2.92,1.29,13.05,SZ002655
771,2015-04-24,44.66,44.21,45.5,43.1,361625,534302832.0,5.27,-2.9,-1.32,10.05,SZ002655
772,2015-04-27,44.33,43.7,45.47,43.43,331440,488233136.0,4.61,-1.15,-0.51,9.21,SZ002655
773,2015-04-28,43.13,41.21,44.03,41.15,196290,274022912.0,6.59,-5.7,-2.49,5.45,SZ002655
774,2015-04-29,40.94,42.65,44.27,40.7,126831,178265165.0,8.66,3.49,1.44,3.52,SZ002655
775,2015-04-30,42.8,45.41,46.34,42.77,448335,668097920.0,8.37,6.47,2.76,12.45,SZ002655
776,2015-05-04,45.44,44.6,45.44,43.94,192516,285337360.0,3.3,-1.78,-0.81,5.35,SZ002655
777,2015-05-05,44.57,42.65,45.2,42.38,165330,240818902.0,6.32,-4.37,-1.95,4.59,SZ002655
778,2015-05-06,43.25,42.74,44.51,42.2,215189,310301120.0,5.42,0.21,0.09,5.98,SZ002655
779,2015-05-07,42.71,43.7,44.24,41.42,158597,226189861.0,6.6,2.25,0.96,4.41,SZ002655
780,2015-05-08,43.67,46.67,46.67,43.43,423496,637113264.0,7.41,6.8,2.97,11.76,SZ002655
781,2015-12-18,51.33,51.33,51.33,51.33,15871,27028313.0,0.0,9.99,4.66,0.44,SZ002655
782,2015-12-21,56.43,56.43,56.43,56.43,4456,8346968.0,0.0,9.94,5.1,0.12,SZ002655
783,2015-12-22,62.04,62.04,62.04,62.04,4528,9328050.0,0.0,9.94,5.61,0.13,SZ002655
784,2015-12-23,68.22,68.22,68.22,68.22,9188,20820030.0,0.0,9.96,6.18,0.26,SZ002655
785,2015-12-24,75.03,75.03,75.03,75.03,4335,10807379.0,0.0,9.98,6.81,0.12,SZ002655
786,2015-12-25,82.5,82.5,82.5,82.5,97476,267279548.0,0.0,9.96,7.47,2.71,SZ002655
787,2015-12-28,84.24,74.58,85.74,74.28,1017358,2711345824.0,13.89,-9.6,-7.92,28.26,SZ002655
788,2015-12-29,75.24,76.29,78.81,75.24,637469,1628548368.0,4.79,2.29,1.71,17.71,SZ002655
789,2015-12-30,73.77,73.44,75.54,71.82,403846,990336912.0,4.88,-3.74,-2.85,11.22,SZ002655
790,2015-12-31,73.59,74.22,77.16,72.45,359125,893129872.0,6.41,1.06,0.78,9.98,SZ002655
791,2016-01-04,74.97,66.84,77.94,66.81,215063,522382000.0,15.0,-9.94,-7.38,5.97,SZ002655
792,2016-01-05,62.97,64.47,69.6,61.14,349767,754390256.0,12.66,-3.55,-2.37,9.72,SZ002655
793,2016-01-06,66.15,70.89,70.89,65.04,227416,518645136.0,9.07,9.96,6.42,6.32,SZ002655
794,2016-01-07,69.24,63.84,70.56,63.84,67576,151533042.0,9.48,-9.94,-7.05,1.88,SZ002655
795,2016-01-08,66.84,67.44,69.87,60.33,306303,676004912.0,14.94,5.64,3.6,8.51,SZ002655
796,2016-01-11,63.57,60.72,64.14,60.72,168668,347735664.0,5.07,-9.96,-6.72,4.69,SZ002655
797,2016-01-12,58.17,62.34,63.81,58.17,226851,465739344.0,9.29,2.67,1.62,6.3,SZ002655
798,2016-01-13,63.24,56.13,63.87,56.13,157067,310223248.0,12.42,-9.96,-6.21,4.36,SZ002655
799,2016-01-14,52.89,59.85,60.87,51.39,226184,427149888.0,16.89,6.63,3.72,6.28,SZ002655
800,2016-01-15,58.14,58.32,63.72,57.24,176492,353282240.0,10.83,-2.56,-1.53,4.9,SZ002655
801,2016-01-18,57.39,64.14,64.14,57.39,172098,354436832.0,11.57,9.98,5.82,4.78,SZ002655
802,2016-01-19,64.14,65.64,67.26,62.28,243197,524135328.0,7.76,2.34,1.5,6.76,SZ002655
803,2016-01-20,64.23,65.88,68.61,64.14,169423,372912592.0,6.81,0.37,0.24,4.71,SZ002655
804,2016-01-21,65.34,59.79,65.82,59.37,182268,379840416.0,9.79,-9.24,-6.09,5.06,SZ002655
805,2016-01-22,60.24,62.04,62.79,58.14,141236,284345360.0,7.78,3.76,2.25,3.92,SZ002655
806,2016-01-25,62.34,64.74,66.9,62.04,146163,315208160.0,7.83,4.35,2.7,4.06,SZ002655
807,2016-01-26,63.54,58.62,63.72,58.29,138324,279863328.0,8.39,-9.45,-6.12,3.84,SZ002655
808,2016-01-27,59.46,57.54,59.46,53.07,147797,276525760.0,10.9,-1.84,-1.08,4.11,SZ002655
809,2016-01-28,56.52,51.81,57.78,51.81,134181,245387857.0,10.38,-9.96,-5.73,3.73,SZ002655
810,2016-01-29,51.24,54.39,56.34,49.14,139711,245510371.0,13.9,4.98,2.58,3.88,SZ002655
811,2016-02-01,54.21,54.54,57.09,53.64,101053,185595965.0,6.34,0.28,0.15,2.81,SZ002655
812,2016-02-02,54.75,57.9,59.91,54.75,110471,213117068.0,9.46,6.16,3.36,3.07,SZ002655
813,2016-02-03,57.21,59.22,59.94,56.67,102982,200487233.0,5.65,2.28,1.32,2.86,SZ002655
814,2016-02-04,59.28,63.12,63.99,58.77,130730,272046608.0,8.81,6.59,3.9,3.63,SZ002655
815,2016-02-05,63.63,60.84,63.75,60.63,87567,179213530.0,4.94,-3.61,-2.28,2.43,SZ002655
816,2016-02-15,58.26,64.92,65.88,58.23,103849,218484483.0,12.57,6.71,4.08,2.88,SZ002655
817,2016-02-16,65.04,66.21,66.54,64.14,150884,327666832.0,3.7,1.99,1.29,4.19,SZ002655
818,2016-02-17,65.49,65.61,65.94,63.78,119860,258105378.0,3.26,-0.91,-0.6,3.33,SZ002655
819,2016-02-18,66.3,62.76,66.69,62.25,142759,302109936.0,6.77,-4.34,-2.85,3.97,SZ002655
820,2016-02-19,62.07,62.76,63.75,61.47,97131,201780918.0,3.63,0.0,0.0,2.7,SZ002655
821,2016-02-22,63.45,61.74,63.75,59.88,168040,342838352.0,6.17,-1.63,-1.02,4.67,SZ002655
822,2016-02-23,61.29,59.97,61.62,58.14,131151,260254378.0,5.64,-2.87,-1.77,3.64,SZ002655
823,2016-02-24,60.12,61.47,62.01,57.84,169628,339271184.0,6.95,2.5,1.5,4.71,SZ002655
824,2016-02-25,60.15,55.35,60.54,55.35,168433,319787152.0,8.44,-9.96,-6.12,4.68,SZ002655
825,2016-02-26,55.41,52.23,55.74,50.88,131082,231750675.0,8.78,-5.64,-3.12,3.64,SZ002655
826,2016-02-29,51.24,47.04,51.36,47.04,129140,203239575.0,8.27,-9.94,-5.19,3.59,SZ002655
827,2016-03-01,45.45,47.04,48.48,43.38,172107,261829673.0,10.84,0.0,0.0,4.78,SZ002655
828,2016-03-02,46.77,49.23,49.59,45.84,189933,301465936.0,7.97,4.66,2.19,5.28,SZ002655
829,2016-03-03,49.17,47.16,50.16,47.1,194917,315166992.0,6.22,-4.2,-2.07,5.41,SZ002655
830,2016-03-04,46.47,42.48,46.95,42.48,226840,331589184.0,9.48,-9.92,-4.68,6.3,SZ002655
831,2016-03-07,43.14,46.71,46.71,42.54,270035,411440384.0,9.82,9.96,4.23,7.5,SZ002655
832,2016-03-08,46.35,48.18,48.63,43.14,289809,442258480.0,11.75,3.15,1.47,8.05,SZ002655
833,2016-03-09,47.31,48.24,51.24,46.23,217000,355096528.0,10.4,0.12,0.06,6.03,SZ002655
834,2016-03-10,48.84,45.3,48.84,45.3,137372,214204417.0,7.34,-6.09,-2.94,3.82,SZ002655
835,2016-03-11,44.49,45.48,46.26,43.8,77664,116121358.0,5.43,0.4,0.18,2.16,SZ002655
836,2016-03-14,46.71,49.5,50.01,45.84,249191,405844832.0,9.17,8.84,4.02,6.92,SZ002655
837,2016-03-15,48.6,48.9,51.12,48.48,193860,321092672.0,5.33,-1.21,-0.6,5.38,SZ002655
838,2016-03-16,49.92,47.7,50.61,47.49,120103,194563972.0,6.38,-2.45,-1.2,3.34,SZ002655
839,2016-03-17,48.21,51.33,52.14,47.82,164879,275994976.0,9.06,7.61,3.63,4.58,SZ002655
840,2016-03-18,50.94,53.82,55.65,50.94,136238,243612962.0,9.18,4.85,2.49,3.78,SZ002655
841,2016-03-21,54.63,55.59,56.97,53.22,157028,286107552.0,6.97,3.29,1.77,4.36,SZ002655
842,2016-03-22,54.24,54.36,55.23,53.82,74827,135308588.0,2.54,-2.21,-1.23,2.08,SZ002655
843,2016-03-23,54.21,54.33,55.44,52.71,81865,146607640.0,5.02,-0.06,-0.03,2.27,SZ002655
844,2016-03-24,53.64,54.99,58.86,53.64,170036,319452672.0,9.61,1.21,0.66,4.72,SZ002655
845,2016-03-25,53.67,55.05,55.47,52.77,101588,181539599.0,4.91,0.11,0.06,2.82,SZ002655
846,2016-03-28,55.38,54.09,56.64,53.73,89685,164341901.0,5.29,-1.74,-0.96,2.49,SZ002655
847,2016-03-29,52.89,51.69,53.67,49.98,131941,227102541.0,6.82,-4.44,-2.4,3.67,SZ002655
848,2016-03-30,51.72,53.7,54.03,51.54,112660,196434819.0,4.82,3.89,2.01,3.13,SZ002655
849,2016-03-31,53.34,53.85,55.41,52.89,105147,189861433.0,4.69,0.28,0.15,2.92,SZ002655
850,2016-04-01,53.34,54.78,55.11,52.77,76669,138073896.0,4.35,1.73,0.93,2.13,SZ002655
851,2016-04-05,54.78,57.93,58.62,54.39,108510,205613213.0,7.72,5.75,3.15,3.01,SZ002655
852,2016-04-06,57.63,59.64,61.17,57.36,150722,298760048.0,6.58,2.95,1.71,4.19,SZ002655
853,2016-04-07,59.52,56.91,59.58,56.79,89803,173393838.0,4.68,-4.58,-2.73,2.49,SZ002655
854,2016-04-08,55.74,55.5,56.49,53.67,101304,185258874.0,4.96,-2.48,-1.41,2.81,SZ002655
855,2016-04-11,56.04,56.34,57.81,55.74,78755,148633671.0,3.73,1.51,0.84,2.19,SZ002655
856,2016-04-12,56.1,55.02,56.1,53.94,72390,131720273.0,3.83,-2.34,-1.32,2.01,SZ002655
857,2016-04-13,55.05,56.94,58.59,54.6,122363,229899462.0,7.25,3.49,1.92,3.4,SZ002655
858,2016-04-14,57.54,58.23,58.29,56.52,81659,156458101.0,3.11,2.27,1.29,2.27,SZ002655
859,2016-04-15,59.46,58.2,60.96,57.39,132357,260254583.0,6.13,-0.05,-0.03,3.68,SZ002655
860,2016-04-18,57.57,55.44,57.57,54.33,150763,277065392.0,5.57,-4.74,-2.76,4.19,SZ002655
861,2016-04-19,56.01,55.86,56.34,55.23,94734,175322746.0,2.0,0.76,0.42,2.63,SZ002655
862,2016-04-20,56.61,51.75,56.82,50.31,131716,229073906.0,11.65,-7.36,-4.11,3.66,SZ002655
863,2016-04-21,51.75,50.34,51.93,50.22,104066,175928677.0,3.3,-2.72,-1.41,2.89,SZ002655
864,2016-04-22,50.19,49.32,50.46,48.54,111105,181997604.0,3.81,-2.03,-1.02,3.09,SZ002655
865,2016-04-25,49.32,51.03,51.24,49.32,107929,181381792.0,3.89,3.47,1.71,3.0,SZ002655
866,2016-04-26,51.03,51.84,52.02,50.1,69565,118166730.0,3.76,1.59,0.81,1.93,SZ002655
867,2016-04-27,52.08,53.07,53.73,51.6,80063,139567164.0,4.11,2.37,1.23,2.22,SZ002655
868,2016-04-28,53.64,54.81,55.62,51.84,180273,325414912.0,7.12,3.28,1.74,5.01,SZ002655
869,2016-04-29,55.14,54.93,57.24,54.6,130088,239377280.0,4.82,0.22,0.12,3.61,SZ002655
870,2016-05-03,54.27,54.69,55.11,50.52,125391,223028428.0,8.36,-0.44,-0.24,3.48,SZ002655
871,2016-05-04,54.84,54.63,55.38,53.64,119728,216419952.0,3.18,-0.11,-0.06,3.33,SZ002655
872,2016-05-05,54.66,54.87,55.29,53.97,83764,152414350.0,2.42,0.44,0.24,2.33,SZ002655
873,2016-05-06,54.93,51.24,55.14,51.24,114458,202437405.0,7.11,-6.62,-3.63,3.18,SZ002655
874,2016-05-09,50.61,48.99,50.64,48.54,86116,140983223.0,4.1,-4.39,-2.25,2.39,SZ002655
875,2016-05-10,49.14,49.65,49.86,48.84,92071,151005715.0,2.08,1.35,0.66,2.56,SZ002655
876,2016-05-11,48.09,47.31,48.33,44.7,361100,547030368.0,7.31,-4.71,-2.34,10.03,SZ002655
877,2016-05-12,45.06,44.61,45.15,42.78,237396,346495472.0,5.01,-5.71,-2.7,6.59,SZ002655
878,2016-05-20,44.16,43.47,44.19,41.19,215704,302222704.0,6.72,-2.56,-1.14,5.99,SZ002655
879,2016-05-23,43.32,45.57,46.77,42.72,229343,345244704.0,9.32,4.83,2.1,6.37,SZ002655
880,2016-05-24,45.57,45.27,46.17,44.25,96876,144002605.0,4.21,-0.66,-0.3,2.69,SZ002655
881,2016-05-25,45.72,46.14,46.77,44.7,139999,213007837.0,4.57,1.92,0.87,3.89,SZ002655
882,2016-05-26,45.57,46.44,46.86,44.94,176062,269878240.0,4.16,0.65,0.3,4.89,SZ002655
883,2016-05-27,45.57,45.9,46.74,45.21,173402,264929557.0,3.29,-1.16,-0.54,4.82,SZ002655
884,2016-05-30,45.27,43.62,45.27,43.26,188580,275419536.0,4.38,-4.97,-2.28,5.24,SZ002655
885,2016-05-31,43.86,45.63,45.63,43.62,184403,274104048.0,4.61,4.61,2.01,5.12,SZ002655
886,2016-06-01,45.66,46.59,47.91,45.36,189582,294376432.0,5.59,2.1,0.96,5.27,SZ002655
887,2016-06-02,46.92,46.26,47.22,45.75,176597,270470592.0,3.16,-0.71,-0.33,4.91,SZ002655
888,2016-06-03,46.17,46.29,46.77,45.78,138149,211626730.0,2.14,0.06,0.03,3.84,SZ002655
889,2016-06-06,49.77,50.88,50.88,49.47,188214,315719808.0,3.05,9.92,4.59,5.23,SZ002655
890,2016-06-07,52.77,50.31,52.77,49.62,502201,851615296.0,6.19,-1.12,-0.57,13.95,SZ002655
891,2016-06-08,49.17,50.52,52.32,48.03,345527,575474048.0,8.53,0.42,0.21,9.6,SZ002655
892,2016-06-13,49.47,45.72,49.92,45.57,225139,362164448.0,8.61,-9.5,-4.8,6.25,SZ002655
893,2016-06-14,45.75,45.06,46.35,44.07,138258,206124657.0,4.99,-1.44,-0.66,3.84,SZ002655
894,2016-06-15,43.8,46.23,46.92,43.65,136162,207309059.0,7.26,2.6,1.17,3.78,SZ002655
895,2016-06-16,46.11,45.51,46.56,45.33,129345,196395121.0,2.66,-1.56,-0.72,3.59,SZ002655
896,2016-06-17,45.69,45.39,46.65,44.91,112583,170714236.0,3.82,-0.26,-0.12,3.13,SZ002655
897,2016-06-20,45.39,45.24,45.57,43.95,98787,146237021.0,3.57,-0.33,-0.15,2.74,SZ002655
898,2016-06-21,45.6,44.97,46.17,44.43,100670,151466630.0,3.85,-0.6,-0.27,2.8,SZ002655
899,2016-06-22,44.82,45.99,45.99,44.55,94790,142428278.0,3.2,2.27,1.02,2.63,SZ002655
900,2016-06-23,46.02,46.98,47.97,45.81,177393,276530128.0,4.7,2.15,0.99,4.93,SZ002655
901,2016-06-24,46.77,45.75,47.64,43.8,144072,219749306.0,8.17,-2.62,-1.23,4.0,SZ002655
902,2016-06-27,45.24,46.86,47.07,44.73,109765,168384938.0,5.11,2.43,1.11,3.05,SZ002655
903,2016-06-28,46.17,48.42,48.42,46.02,167487,262889501.0,5.12,3.33,1.56,4.65,SZ002655
904,2016-06-29,48.24,47.97,48.87,47.52,129056,205275066.0,2.79,-0.93,-0.45,3.58,SZ002655
905,2016-06-30,48.21,48.72,49.02,47.73,219634,352123744.0,2.69,1.56,0.75,6.1,SZ002655
906,2016-07-01,48.72,47.58,49.14,47.25,249228,399627328.0,3.88,-2.34,-1.14,6.92,SZ002655
907,2016-07-04,47.07,48.99,48.99,46.77,163275,261945978.0,4.67,2.96,1.41,4.54,SZ002655
908,2016-07-05,49.02,48.9,49.62,48.48,193486,313808240.0,2.33,-0.18,-0.09,5.37,SZ002655
909,2016-07-06,48.6,48.96,49.17,48.27,105072,170079931.0,1.84,0.12,0.06,2.92,SZ002655
910,2016-07-07,48.93,49.17,49.68,48.27,120322,195462248.0,2.88,0.43,0.21,3.34,SZ002655
911,2016-07-08,48.99,48.75,49.83,48.36,117563,191237590.0,2.99,-0.85,-0.42,3.27,SZ002655
912,2016-07-11,48.99,49.32,50.61,48.42,181261,297406992.0,4.49,1.17,0.57,5.04,SZ002655
913,2016-07-12,49.35,49.05,49.5,47.67,128262,207092351.0,3.71,-0.55,-0.27,3.56,SZ002655
914,2016-07-13,48.99,49.08,49.5,48.57,142588,231415752.0,1.9,0.06,0.03,3.96,SZ002655
915,2016-07-14,48.87,49.5,49.74,48.72,116594,190252724.0,2.08,0.86,0.42,3.24,SZ002655
916,2016-07-15,49.32,49.08,49.71,48.81,103510,168399181.0,1.82,-0.85,-0.42,2.88,SZ002655
917,2016-07-18,49.17,49.11,49.68,48.96,73663,120380332.0,1.47,0.06,0.03,2.05,SZ002655
918,2016-07-19,49.14,49.23,49.29,48.57,106274,172717603.0,1.47,0.24,0.12,2.95,SZ002655
919,2016-07-20,49.44,50.7,51.87,49.26,210334,355154272.0,5.3,2.99,1.47,5.84,SZ002655
920,2016-07-21,50.34,50.04,51.09,49.95,108383,181104737.0,2.25,-1.3,-0.66,3.01,SZ002655
921,2016-07-22,49.83,49.77,50.85,49.77,66751,111108199.0,2.16,-0.54,-0.27,1.85,SZ002655
922,2016-07-25,49.77,50.52,50.76,49.77,81067,135334726.0,1.99,1.51,0.75,2.25,SZ002655
923,2016-07-26,50.31,51.21,51.75,50.16,111820,188634198.0,3.15,1.37,0.69,3.11,SZ002655
924,2016-07-27,50.67,48.24,50.91,46.83,162042,263345264.0,7.97,-5.8,-2.97,4.5,SZ002655
925,2016-07-28,48.57,48.36,49.05,46.8,87532,139200362.0,4.66,0.25,0.12,2.43,SZ002655
926,2016-07-29,48.39,46.95,48.72,46.77,51119,80620406.0,4.03,-2.92,-1.41,1.42,SZ002655
927,2016-08-01,46.89,46.92,47.19,44.13,118087,177584942.0,6.52,-0.06,-0.03,3.28,SZ002655
928,2016-08-02,45.96,45.9,48.03,45.57,119982,184699594.0,5.24,-2.17,-1.02,3.33,SZ002655
929,2016-08-03,45.72,45.48,45.87,44.97,64897,97651602.0,1.96,-0.92,-0.42,1.8,SZ002655
930,2016-08-04,45.48,45.57,45.72,44.67,65187,97514636.0,2.31,0.2,0.09,1.81,SZ002655
931,2016-08-05,45.36,45.6,45.66,44.91,60559,90953792.0,1.65,0.07,0.03,1.68,SZ002655
932,2016-08-08,45.57,45.78,45.87,45.18,43505,65652604.0,1.51,0.39,0.18,1.21,SZ002655
933,2016-08-09,45.78,45.87,46.02,45.51,74121,112324135.0,1.11,0.2,0.09,2.06,SZ002655
934,2016-08-10,45.81,45.36,46.02,45.27,49621,75066199.0,1.64,-1.11,-0.51,1.38,SZ002655
935,2016-08-11,45.54,43.47,45.57,43.47,122433,178958795.0,4.63,-4.17,-1.89,3.4,SZ002655
936,2016-08-12,43.14,44.52,44.82,43.11,84284,123268056.0,3.93,2.42,1.05,2.34,SZ002655
937,2016-08-15,44.43,45.0,45.45,44.25,107722,159836276.0,2.7,1.08,0.48,2.99,SZ002655
938,2016-08-16,45.27,44.97,45.36,44.61,62139,92547138.0,1.67,-0.07,-0.03,1.73,SZ002655
939,2016-08-17,45.12,45.27,45.27,44.73,60504,90153133.0,1.2,0.67,0.3,1.68,SZ002655
940,2016-08-18,45.24,44.97,45.63,44.94,89190,133595328.0,1.52,-0.66,-0.3,2.48,SZ002655
941,2016-08-19,45.18,45.12,45.39,44.58,81396,121556029.0,1.8,0.33,0.15,2.26,SZ002655
942,2016-08-22,45.12,45.24,45.48,44.91,75355,113026940.0,1.26,0.27,0.12,2.09,SZ002655
943,2016-08-23,45.18,45.15,45.42,44.91,44487,66626942.0,1.13,-0.2,-0.09,1.24,SZ002655
944,2016-08-24,45.27,44.94,45.39,44.85,44282,66147256.0,1.2,-0.47,-0.21,1.23,SZ002655
945,2016-08-25,45.21,46.14,46.59,44.97,138678,211187241.0,3.6,2.67,1.2,3.85,SZ002655
946,2016-08-26,45.63,45.45,46.08,45.3,85143,128605296.0,1.69,-1.5,-0.69,2.37,SZ002655
947,2016-08-29,45.48,45.87,46.02,44.82,79471,119697768.0,2.64,0.92,0.42,2.21,SZ002655
948,2016-08-30,45.87,46.71,46.95,45.6,114504,176182036.0,2.94,1.83,0.84,3.18,SZ002655
949,2016-08-31,46.5,46.68,46.86,45.99,136226,209634230.0,1.86,-0.06,-0.03,3.78,SZ002655
950,2016-09-01,46.65,46.35,47.04,46.32,104486,161506305.0,1.54,-0.71,-0.33,2.9,SZ002655
951,2016-09-02,46.17,46.5,46.68,45.78,106247,162933550.0,1.94,0.32,0.15,2.95,SZ002655
952,2016-09-05,46.2,46.02,46.65,45.96,97868,150560274.0,1.48,-1.03,-0.48,2.72,SZ002655
953,2016-09-06,46.29,46.17,46.53,45.81,108287,165665291.0,1.56,0.33,0.15,3.01,SZ002655
954,2016-09-07,46.35,46.41,46.65,46.11,107986,166066515.0,1.17,0.52,0.24,3.0,SZ002655
955,2016-09-08,46.26,46.26,46.59,45.78,74917,114218653.0,1.75,-0.32,-0.15,2.08,SZ002655
956,2016-09-09,46.53,46.68,47.13,45.87,151340,233488833.0,2.72,0.91,0.42,4.2,SZ002655
957,2016-09-12,45.3,46.44,46.56,44.82,126021,190410350.0,3.73,-0.51,-0.24,3.5,SZ002655
958,2016-09-13,46.32,46.44,46.47,45.54,77491,117933599.0,2.0,0.0,0.0,2.15,SZ002655
959,2016-09-14,46.32,47.07,48.33,45.93,218829,343440880.0,5.17,1.36,0.63,6.08,SZ002655
960,2016-09-19,47.22,47.28,47.76,46.71,113816,177872622.0,2.23,0.45,0.21,3.16,SZ002655
961,2016-09-20,47.22,47.37,48.57,46.95,319273,505462848.0,3.43,0.19,0.09,8.87,SZ002655
962,2016-09-21,47.37,46.74,47.43,46.41,154662,240175644.0,2.15,-1.33,-0.63,4.3,SZ002655
963,2016-09-22,46.92,48.15,48.57,46.59,230396,364012544.0,4.24,3.02,1.41,6.4,SZ002655
964,2016-11-09,52.95,52.95,52.95,52.95,86162,151300594.0,0.0,9.97,4.8,2.39,SZ002655
965,2016-11-10,55.17,58.23,58.23,54.03,1046666,1940622544.0,7.93,9.97,5.28,29.07,SZ002655
966,2016-11-11,57.24,55.14,57.27,54.6,607016,1120718016.0,4.59,-5.31,-3.09,16.86,SZ002655
967,2016-11-14,55.41,55.65,55.86,53.1,471340,854610784.0,5.01,0.92,0.51,13.09,SZ002655
968,2016-11-15,54.48,54.57,55.35,53.91,278142,503528608.0,2.59,-1.94,-1.08,7.73,SZ002655
969,2016-11-16,55.41,53.64,55.47,53.19,253268,457211568.0,4.18,-1.7,-0.93,7.04,SZ002655
970,2016-11-17,53.07,51.57,53.07,51.27,265747,457417760.0,3.36,-3.86,-2.07,7.38,SZ002655
971,2016-11-18,51.78,52.02,52.29,50.7,169002,289559808.0,3.08,0.87,0.45,4.69,SZ002655
972,2016-11-21,52.14,51.51,52.92,51.42,159888,275943296.0,2.88,-0.98,-0.51,4.44,SZ002655
973,2016-11-22,51.33,52.26,52.38,50.88,156587,267852984.0,2.91,1.46,0.75,4.35,SZ002655
974,2016-11-23,52.23,50.64,52.38,50.58,161990,275869536.0,3.44,-3.1,-1.62,4.5,SZ002655
975,2016-11-24,49.77,50.34,50.52,49.32,164901,273198192.0,2.37,-0.59,-0.3,4.58,SZ002655
976,2016-11-25,50.07,49.8,50.52,48.72,110375,181478898.0,3.58,-1.07,-0.54,3.07,SZ002655
977,2016-11-28,50.04,50.52,51.27,49.89,262046,440485344.0,2.77,1.45,0.72,7.28,SZ002655
978,2016-11-29,50.46,48.96,50.52,48.87,96960,160010851.0,3.27,-3.09,-1.56,2.69,SZ002655
979,2016-11-30,48.66,49.26,49.98,48.48,142990,234379321.0,3.06,0.61,0.3,3.97,SZ002655
980,2016-12-01,49.62,49.17,49.71,48.75,65815,107099469.0,1.95,-0.18,-0.09,1.83,SZ002655
981,2016-12-02,49.41,46.95,49.41,46.56,135199,214140817.0,5.8,-4.51,-2.22,3.76,SZ002655
982,2016-12-05,46.62,45.72,46.62,45.63,94707,144407070.0,2.11,-2.62,-1.23,2.63,SZ002655
983,2016-12-06,45.87,45.99,46.44,45.24,93722,142152839.0,2.62,0.59,0.27,2.6,SZ002655
984,2016-12-07,45.96,46.56,46.65,45.84,71881,110284919.0,1.76,1.24,0.57,2.0,SZ002655
985,2016-12-08,46.47,46.38,47.01,46.26,75484,116636342.0,1.61,-0.39,-0.18,2.1,SZ002655
986,2016-12-09,46.17,46.2,46.77,46.11,59789,92089372.0,1.42,-0.39,-0.18,1.66,SZ002655
987,2016-12-12,46.56,41.97,46.56,41.61,170209,244721282.0,10.71,-9.16,-4.23,4.73,SZ002655
988,2016-12-13,41.82,41.16,42.27,39.99,179709,243824878.0,5.43,-1.93,-0.81,4.99,SZ002655
989,2016-12-14,41.28,41.22,41.76,40.2,106937,145945086.0,3.79,0.15,0.06,2.97,SZ002655
990,2016-12-15,41.19,42.09,42.45,40.95,81762,113831265.0,3.64,2.11,0.87,2.27,SZ002655
991,2016-12-16,42.03,42.69,43.11,41.76,64863,91461899.0,3.21,1.43,0.6,1.8,SZ002655
992,2016-12-19,43.11,42.93,43.71,42.57,75718,108322279.0,2.67,0.56,0.24,2.1,SZ002655
993,2016-12-20,42.72,42.66,43.35,42.48,51918,73891988.0,2.03,-0.63,-0.27,1.44,SZ002655
994,2016-12-21,42.9,43.53,43.92,42.9,66080,95264796.0,2.39,2.04,0.87,1.84,SZ002655
995,2016-12-22,43.56,43.56,43.77,42.84,61627,88292639.0,2.14,0.07,0.03,1.71,SZ002655
996,2016-12-23,43.68,44.16,44.19,43.11,77268,111788622.0,2.48,1.38,0.6,2.15,SZ002655
997,2016-12-26,43.71,43.77,43.83,42.51,61696,88496660.0,2.99,-0.88,-0.39,1.71,SZ002655
998,2016-12-27,43.77,42.78,44.04,42.6,72540,103466295.0,3.29,-2.26,-0.99,2.02,SZ002655
999,2016-12-28,42.57,42.24,43.11,41.94,59647,84028905.0,2.73,-1.26,-0.54,1.66,SZ002655
1000,2016-12-29,42.27,42.42,42.9,41.16,72003,100409510.0,4.12,0.43,0.18,2.0,SZ002655
1001,2016-12-30,42.45,42.33,42.72,42.27,42274,59527700.0,1.06,-0.21,-0.09,1.17,SZ002655
1002,2017-01-03,42.12,42.45,42.78,42.12,45372,63880330.0,1.56,0.28,0.12,1.26,SZ002655
1003,2017-01-04,42.54,43.83,46.41,41.52,242412,346121408.0,11.52,3.25,1.38,6.73,SZ002655
1004,2017-01-05,43.65,43.41,44.04,43.2,140620,202939766.0,1.92,-0.96,-0.42,3.91,SZ002655
1005,2017-01-06,43.2,43.32,43.98,43.2,124052,179154856.0,1.8,-0.21,-0.09,3.45,SZ002655
1006,2017-01-09,43.23,43.86,43.86,43.23,78390,113286581.0,1.45,1.25,0.54,2.18,SZ002655
1007,2017-01-10,44.16,44.76,45.15,43.8,145902,215746957.0,3.08,2.05,0.9,4.05,SZ002655
1008,2017-01-11,44.43,44.64,45.48,44.19,87921,130253659.0,2.88,-0.27,-0.12,2.44,SZ002655
1009,2017-01-12,44.7,44.34,45.21,44.04,93214,137854110.0,2.62,-0.67,-0.3,2.59,SZ002655
1010,2017-01-13,44.07,42.87,44.43,42.33,92903,132632154.0,4.74,-3.32,-1.47,2.58,SZ002655
1011,2017-01-16,42.87,38.61,43.23,38.61,119263,156798653.0,10.78,-9.94,-4.26,3.31,SZ002655
1012,2017-01-17,38.31,39.27,39.6,36.33,124487,157159012.0,8.47,1.71,0.66,3.46,SZ002655
1013,2017-01-18,38.64,38.19,39.06,37.8,77639,98321822.0,3.21,-2.75,-1.08,2.16,SZ002655
1014,2017-01-19,38.01,37.53,38.37,37.02,61627,76787471.0,3.53,-1.73,-0.66,1.71,SZ002655
1015,2017-01-20,37.2,39.27,39.87,37.2,96390,124335148.0,7.11,4.64,1.74,2.68,SZ002655
1016,2017-01-23,39.18,39.33,39.63,38.94,36759,47724173.0,1.76,0.15,0.06,1.02,SZ002655
1017,2017-01-24,39.36,38.7,39.36,38.43,32599,42063436.0,2.36,-1.6,-0.63,0.91,SZ002655
1018,2017-01-25,38.88,40.05,40.65,38.37,59550,78587690.0,5.89,3.49,1.35,1.65,SZ002655
1019,2017-01-26,39.75,39.84,40.29,39.57,39799,52466090.0,1.8,-0.52,-0.21,1.11,SZ002655
1020,2017-02-03,39.33,39.48,39.87,39.18,26295,34346416.0,1.73,-0.9,-0.36,0.73,SZ002655
1021,2017-02-06,39.45,40.08,40.23,39.0,37184,48921510.0,3.12,1.52,0.6,1.03,SZ002655
1022,2017-02-07,40.08,39.54,40.08,39.21,40392,52900383.0,2.17,-1.35,-0.54,1.12,SZ002655
1023,2017-02-08,39.48,39.33,39.63,38.67,72415,93664951.0,2.43,-0.53,-0.21,2.01,SZ002655
1024,2017-02-09,40.11,40.77,41.58,39.63,124297,167671180.0,4.96,3.66,1.44,3.45,SZ002655
1025,2017-02-10,40.89,41.13,41.79,40.08,122940,166486111.0,4.19,0.88,0.36,3.42,SZ002655
1026,2017-02-13,40.83,41.07,41.76,40.77,80597,110133386.0,2.41,-0.15,-0.06,2.24,SZ002655
1027,2017-02-14,41.07,40.68,41.49,40.59,81111,110142226.0,2.19,-0.95,-0.39,2.25,SZ002655
1028,2017-02-15,39.99,40.71,40.77,39.69,104097,138927688.0,2.65,0.07,0.03,2.89,SZ002655
1029,2017-02-16,40.35,39.75,40.44,38.82,100689,132499417.0,3.98,-2.36,-0.96,2.8,SZ002655
1030,2017-02-17,39.63,39.24,39.93,38.58,87455,113445257.0,3.4,-1.28,-0.51,2.43,SZ002655
1031,2017-02-20,39.15,38.88,39.78,38.46,99097,127357493.0,3.36,-0.92,-0.36,2.75,SZ002655
1032,2017-02-21,38.67,39.3,39.57,38.64,65855,85259348.0,2.39,1.08,0.42,1.83,SZ002655
1033,2017-02-22,39.3,38.97,39.57,38.64,71406,92098424.0,2.37,-0.84,-0.33,1.98,SZ002655
1034,2017-02-23,39.06,38.64,39.15,38.34,74973,95841935.0,2.08,-0.85,-0.33,2.08,SZ002655
1035,2017-02-24,38.76,38.94,39.12,38.46,96834,124541710.0,1.71,0.78,0.3,2.69,SZ002655
1036,2017-02-27,38.82,38.37,38.91,38.37,58723,75069093.0,1.39,-1.46,-0.57,1.63,SZ002655
1037,2017-02-28,38.58,37.86,39.06,37.77,146504,185858517.0,3.36,-1.33,-0.51,4.07,SZ002655
1038,2017-03-01,37.62,38.67,38.97,36.48,257544,320557136.0,6.58,2.14,0.81,7.15,SZ002655
1039,2017-03-02,38.25,39.99,40.41,38.16,291455,380221216.0,5.82,3.41,1.32,8.1,SZ002655
1040,2017-03-03,39.57,41.1,41.43,39.57,261184,352257536.0,4.65,2.78,1.11,7.26,SZ002655
1041,2017-03-06,41.16,41.49,42.21,40.65,226989,310883904.0,3.8,0.95,0.39,6.31,SZ002655
1042,2017-03-07,41.61,41.4,41.91,40.92,135023,185312740.0,2.39,-0.22,-0.09,3.75,SZ002655
1043,2017-03-08,41.67,40.83,42.18,40.71,161980,221920575.0,3.55,-1.38,-0.57,4.5,SZ002655
1044,2017-03-09,40.89,40.71,41.28,40.35,88875,119809190.0,2.28,-0.29,-0.12,2.47,SZ002655
1045,2017-03-10,40.92,40.92,41.49,40.62,100476,136339083.0,2.14,0.52,0.21,2.79,SZ002655
1046,2017-03-13,40.47,40.74,41.25,40.38,98225,132701284.0,2.13,-0.44,-0.18,2.73,SZ002655
1047,2017-03-14,41.16,40.47,41.16,39.57,172648,230409085.0,3.9,-0.66,-0.27,4.8,SZ002655
1048,2017-03-15,40.41,40.47,40.65,39.84,97237,129750760.0,2.0,0.0,0.0,2.7,SZ002655
1049,2017-03-16,40.53,40.62,41.04,40.44,104377,140802742.0,1.48,0.37,0.15,2.9,SZ002655
1050,2017-03-17,40.71,40.38,41.07,40.23,106590,143681109.0,2.07,-0.59,-0.24,2.96,SZ002655
1051,2017-03-20,40.41,42.39,42.57,40.17,222045,306222800.0,5.94,4.98,2.01,6.17,SZ002655
1052,2017-03-21,42.21,42.45,43.11,41.82,158535,222178195.0,3.04,0.14,0.06,4.4,SZ002655
1053,2017-03-22,42.27,42.39,43.05,41.97,113661,159882727.0,2.54,-0.14,-0.06,3.16,SZ002655
1054,2017-03-23,42.69,41.94,43.32,41.67,150516,211033300.0,3.89,-1.06,-0.45,4.18,SZ002655
1055,2017-03-24,41.67,42.18,42.63,41.64,121453,169506266.0,2.36,0.57,0.24,3.37,SZ002655
1056,2017-03-27,42.18,42.27,42.57,41.43,51020,71387689.0,2.7,0.21,0.09,1.42,SZ002655
1057,2017-04-25,38.07,38.07,38.07,38.07,100736,126927360.0,0.0,-9.94,-4.2,2.8,SZ002655
1058,2017-04-26,34.29,36.21,37.47,34.29,638335,740803120.0,8.35,-4.89,-1.86,17.73,SZ002655
1059,2017-04-27,34.86,32.61,35.01,32.61,396471,440405920.0,6.63,-9.94,-3.6,11.01,SZ002655
1060,2017-04-28,32.28,34.11,34.32,32.01,235077,260236324.0,7.08,4.6,1.5,6.53,SZ002655
1061,2017-05-02,33.66,33.24,34.11,32.76,133504,147439644.0,3.96,-2.55,-0.87,3.71,SZ002655
1062,2017-05-03,33.51,32.91,33.51,32.31,144695,157292382.0,3.61,-0.99,-0.33,4.02,SZ002655
1063,2017-05-04,33.12,32.79,33.12,32.43,103852,112371811.0,2.1,-0.36,-0.12,2.88,SZ002655
1064,2017-05-05,32.67,32.67,33.3,32.4,86956,94564828.0,2.74,-0.37,-0.12,2.42,SZ002655
1065,2017-05-08,32.58,30.9,32.61,30.27,167709,172449129.0,7.16,-5.42,-1.77,4.66,SZ002655
1066,2017-05-09,30.3,27.84,30.66,27.84,266195,253660017.0,9.13,-9.9,-3.06,7.39,SZ002655
1067,2017-05-10,28.32,26.76,28.41,26.58,367192,332913488.0,6.57,-3.88,-1.08,10.2,SZ002655
1068,2017-05-11,26.61,25.92,26.88,24.84,299016,254589627.0,7.62,-3.14,-0.84,8.31,SZ002655
1069,2017-05-12,25.89,26.01,26.64,25.32,228922,196217707.0,5.09,0.35,0.09,6.36,SZ002655
1070,2017-05-15,25.92,25.92,26.37,25.83,116493,100233193.0,2.08,-0.35,-0.09,3.24,SZ002655
1071,2017-05-16,25.78,26.95,27.22,25.3,169798,146537122.0,7.41,3.97,1.03,4.72,SZ002655
1072,2017-05-17,27.01,26.83,27.22,26.68,136110,120777349.0,2.0,-0.45,-0.12,3.78,SZ002655
1073,2017-05-18,26.53,26.71,27.16,26.38,113491,100043741.0,2.91,-0.45,-0.12,3.15,SZ002655
1074,2017-05-19,26.74,26.65,26.92,26.44,68750,60364325.0,1.8,-0.22,-0.06,1.91,SZ002655
1075,2017-05-22,26.53,24.82,26.56,24.79,148931,125984671.0,6.64,-6.87,-1.83,4.14,SZ002655
1076,2017-05-23,24.31,23.41,24.82,23.2,149249,118173087.0,6.53,-5.68,-1.41,4.15,SZ002655
1077,2017-05-24,23.47,24.04,24.04,22.78,107021,83175112.0,5.38,2.69,0.63,2.97,SZ002655
1078,2017-05-25,23.92,26.41,26.41,23.83,354838,300371632.0,10.73,9.86,2.37,9.86,SZ002655
1079,2017-05-26,26.38,27.37,27.88,26.14,361735,322007840.0,6.59,3.63,0.96,10.05,SZ002655
1080,2017-05-31,27.61,26.68,27.61,26.59,154766,137311068.0,3.73,-2.52,-0.69,4.3,SZ002655
1081,2017-06-01,26.95,24.31,26.95,24.28,197060,165557514.0,10.01,-8.88,-2.37,5.47,SZ002655
1082,2017-06-02,24.22,26.71,26.71,23.92,216199,185661361.0,11.48,9.87,2.4,6.01,SZ002655
1083,2017-06-05,27.64,28.06,28.75,27.1,362540,334206672.0,6.18,5.05,1.35,10.07,SZ002655
1084,2017-06-06,27.82,27.76,28.3,27.49,239973,219928295.0,2.89,-1.07,-0.3,6.67,SZ002655
1085,2017-06-07,27.61,28.3,28.9,27.61,312860,292829520.0,4.65,1.95,0.54,8.69,SZ002655
1086,2017-06-08,28.21,28.3,29.29,28.06,281697,266207713.0,4.35,0.0,0.0,7.82,SZ002655
1087,2017-06-09,28.0,27.88,28.09,27.19,199641,181969314.0,3.18,-1.48,-0.42,5.55,SZ002655
1088,2017-06-12,27.49,27.64,28.69,27.46,199253,184577499.0,4.41,-0.86,-0.24,5.53,SZ002655
1089,2017-06-13,27.34,28.57,28.99,27.31,209670,194989245.0,6.08,3.36,0.93,5.82,SZ002655
1090,2017-06-14,28.45,28.21,28.66,27.85,149929,139236554.0,2.84,-1.26,-0.36,4.16,SZ002655
1091,2017-06-15,27.97,28.75,29.53,27.94,273041,259713951.0,5.64,1.91,0.54,7.58,SZ002655
1092,2017-06-16,28.06,27.79,28.06,27.46,225777,206485598.0,2.09,-3.34,-0.96,6.27,SZ002655
1093,2017-06-19,27.64,27.91,28.03,27.52,108184,99019049.0,1.84,0.43,0.12,3.01,SZ002655
1094,2017-06-20,27.85,27.85,28.45,27.7,172179,158958568.0,2.69,-0.21,-0.06,4.78,SZ002655
1095,2017-06-21,27.97,27.73,28.21,27.46,102361,93757431.0,2.69,-0.43,-0.12,2.84,SZ002655
1096,2017-06-22,27.7,26.17,27.88,26.11,202668,180181011.0,6.38,-5.63,-1.56,5.63,SZ002655
1097,2017-06-23,26.17,25.54,26.35,24.88,168377,141853089.0,5.62,-2.41,-0.63,4.68,SZ002655
1098,2017-06-26,25.33,25.96,26.05,25.3,98022,83159872.0,2.94,1.64,0.42,2.72,SZ002655
1099,2017-06-27,25.81,25.75,26.26,25.48,93950,80104238.0,3.0,-0.81,-0.21,2.61,SZ002655
1100,2017-06-28,25.6,25.66,26.23,25.51,80697,68789525.0,2.8,-0.35,-0.09,2.24,SZ002655
1101,2017-06-29,25.81,26.02,26.23,25.51,95296,81277467.0,2.81,1.4,0.36,2.65,SZ002655
1102,2017-06-30,25.99,25.81,26.2,25.57,66715,56814864.0,2.42,-0.81,-0.21,1.85,SZ002655
1103,2017-07-03,25.69,26.17,26.23,25.69,74473,63661385.0,2.09,1.39,0.36,2.07,SZ002655
1104,2017-07-04,26.11,26.74,27.28,25.99,158456,139190248.0,4.93,2.18,0.57,4.4,SZ002655
1105,2017-07-05,26.62,28.6,29.38,26.47,440711,412132336.0,10.88,6.96,1.86,12.24,SZ002655
1106,2017-07-06,28.15,27.97,28.39,27.73,256201,236614396.0,2.31,-2.2,-0.63,7.12,SZ002655
1107,2017-07-07,27.85,28.0,28.36,27.58,175741,162246595.0,2.79,0.11,0.03,4.88,SZ002655
1108,2017-07-10,28.0,27.67,28.21,27.31,134306,122537724.0,3.21,-1.18,-0.33,3.73,SZ002655
1109,2017-07-11,27.49,27.16,27.76,27.07,102905,92836149.0,2.49,-1.84,-0.51,2.86,SZ002655
1110,2017-07-12,27.13,26.41,27.4,25.51,139269,120798824.0,6.96,-2.76,-0.75,3.87,SZ002655
1111,2017-07-13,26.41,26.47,26.68,25.96,67716,58742576.0,2.73,0.23,0.06,1.88,SZ002655
1112,2017-07-14,26.47,25.45,26.59,25.45,88470,75864614.0,4.31,-3.85,-1.02,2.46,SZ002655
1113,2017-07-17,25.36,24.28,25.36,23.65,154550,123964768.0,6.72,-4.6,-1.17,4.29,SZ002655
1114,2017-07-18,24.04,25.66,26.05,23.8,138918,113868080.0,9.27,5.68,1.38,3.86,SZ002655
1115,2017-07-19,25.69,26.08,26.53,25.39,117987,101007433.0,4.44,1.64,0.42,3.28,SZ002655
1116,2017-07-20,26.05,26.08,26.47,25.63,83425,71690433.0,3.22,0.0,0.0,2.32,SZ002655
1117,2017-07-21,26.26,26.17,26.98,26.05,82735,71963392.0,3.57,0.35,0.09,2.3,SZ002655
1118,2017-07-24,25.81,25.72,26.02,25.06,102965,86478752.0,3.67,-1.72,-0.45,2.86,SZ002655
1119,2017-07-25,25.75,25.54,26.05,25.3,51203,43228339.0,2.92,-0.7,-0.18,1.42,SZ002655
1120,2017-07-26,25.57,25.36,25.69,25.36,51210,42971484.0,1.29,-0.7,-0.18,1.42,SZ002655
1121,2017-07-27,25.39,25.96,26.35,25.21,119223,101449008.0,4.5,2.37,0.6,3.31,SZ002655
1122,2017-07-28,25.96,25.63,26.23,25.6,69807,59336382.0,2.43,-1.27,-0.33,1.94,SZ002655
1123,2017-07-31,25.63,26.68,27.91,25.15,163155,141895408.0,10.77,4.1,1.05,4.53,SZ002655
1124,2017-08-01,26.41,27.31,27.76,26.14,183141,162413173.0,6.07,2.36,0.63,5.09,SZ002655
1125,2017-08-02,27.22,27.13,27.73,26.8,161081,144806173.0,3.41,-0.66,-0.18,4.47,SZ002655
1126,2017-08-03,27.19,28.81,29.38,26.98,318375,298475728.0,8.85,6.19,1.68,8.84,SZ002655
1127,2017-08-04,28.78,27.94,28.78,27.79,200919,186655874.0,3.44,-3.02,-0.87,5.58,SZ002655
1128,2017-08-07,27.88,27.91,28.21,27.43,103530,94929577.0,2.79,-0.11,-0.03,2.88,SZ002655
1129,2017-08-08,27.85,28.09,28.24,27.55,105073,96303556.0,2.47,0.64,0.18,2.92,SZ002655
1130,2017-08-09,28.03,27.58,28.33,27.52,110090,100987776.0,2.88,-1.82,-0.51,3.06,SZ002655
1131,2017-08-10,27.64,27.37,27.88,27.04,96310,87247318.0,3.05,-0.76,-0.21,2.68,SZ002655
1132,2017-08-11,27.04,26.77,27.34,26.77,74690,66639243.0,2.08,-2.19,-0.6,2.07,SZ002655
1133,2017-08-14,26.77,27.88,27.97,26.77,110140,99916624.0,4.48,4.15,1.11,3.06,SZ002655
1134,2017-08-15,27.91,28.63,29.11,27.73,254069,238693868.0,4.95,2.69,0.75,7.06,SZ002655
1135,2017-08-16,28.45,28.57,29.05,28.24,151856,142959546.0,2.83,-0.21,-0.06,4.22,SZ002655
1136,2017-08-17,28.36,28.72,29.11,28.0,173780,163602169.0,3.89,0.53,0.15,4.83,SZ002655
1137,2017-08-18,28.51,28.42,29.32,28.24,154751,146445122.0,3.76,-1.04,-0.3,4.3,SZ002655
1138,2017-08-21,28.42,28.87,28.87,28.06,117600,110673052.0,2.85,1.58,0.45,3.27,SZ002655
1139,2017-08-22,28.72,28.09,29.17,28.06,138479,130191004.0,3.84,-2.7,-0.78,3.85,SZ002655
1140,2017-08-23,27.88,27.64,27.97,27.34,104360,95108165.0,2.24,-1.6,-0.45,2.9,SZ002655
1141,2017-08-24,27.7,27.37,27.88,27.25,79097,71852482.0,2.28,-0.98,-0.27,2.2,SZ002655
1142,2017-08-25,27.34,27.82,27.88,27.28,66797,60994783.0,2.19,1.64,0.45,1.86,SZ002655
1143,2017-08-28,27.88,28.06,28.36,27.79,83966,77694596.0,2.05,0.86,0.24,2.33,SZ002655
1144,2017-08-29,28.03,28.0,28.48,27.94,83745,77823293.0,1.92,-0.21,-0.06,2.33,SZ002655
1145,2017-08-30,28.0,28.84,29.11,27.91,224976,212811648.0,4.29,3.0,0.84,6.25,SZ002655
1146,2017-08-31,28.66,28.81,29.14,28.33,156564,148134109.0,2.81,-0.1,-0.03,4.35,SZ002655
1147,2017-09-01,28.81,28.54,28.9,28.3,112455,105634635.0,2.08,-0.94,-0.27,3.12,SZ002655
1148,2017-09-04,28.6,28.93,29.38,28.51,199979,191484487.0,3.05,1.37,0.39,5.55,SZ002655
1149,2017-09-05,28.84,29.83,29.83,28.36,171855,163648483.0,5.08,3.11,0.9,4.77,SZ002655
1150,2017-09-06,30.16,30.76,32.65,29.77,502904,513605648.0,9.65,3.12,0.93,13.97,SZ002655
1151,2017-09-07,30.4,30.73,31.66,30.04,350970,355806496.0,5.27,-0.1,-0.03,9.75,SZ002655
1152,2017-09-08,30.43,29.95,30.76,29.71,202865,202376175.0,3.42,-2.54,-0.78,5.64,SZ002655
1153,2017-09-11,29.74,30.16,30.25,29.74,120175,119078198.0,1.7,0.7,0.21,3.34,SZ002655
1154,2017-09-12,29.74,29.29,30.01,29.11,192994,187969616.0,2.98,-2.88,-0.87,5.36,SZ002655
1155,2017-09-13,29.38,29.47,29.68,29.02,121130,117081211.0,2.25,0.61,0.18,3.36,SZ002655
1156,2017-09-14,29.38,28.6,29.38,28.45,133685,127489914.0,3.16,-2.95,-0.87,3.71,SZ002655
1157,2017-09-15,28.45,28.33,28.69,27.97,104896,97883475.0,2.52,-0.94,-0.27,2.91,SZ002655
1158,2017-09-18,28.27,28.66,28.69,28.12,69174,64846951.0,2.01,1.16,0.33,1.92,SZ002655
1159,2017-09-19,28.63,28.3,28.69,28.12,71467,67001151.0,1.99,-1.26,-0.36,1.99,SZ002655
1160,2017-09-20,28.33,28.9,29.05,28.18,93839,88873282.0,3.07,2.12,0.6,2.61,SZ002655
1161,2017-09-21,28.96,28.27,29.02,28.21,88513,83453837.0,2.8,-2.18,-0.63,2.46,SZ002655
1162,2017-09-22,28.18,28.54,28.66,27.76,81024,75003790.0,3.18,0.96,0.27,2.25,SZ002655
1163,2017-09-25,28.36,28.21,28.69,28.09,49708,46573063.0,2.1,-1.16,-0.33,1.38,SZ002655
1164,2017-09-26,28.0,27.91,28.45,27.37,85641,78549730.0,3.83,-1.06,-0.3,2.38,SZ002655
1165,2017-09-27,27.91,28.0,28.06,27.64,49964,45895652.0,1.5,0.32,0.09,1.39,SZ002655
1166,2017-09-28,27.91,27.49,28.03,27.34,75643,68858452.0,2.46,-1.82,-0.51,2.1,SZ002655
1167,2017-09-29,27.73,26.86,27.73,26.83,102167,91657648.0,3.27,-2.29,-0.63,2.84,SZ002655
1168,2017-10-09,26.86,28.45,28.51,26.86,121406,110908241.0,6.14,5.92,1.59,3.37,SZ002655
1169,2017-10-10,28.45,28.51,28.69,28.15,87418,81847101.0,1.9,0.21,0.06,2.43,SZ002655
1170,2017-10-11,28.51,28.36,28.93,28.21,76277,71923453.0,2.53,-0.53,-0.15,2.12,SZ002655
1171,2017-10-12,28.42,29.35,29.53,27.97,170469,162205716.0,5.5,3.49,0.99,4.74,SZ002655
1172,2017-10-13,29.29,28.87,29.29,28.75,100124,95651879.0,1.84,-1.64,-0.48,2.78,SZ002655
1173,2017-10-16,28.84,27.61,29.05,27.61,96542,89423087.0,4.99,-4.36,-1.26,2.68,SZ002655
1174,2017-10-17,27.67,27.7,28.03,27.49,43920,40049654.0,1.96,0.33,0.09,1.22,SZ002655
1175,2017-10-18,27.73,27.16,27.79,27.16,47282,42825195.0,2.27,-1.95,-0.54,1.31,SZ002655
1176,2017-10-19,26.92,26.65,27.43,26.26,72946,64358003.0,4.31,-1.88,-0.51,2.03,SZ002655
1177,2017-10-20,26.71,27.25,27.52,26.44,58509,52165258.0,4.05,2.25,0.6,1.63,SZ002655
1178,2017-10-23,27.31,27.49,27.61,27.01,35836,32264222.0,2.2,0.88,0.24,1.0,SZ002655
1179,2017-10-24,27.34,26.98,27.58,26.86,47981,42938834.0,2.62,-1.86,-0.51,1.33,SZ002655
1180,2017-10-25,26.98,27.46,27.76,26.86,53515,48417451.0,3.34,1.78,0.48,1.49,SZ002655
1181,2017-10-26,27.46,27.64,27.91,27.34,53163,48472663.0,2.08,0.66,0.18,1.48,SZ002655
1182,2017-10-27,27.49,27.16,27.76,27.07,42938,38733777.0,2.5,-1.74,-0.48,1.19,SZ002655
1183,2017-10-30,26.98,26.08,27.01,26.02,58342,50910612.0,3.65,-3.98,-1.08,1.62,SZ002655
1184,2017-10-31,25.93,26.41,26.83,25.93,47272,41314053.0,3.45,1.27,0.33,1.31,SZ002655
1185,2017-11-01,26.47,26.53,26.68,26.29,34651,30282945.0,1.48,0.45,0.12,0.96,SZ002655
1186,2017-11-02,26.5,25.69,26.5,25.69,57728,49567061.0,3.05,-3.17,-0.84,1.6,SZ002655
1187,2017-11-03,25.81,25.93,25.96,25.39,48195,40716074.0,2.22,0.93,0.24,1.34,SZ002655
1188,2017-11-06,25.72,26.56,27.01,25.72,59910,52110920.0,4.97,2.43,0.63,1.66,SZ002655
1189,2017-11-07,26.62,26.5,26.86,26.08,44151,38427921.0,2.94,-0.23,-0.06,1.23,SZ002655
1190,2017-11-08,26.35,26.32,26.62,26.17,37438,32554846.0,1.7,-0.68,-0.18,1.04,SZ002655
1191,2017-11-09,26.14,26.29,26.44,26.14,32107,27787437.0,1.14,-0.11,-0.03,0.89,SZ002655
1192,2017-11-10,26.17,25.78,26.29,25.72,54621,46572986.0,2.17,-1.94,-0.51,1.52,SZ002655
1193,2017-11-13,25.78,26.56,26.56,25.36,90166,76858907.0,4.65,3.03,0.78,2.5,SZ002655
1194,2017-11-14,26.35,26.35,26.71,26.26,63977,55746718.0,1.69,-0.79,-0.21,1.78,SZ002655
1195,2017-11-15,26.2,25.78,26.44,25.72,33867,28955500.0,2.73,-2.16,-0.57,0.94,SZ002655
1196,2017-11-16,25.81,25.57,25.96,25.54,24830,21013804.0,1.63,-0.81,-0.21,0.69,SZ002655
1197,2017-11-17,25.78,24.61,25.78,24.25,69267,56485313.0,5.98,-3.75,-0.96,1.92,SZ002655
1198,2017-11-20,24.61,24.61,24.88,22.87,29574,23554428.0,8.17,0.0,0.0,0.82,SZ002655
1199,2017-11-21,24.31,24.7,25.0,24.31,35809,29202687.0,2.8,0.37,0.09,0.99,SZ002655
1200,2017-11-22,24.67,24.19,24.67,24.07,30671,24565656.0,2.43,-2.06,-0.51,0.85,SZ002655
1201,2017-11-23,24.28,23.95,25.12,23.68,51575,41482334.0,5.95,-0.99,-0.24,1.43,SZ002655
1202,2017-11-24,23.68,24.67,24.67,23.65,34824,27888847.0,4.26,3.01,0.72,0.97,SZ002655
1203,2017-11-27,24.79,24.91,25.36,24.55,53640,44267180.0,3.28,0.97,0.24,1.49,SZ002655
1204,2017-11-28,24.82,25.03,25.54,24.73,27993,23205473.0,3.25,0.48,0.12,0.78,SZ002655
1205,2017-11-29,25.06,24.97,25.36,24.73,26796,22038907.0,2.52,-0.24,-0.06,0.74,SZ002655
1206,2017-11-30,25.12,24.61,25.12,24.52,20246,16507878.0,2.4,-1.44,-0.36,0.56,SZ002655
1207,2017-12-01,24.46,24.85,24.97,24.43,20986,17137633.0,2.19,0.98,0.24,0.58,SZ002655
1208,2017-12-04,25.09,24.64,25.09,24.19,32729,26326213.0,3.62,-0.85,-0.21,0.91,SZ002655
1209,2017-12-05,24.64,24.25,24.64,23.86,25804,20542310.0,3.17,-1.58,-0.39,0.72,SZ002655
1210,2017-12-06,24.31,24.58,24.73,24.25,30564,24625832.0,1.98,1.36,0.33,0.85,SZ002655
1211,2017-12-21,27.01,27.01,27.01,27.01,25602,22785539.0,0.0,9.89,2.43,0.71,SZ002655
1212,2017-12-22,28.78,26.74,28.78,26.65,292723,264405297.0,7.89,-1.0,-0.27,8.13,SZ002655
1213,2017-12-25,25.39,25.72,25.96,24.73,157694,131209928.0,4.6,-3.81,-1.02,4.38,SZ002655
1214,2017-12-26,25.21,25.06,25.45,24.94,76545,63444712.0,1.98,-2.57,-0.66,2.13,SZ002655
1215,2017-12-27,24.79,25.06,25.21,24.49,76283,62074870.0,2.87,0.0,0.0,2.12,SZ002655
1216,2017-12-28,24.67,26.5,27.55,24.67,242011,213886319.0,11.49,5.75,1.44,6.72,SZ002655
1217,2017-12-29,27.31,29.11,29.11,27.01,328078,305076688.0,7.92,9.85,2.61,9.11,SZ002655
1218,2018-01-02,30.91,31.96,31.99,30.46,781729,819413216.0,5.26,9.79,2.85,21.71,SZ002655
1219,2018-01-03,31.06,31.06,31.87,30.52,420570,430928816.0,4.22,-2.82,-0.9,11.68,SZ002655
1220,2018-01-04,30.91,31.15,31.78,30.4,304661,311838672.0,4.44,0.29,0.09,8.46,SZ002655
1221,2018-01-05,30.31,31.12,32.59,29.86,418033,430137856.0,8.76,-0.1,-0.03,11.61,SZ002655
1222,2018-01-08,31.66,30.88,32.26,30.61,278644,288415664.0,5.3,-0.77,-0.24,7.74,SZ002655
1223,2018-01-09,31.63,31.24,33.28,30.91,380224,402247440.0,7.67,1.17,0.36,10.56,SZ002655
1224,2018-01-10,30.49,32.95,33.79,30.49,499263,530289440.0,10.56,5.47,1.71,13.87,SZ002655
1225,2018-01-11,31.84,31.75,32.44,31.24,338525,356223936.0,3.64,-3.64,-1.2,9.4,SZ002655
1226,2018-01-12,31.3,29.95,32.2,29.95,274348,279367968.0,7.09,-5.67,-1.8,7.62,SZ002655
1227,2018-01-15,29.95,29.77,30.52,29.71,149697,148569083.0,2.7,-0.6,-0.18,4.16,SZ002655
1228,2018-01-16,28.57,29.2,30.13,28.57,167732,162070209.0,5.24,-1.91,-0.57,4.66,SZ002655
1229,2018-01-17,29.08,29.62,30.01,27.7,169468,161500390.0,7.91,1.44,0.42,4.71,SZ002655
1230,2018-01-18,29.35,28.66,29.62,28.57,89200,85383866.0,3.54,-3.24,-0.96,2.48,SZ002655
1231,2018-01-19,28.66,28.03,29.23,27.97,99668,93402931.0,4.4,-2.2,-0.63,2.77,SZ002655
1232,2018-01-22,27.7,28.42,28.6,27.34,91336,84875244.0,4.5,1.39,0.39,2.54,SZ002655
1233,2018-01-23,28.87,30.79,31.24,28.54,222900,223578775.0,9.5,8.34,2.37,6.19,SZ002655
1234,2018-01-24,30.43,30.52,30.91,30.07,126920,127211713.0,2.73,-0.88,-0.27,3.53,SZ002655
1235,2018-01-25,30.4,29.77,30.88,29.74,98980,98822107.0,3.74,-2.46,-0.75,2.75,SZ002655
1236,2018-01-26,29.5,30.16,30.85,29.2,116230,115017989.0,5.54,1.31,0.39,3.23,SZ002655
1237,2018-01-29,30.22,29.86,30.73,29.71,86203,85736673.0,3.38,-0.99,-0.3,2.39,SZ002655
1238,2018-01-30,29.62,29.2,30.07,28.99,63703,62031057.0,3.62,-2.21,-0.66,1.77,SZ002655
1239,2018-01-31,29.05,28.3,29.26,28.15,65847,61969989.0,3.8,-3.08,-0.9,1.83,SZ002655
1240,2018-02-01,28.06,28.06,28.75,27.7,71923,66854195.0,3.71,-0.85,-0.24,2.0,SZ002655
1241,2018-02-02,28.06,29.29,29.35,27.61,79158,74617176.0,6.2,4.38,1.23,2.2,SZ002655
1242,2018-02-05,28.66,28.45,29.14,28.24,56120,53158322.0,3.07,-2.87,-0.84,1.56,SZ002655
1243,2018-02-06,27.79,25.63,28.39,25.63,132569,116742829.0,9.7,-9.91,-2.82,3.68,SZ002655
1244,2018-02-07,26.35,25.78,26.5,24.55,89389,75669991.0,7.61,0.59,0.15,2.48,SZ002655
1245,2018-02-08,25.66,25.75,26.23,25.63,40366,34453828.0,2.33,-0.12,-0.03,1.12,SZ002655
1246,2018-02-09,24.79,23.77,25.12,23.71,81438,65094295.0,5.48,-7.69,-1.98,2.26,SZ002655
1247,2018-02-12,24.28,24.79,24.88,23.89,46894,37686845.0,4.16,4.29,1.02,1.3,SZ002655
1248,2018-02-13,25.21,25.24,26.05,24.94,57051,47788932.0,4.48,1.82,0.45,1.58,SZ002655
1249,2018-02-14,26.26,26.65,27.46,25.87,63679,55809327.0,6.3,5.59,1.41,1.77,SZ002655
1250,2018-02-22,26.8,27.04,27.34,26.56,73268,65443960.0,2.93,1.46,0.39,2.04,SZ002655
1251,2018-02-23,26.86,26.89,27.19,26.5,48693,43107756.0,2.55,-0.55,-0.15,1.35,SZ002655
1252,2018-02-26,27.07,27.7,28.06,26.71,72613,65898540.0,5.02,3.01,0.81,2.02,SZ002655
1253,2018-02-27,27.82,27.34,27.91,27.31,49670,45120801.0,2.17,-1.3,-0.36,1.38,SZ002655
1254,2018-02-28,26.74,27.13,27.25,26.71,44840,39944704.0,1.98,-0.77,-0.21,1.25,SZ002655
1255,2018-03-01,27.19,29.8,29.8,26.8,198730,192018118.0,11.06,9.84,2.67,5.52,SZ002655
1256,2018-03-02,30.4,30.34,31.93,30.01,323364,329955280.0,6.44,1.81,0.54,8.98,SZ002655
1257,2018-03-05,30.34,30.82,31.81,30.34,214879,219462013.0,4.85,1.58,0.48,5.97,SZ002655
1258,2018-03-06,30.85,30.94,31.45,29.95,201119,203555761.0,4.87,0.39,0.12,5.59,SZ002655
1259,2018-03-07,30.61,30.88,31.75,30.46,170302,174914003.0,4.17,-0.19,-0.06,4.73,SZ002655
1260,2018-03-08,31.69,30.7,32.29,30.7,177920,184362215.0,5.15,-0.58,-0.18,4.94,SZ002655
1261,2018-03-09,30.61,31.09,31.84,30.61,168613,173506629.0,4.01,1.27,0.39,4.68,SZ002655
1262,2018-03-12,31.21,32.08,32.92,30.91,251553,265495311.0,6.47,3.18,0.99,6.99,SZ002655
1263,2018-03-13,31.6,31.21,32.38,31.06,172872,180482797.0,4.11,-2.71,-0.87,4.8,SZ002655
1264,2018-03-14,30.91,31.21,31.81,30.73,145422,150500501.0,3.46,0.0,0.0,4.04,SZ002655
1265,2018-03-15,31.24,30.4,31.24,29.83,142569,142565628.0,4.52,-2.6,-0.81,3.96,SZ002655
1266,2018-03-16,30.52,32.98,33.4,30.31,544533,586205264.0,10.16,8.49,2.58,15.13,SZ002655
1267,2018-03-19,32.35,34.36,35.32,31.54,440515,478348736.0,11.46,4.18,1.38,12.24,SZ002655
1268,2018-03-20,33.7,34.3,35.26,33.46,275791,313568384.0,5.24,-0.17,-0.06,7.66,SZ002655
1269,2018-03-21,34.42,33.79,34.9,33.4,182178,205379736.0,4.37,-1.49,-0.51,5.06,SZ002655
1270,2018-03-22,33.64,33.16,34.27,33.04,151298,167645218.0,3.64,-1.86,-0.63,4.2,SZ002655
1271,2018-03-23,31.75,29.89,32.11,29.89,244678,248975071.0,6.69,-9.86,-3.27,6.8,SZ002655
1272,2018-03-26,28.96,30.76,30.88,28.9,165160,164313930.0,6.62,2.91,0.87,4.59,SZ002655
1273,2018-03-27,31.27,31.63,32.53,31.15,159878,167539835.0,4.49,2.83,0.87,4.44,SZ002655
1274,2018-03-28,33.31,34.06,34.75,32.65,484735,545509968.0,6.64,7.68,2.43,13.46,SZ002655
1275,2018-03-29,34.36,33.43,34.99,33.13,222225,247468369.0,5.46,-1.85,-0.63,6.17,SZ002655
1276,2018-03-30,34.3,33.64,34.66,33.28,233955,261813790.0,4.13,0.63,0.21,6.5,SZ002655
1277,2018-04-02,34.03,35.71,35.86,33.61,377365,433520880.0,6.69,6.15,2.07,10.48,SZ002655
1278,2018-04-03,35.05,36.55,36.91,34.57,350651,416676912.0,6.55,2.35,0.84,9.74,SZ002655
1279,2018-04-04,36.67,34.57,36.94,34.24,270953,316918464.0,7.39,-5.42,-1.98,7.53,SZ002655
1280,2018-04-09,34.24,34.21,34.75,33.4,171890,193054773.0,3.91,-1.04,-0.36,4.77,SZ002655
1281,2018-04-10,34.03,34.21,34.36,33.4,114308,128189673.0,2.81,0.0,0.0,3.18,SZ002655
1282,2018-04-11,34.21,33.37,34.69,33.28,129486,144543959.0,4.12,-2.46,-0.84,3.6,SZ002655
1283,2018-04-12,33.37,33.16,34.0,32.47,115197,127504797.0,4.58,-0.63,-0.21,3.2,SZ002655
1284,2018-04-13,33.07,32.86,33.76,32.71,79467,87104533.0,3.17,-0.9,-0.3,2.21,SZ002655
1285,2018-04-16,32.59,34.12,34.81,32.5,190484,213251877.0,7.03,3.83,1.26,5.29,SZ002655
1286,2018-04-17,33.85,32.53,34.33,32.44,154191,170822084.0,5.54,-4.66,-1.59,4.28,SZ002655
1287,2018-04-18,32.11,32.95,33.22,30.91,139901,148568173.0,7.1,1.29,0.42,3.89,SZ002655
1288,2018-04-19,32.98,33.28,34.06,32.71,97678,108006620.0,4.1,1.0,0.33,2.71,SZ002655
1289,2018-04-20,32.71,32.14,33.7,31.69,110507,119238371.0,6.04,-3.43,-1.14,3.07,SZ002655
1290,2018-04-23,31.12,31.21,32.41,31.0,86896,90440207.0,4.39,-2.89,-0.93,2.41,SZ002655
1291,2018-04-24,31.57,31.84,32.38,30.88,66749,70157264.0,4.81,2.02,0.63,1.85,SZ002655
1292,2018-04-25,31.81,32.11,32.53,31.51,63787,67443887.0,3.2,0.85,0.27,1.77,SZ002655
1293,2018-04-26,32.5,32.2,33.82,32.11,111467,121024726.0,5.33,0.28,0.09,3.1,SZ002655
1294,2018-04-27,32.41,31.51,32.71,31.3,71096,74734035.0,4.38,-2.14,-0.69,1.97,SZ002655
1295,2018-05-02,32.32,31.99,33.01,30.97,92402,98093152.0,6.47,1.52,0.48,2.57,SZ002655
1296,2018-05-03,32.62,32.83,33.16,31.15,143277,153249298.0,6.28,2.63,0.84,3.98,SZ002655
1297,2018-05-04,32.35,32.11,32.74,31.93,99641,106265796.0,2.47,-2.19,-0.72,2.77,SZ002655
1298,2018-05-07,32.32,32.11,32.41,31.63,71314,75556035.0,2.43,0.0,0.0,1.98,SZ002655
1299,2018-05-08,32.29,32.32,32.89,31.9,92115,98808938.0,3.08,0.65,0.21,2.56,SZ002655
1300,2018-05-09,32.08,32.2,32.8,31.96,92419,98587184.0,2.6,-0.37,-0.12,2.57,SZ002655
1301,2018-05-10,32.41,31.51,32.41,31.18,78670,82055902.0,3.82,-2.14,-0.69,2.19,SZ002655
1302,2018-05-11,31.39,29.77,31.72,29.77,136572,137119513.0,6.19,-5.52,-1.74,3.79,SZ002655
1303,2018-05-14,29.89,29.62,30.37,29.26,72961,71729433.0,3.73,-0.5,-0.15,2.03,SZ002655
1304,2018-05-15,29.41,29.74,29.89,29.32,53332,52083028.0,1.92,0.41,0.12,1.48,SZ002655
1305,2018-05-16,29.71,28.93,29.71,28.75,71609,68898848.0,3.23,-2.72,-0.81,1.99,SZ002655
1306,2018-05-17,28.99,28.81,29.14,28.51,53957,51228558.0,2.18,-0.41,-0.12,1.5,SZ002655
1307,2018-05-18,28.96,28.57,29.08,28.24,46667,44072469.0,2.92,-0.83,-0.24,1.3,SZ002655
1308,2018-05-21,28.84,29.02,29.2,28.69,70199,66992585.0,1.79,1.58,0.45,1.95,SZ002655
1309,2018-05-22,28.81,28.81,29.05,28.39,65032,61517776.0,2.27,-0.72,-0.21,1.81,SZ002655
1310,2018-05-23,28.72,28.81,29.11,28.12,76101,71752294.0,3.44,0.0,0.0,2.11,SZ002655
1311,2018-05-24,28.66,28.21,28.66,28.21,51465,48234691.0,1.56,-2.08,-0.6,1.43,SZ002655
1312,2018-05-25,28.24,27.28,28.33,26.98,93798,84899814.0,4.79,-3.3,-0.93,2.61,SZ002655
1313,2018-05-28,27.28,26.92,27.73,26.53,69176,61524456.0,4.4,-1.32,-0.36,1.92,SZ002655
1314,2018-05-29,27.01,26.44,27.19,26.26,60232,52568831.0,3.45,-1.78,-0.48,1.67,SZ002655
1315,2018-05-30,25.81,24.82,25.81,23.83,89361,73427515.0,7.49,-6.13,-1.62,2.48,SZ002655
1316,2018-05-31,26.62,27.28,27.28,25.54,164599,146912684.0,7.01,9.91,2.46,4.57,SZ002655
1317,2018-06-01,27.88,26.95,28.54,26.56,238802,218806328.0,7.26,-1.21,-0.33,6.63,SZ002655
1318,2018-06-04,26.2,26.11,26.65,25.93,106344,91773166.0,2.67,-3.12,-0.84,2.95,SZ002655
1319,2018-06-05,26.23,26.74,27.13,25.93,100536,88017960.0,4.6,2.41,0.63,2.79,SZ002655
1320,2018-06-06,26.74,26.74,27.01,26.29,78791,69209861.0,2.69,0.0,0.0,2.19,SZ002655
1321,2018-06-07,27.31,27.52,27.82,26.74,125495,113558053.0,4.04,2.92,0.78,3.49,SZ002655
1322,2018-06-08,28.24,28.12,28.75,27.7,156827,145485409.0,3.82,2.18,0.6,4.36,SZ002655
1323,2018-06-11,27.91,27.31,28.09,27.19,87891,79936531.0,3.2,-2.88,-0.81,2.44,SZ002655
1324,2018-06-12,27.31,27.61,28.09,26.47,102830,92589709.0,5.93,1.1,0.3,2.86,SZ002655
1325,2018-06-13,27.25,26.89,27.55,26.83,62792,56247293.0,2.61,-2.61,-0.72,1.74,SZ002655
1326,2018-06-14,26.56,26.59,26.89,25.81,53445,46615085.0,4.02,-1.12,-0.3,1.48,SZ002655
1327,2018-06-15,26.74,25.21,26.98,25.21,69182,58879798.0,6.66,-5.19,-1.38,1.92,SZ002655
1328,2018-06-19,24.7,22.72,24.7,22.72,133629,103207609.0,7.85,-9.88,-2.49,3.71,SZ002655
1329,2018-06-20,22.36,22.78,23.29,21.88,77411,57647751.0,6.21,0.26,0.06,2.15,SZ002655
1330,2018-06-21,22.81,21.73,23.2,21.61,59697,44133712.0,6.98,-4.61,-1.05,1.66,SZ002655
1331,2018-06-22,21.91,22.15,22.42,21.46,41519,30039125.0,4.42,1.93,0.42,1.15,SZ002655
1332,2018-06-25,22.54,22.12,22.96,21.91,36225,26720596.0,4.74,-0.14,-0.03,1.01,SZ002655
1333,2018-06-26,21.73,22.48,22.78,21.13,41260,30176787.0,7.46,1.63,0.36,1.15,SZ002655
1334,2018-06-27,22.57,22.36,22.66,22.15,25952,19090457.0,2.27,-0.53,-0.12,0.72,SZ002655
1335,2018-06-28,22.81,22.0,22.81,21.97,25196,18531716.0,3.76,-1.61,-0.36,0.7,SZ002655
1336,2018-06-29,21.76,22.63,22.81,21.76,42745,31620039.0,4.77,2.86,0.63,1.19,SZ002655
1337,2018-07-02,22.6,22.54,23.05,22.27,38265,28508586.0,3.45,-0.4,-0.09,1.06,SZ002655
1338,2018-07-03,22.6,23.14,23.41,22.24,45046,33873446.0,5.19,2.66,0.6,1.25,SZ002655
1339,2018-07-04,23.26,22.54,23.26,22.36,30698,22925548.0,3.89,-2.59,-0.6,0.85,SZ002655
1340,2018-07-05,22.66,21.34,22.78,21.13,46821,33775040.0,7.32,-5.32,-1.2,1.3,SZ002655
1341,2018-07-06,21.37,21.4,21.88,20.71,50607,35604991.0,5.48,0.28,0.06,1.41,SZ002655
1342,2018-07-09,21.61,22.21,22.45,21.52,42926,31071256.0,4.35,3.79,0.81,1.19,SZ002655
1343,2018-07-10,22.21,23.8,24.4,22.12,109825,85917243.0,10.27,7.16,1.59,3.05,SZ002655
1344,2018-07-11,22.99,22.6,23.2,22.3,76729,57442604.0,3.78,-5.04,-1.2,2.13,SZ002655
1345,2018-07-12,22.87,23.26,23.89,22.6,62948,48263540.0,5.71,2.92,0.66,1.75,SZ002655
1346,2018-07-13,23.17,23.5,23.74,23.14,49082,37937687.0,2.58,1.03,0.24,1.36,SZ002655
1347,2018-07-16,23.59,23.35,23.59,23.2,29491,22686477.0,1.66,-0.64,-0.15,0.82,SZ002655
1348,2018-07-17,23.32,23.95,24.19,23.2,55740,43527097.0,4.24,2.57,0.6,1.55,SZ002655
1349,2018-07-18,24.01,24.13,24.58,23.86,62069,49678905.0,3.01,0.75,0.18,1.72,SZ002655
1350,2018-07-19,23.92,23.44,24.22,23.29,38812,30239035.0,3.85,-2.86,-0.69,1.08,SZ002655
1351,2018-07-20,23.44,24.19,24.37,23.44,55300,43861872.0,3.97,3.2,0.75,1.54,SZ002655
1352,2018-07-23,24.04,24.49,25.18,24.04,46796,37743082.0,4.71,1.24,0.3,1.3,SZ002655
1353,2018-07-24,24.19,24.49,24.64,24.1,37616,30224158.0,2.2,0.0,0.0,1.04,SZ002655
1354,2018-07-25,24.49,24.19,24.58,23.98,41627,33238996.0,2.45,-1.22,-0.3,1.16,SZ002655
1355,2018-07-26,24.25,23.92,24.43,23.74,30674,24261770.0,2.85,-1.12,-0.27,0.85,SZ002655
1356,2018-07-27,23.77,23.5,23.95,23.5,24619,19174794.0,1.88,-1.76,-0.42,0.68,SZ002655
1357,2018-07-30,23.5,22.93,23.77,22.81,31266,23886713.0,4.09,-2.43,-0.57,0.87,SZ002655
1358,2018-07-31,22.81,23.11,23.23,22.81,26177,19852276.0,1.83,0.78,0.18,0.73,SZ002655
1359,2018-08-01,23.02,22.21,23.35,22.06,34520,25741378.0,5.58,-3.89,-0.9,0.96,SZ002655
1360,2018-08-02,22.3,21.61,22.45,20.98,47155,33323039.0,6.62,-2.7,-0.6,1.31,SZ002655
1361,2018-08-03,21.64,21.34,21.88,21.25,22389,15810275.0,2.92,-1.25,-0.27,0.62,SZ002655
1362,2018-08-06,21.28,20.59,21.46,20.44,32987,22678473.0,4.78,-3.51,-0.75,0.92,SZ002655
1363,2018-08-07,20.77,21.16,21.22,20.5,24329,16735041.0,3.5,2.77,0.57,0.68,SZ002655
1364,2018-08-08,21.16,20.83,21.61,20.77,30156,20999627.0,3.97,-1.56,-0.33,0.84,SZ002655
1365,2018-08-09,20.62,21.34,21.49,20.41,29852,20836456.0,5.18,2.45,0.51,0.83,SZ002655
1366,2018-08-10,21.22,21.22,21.52,21.13,21125,14773972.0,1.83,-0.56,-0.12,0.59,SZ002655
1367,2018-08-13,21.04,21.49,21.52,20.86,28285,19781343.0,3.11,1.27,0.27,0.79,SZ002655
1368,2018-08-14,21.49,21.4,21.64,21.34,19605,13824070.0,1.4,-0.42,-0.09,0.54,SZ002655
1369,2018-08-15,21.46,20.95,21.46,20.89,19468,13528667.0,2.66,-2.1,-0.45,0.54,SZ002655
1370,2018-08-16,20.71,20.71,21.07,20.62,16925,11594928.0,2.15,-1.15,-0.24,0.47,SZ002655
1371,2018-08-17,20.98,20.53,21.13,20.41,18863,12809228.0,3.48,-0.87,-0.18,0.52,SZ002655
1372,2018-08-20,20.71,20.38,20.86,19.81,24800,16515029.0,5.11,-0.73,-0.15,0.69,SZ002655
1373,2018-08-21,20.38,20.77,20.86,20.29,21801,14785996.0,2.8,1.91,0.39,0.61,SZ002655
1374,2018-08-22,20.83,20.68,20.95,20.65,18130,12356329.0,1.44,-0.43,-0.09,0.5,SZ002655
1375,2018-08-23,20.77,21.28,22.27,20.71,47539,33507275.0,7.54,2.9,0.6,1.32,SZ002655
1376,2018-08-24,21.04,21.88,22.69,20.83,58453,41666582.0,8.74,2.82,0.6,1.62,SZ002655
1377,2018-08-27,21.7,21.97,22.06,21.64,37526,26964218.0,1.92,0.41,0.09,1.04,SZ002655
1378,2018-08-28,21.88,21.58,22.06,21.46,30422,21674460.0,2.73,-1.78,-0.39,0.85,SZ002655
1379,2018-08-29,21.76,21.76,21.82,21.43,22669,16102268.0,1.81,0.83,0.18,0.63,SZ002655
1380,2018-08-30,21.76,20.74,21.85,20.71,39108,27243788.0,5.24,-4.69,-1.02,1.09,SZ002655
1381,2018-08-31,20.8,20.71,21.16,20.56,21080,14431974.0,2.89,-0.14,-0.03,0.59,SZ002655
1382,2018-09-03,20.98,20.92,21.07,20.47,17374,11851231.0,2.9,1.01,0.21,0.48,SZ002655
1383,2018-09-04,20.95,21.01,21.16,20.83,17677,12199092.0,1.58,0.43,0.09,0.49,SZ002655
1384,2018-09-05,20.92,20.47,21.07,20.29,21283,14486013.0,3.71,-2.57,-0.54,0.59,SZ002655
1385,2018-09-06,20.62,20.41,20.77,20.35,16363,11014427.0,2.05,-0.29,-0.06,0.45,SZ002655
1386,2018-09-07,20.59,20.29,20.74,20.2,22428,15059357.0,2.65,-0.59,-0.12,0.62,SZ002655
1387,2018-09-10,20.47,19.66,20.47,19.57,27375,17911900.0,4.44,-3.1,-0.63,0.76,SZ002655
1388,2018-09-11,19.72,19.51,19.9,19.42,18762,12050535.0,2.44,-0.76,-0.15,0.52,SZ002655
1389,2018-09-12,19.54,19.51,19.69,19.45,13963,8958195.0,1.23,0.0,0.0,0.39,SZ002655
1390,2018-09-13,19.6,19.69,19.87,19.33,14980,9635491.0,2.77,0.92,0.18,0.42,SZ002655
1391,2018-09-14,19.66,19.57,19.84,19.51,12813,8260121.0,1.68,-0.61,-0.12,0.36,SZ002655
1392,2018-09-17,19.48,18.73,19.48,18.73,22028,13755060.0,3.83,-4.29,-0.84,0.61,SZ002655
1393,2018-09-18,19.06,19.63,20.53,18.76,38071,24510057.0,9.45,4.81,0.9,1.06,SZ002655
1394,2018-09-19,19.54,19.66,19.78,19.33,27256,17507925.0,2.29,0.15,0.03,0.76,SZ002655
1395,2018-09-20,19.69,19.57,19.69,19.42,15516,9957090.0,1.37,-0.46,-0.09,0.43,SZ002655
1396,2018-09-21,19.66,19.63,19.72,19.45,16925,10890206.0,1.38,0.31,0.06,0.47,SZ002655
1397,2018-09-25,19.63,19.84,20.17,19.54,28505,18616269.0,3.21,1.07,0.21,0.79,SZ002655
1398,2018-09-26,19.84,19.69,19.93,19.69,19620,12734348.0,1.21,-0.76,-0.15,0.55,SZ002655
1399,2018-09-27,19.84,19.06,19.84,19.06,20447,13048321.0,3.96,-3.2,-0.63,0.57,SZ002655
1400,2018-09-28,19.09,19.36,19.48,19.09,12719,8067770.0,2.05,1.57,0.3,0.35,SZ002655
1401,2018-10-08,19.15,18.85,19.21,18.76,18248,11352794.0,2.32,-2.63,-0.51,0.51,SZ002655
1402,2018-10-09,18.76,18.76,19.0,18.64,16491,10156548.0,1.91,-0.48,-0.09,0.46,SZ002655
1403,2018-10-10,18.7,18.76,18.97,18.61,15203,9352386.0,1.92,0.0,0.0,0.42,SZ002655
1404,2018-10-11,18.28,16.93,18.28,16.93,49087,27852504.0,7.2,-9.75,-1.83,1.36,SZ002655
1405,2018-10-12,16.42,16.45,16.81,15.28,59432,31065900.0,9.04,-2.84,-0.48,1.65,SZ002655
1406,2018-10-15,16.75,15.97,16.84,15.91,26590,14307166.0,5.65,-2.92,-0.48,0.74,SZ002655
1407,2018-10-16,16.09,15.76,16.33,15.76,27976,14659089.0,3.57,-1.31,-0.21,0.78,SZ002655
1408,2018-10-17,15.94,15.97,16.21,15.61,18296,9538878.0,3.81,1.33,0.21,0.51,SZ002655
1409,2018-10-18,16.03,15.31,16.03,15.16,27672,14070736.0,5.45,-4.13,-0.66,0.77,SZ002655
1410,2018-10-19,14.89,16.03,16.21,14.89,35955,18402569.0,8.62,4.7,0.72,1.0,SZ002655
1411,2018-10-22,16.36,17.59,17.59,16.3,93213,52780063.0,8.05,9.73,1.56,2.59,SZ002655
1412,2018-10-23,17.56,17.05,17.86,16.99,48521,27611843.0,4.95,-3.07,-0.54,1.35,SZ002655
1413,2018-10-24,16.96,16.99,17.35,16.93,27601,15475149.0,2.46,-0.35,-0.06,0.77,SZ002655
1414,2018-10-25,16.45,16.72,16.87,16.21,31856,17259088.0,3.88,-1.59,-0.27,0.88,SZ002655
1415,2018-10-26,16.96,17.08,17.32,15.07,37237,20841398.0,13.46,2.15,0.36,1.03,SZ002655
1416,2018-10-29,16.96,16.51,17.17,16.45,30299,16583405.0,4.22,-3.34,-0.57,0.84,SZ002655
1417,2018-10-30,16.66,16.84,17.02,16.54,36215,19934401.0,2.91,2.0,0.33,1.01,SZ002655
1418,2018-10-31,17.02,17.11,17.8,16.87,49210,27918996.0,5.52,1.6,0.27,1.37,SZ002655
1419,2018-11-01,17.2,17.02,17.53,16.99,48094,27130912.0,3.16,-0.53,-0.09,1.34,SZ002655
1420,2018-11-02,17.38,17.5,17.77,17.17,50401,28717904.0,3.53,2.82,0.48,1.4,SZ002655
1421,2018-11-05,17.8,17.62,18.46,17.38,62992,36829739.0,6.17,0.69,0.12,1.75,SZ002655
1422,2018-11-06,17.68,19.36,19.36,17.2,81752,49652655.0,12.26,9.88,1.74,2.27,SZ002655
1423,2018-11-07,19.81,19.12,20.77,18.73,177646,115434575.0,10.54,-1.24,-0.24,4.93,SZ002655
1424,2018-11-08,19.12,18.85,19.54,18.73,98410,61542373.0,4.24,-1.41,-0.27,2.73,SZ002655
1425,2018-11-09,18.85,18.58,18.85,18.37,66180,40339861.0,2.55,-1.43,-0.27,1.84,SZ002655
1426,2018-11-12,18.76,19.12,19.21,18.46,64875,40019402.0,4.04,2.91,0.54,1.8,SZ002655
1427,2018-11-13,18.91,19.3,19.57,18.7,69046,43488921.0,4.55,0.94,0.18,1.92,SZ002655
1428,2018-11-14,19.3,20.14,21.19,19.3,155005,103769834.0,9.79,4.35,0.84,4.31,SZ002655
1429,2018-11-15,22.12,22.12,22.12,22.12,24629,17905384.0,0.0,9.83,1.98,0.68,SZ002655
1430,2018-11-16,24.31,24.31,24.31,24.31,8949,7159440.0,0.0,9.9,2.19,0.25,SZ002655
1431,2018-11-19,26.71,26.71,26.71,25.96,277938,244213290.0,3.09,9.87,2.4,7.72,SZ002655
1432,2018-11-20,26.68,24.97,26.68,24.07,348968,289248496.0,9.77,-6.51,-1.74,9.69,SZ002655
1433,2018-11-21,24.31,24.52,25.81,24.07,197994,161453041.0,6.97,-1.8,-0.45,5.5,SZ002655
1434,2018-11-22,23.86,23.35,24.07,22.78,226709,173582326.0,5.26,-4.77,-1.17,6.3,SZ002655
1435,2018-11-23,22.72,21.58,23.02,21.37,157099,114212950.0,7.07,-7.58,-1.77,4.36,SZ002655
1436,2018-11-26,21.76,21.28,22.09,21.04,91869,64991716.0,4.87,-1.39,-0.3,2.55,SZ002655
1437,2018-11-27,21.55,21.7,22.18,21.1,124516,88234176.0,5.08,1.97,0.42,3.46,SZ002655
1438,2018-11-28,21.58,21.76,22.06,20.89,90859,64352036.0,5.39,0.28,0.06,2.52,SZ002655
1439,2018-11-29,21.85,21.91,23.11,21.76,166953,123294354.0,6.2,0.69,0.15,4.64,SZ002655
1440,2018-11-30,21.64,21.25,22.03,20.11,101486,70381295.0,8.76,-3.01,-0.66,2.82,SZ002655
1441,2018-12-03,21.97,22.12,22.48,21.49,98492,71229196.0,4.66,4.09,0.87,2.74,SZ002655
1442,2018-12-04,22.48,22.81,23.29,22.3,143444,107557544.0,4.48,3.12,0.69,3.98,SZ002655
1443,2018-12-05,22.81,23.02,23.8,22.54,151588,115838592.0,5.52,0.92,0.21,4.21,SZ002655
1444,2018-12-06,22.6,21.16,22.72,21.13,128385,91878880.0,6.91,-8.08,-1.86,3.57,SZ002655
1445,2018-12-07,21.34,21.79,22.12,21.22,69403,49399093.0,4.25,2.98,0.63,1.93,SZ002655
1446,2018-12-10,21.34,21.4,21.49,21.1,49217,34467728.0,1.79,-1.79,-0.39,1.37,SZ002655
1447,2018-12-11,21.28,21.22,21.64,21.07,44256,31039824.0,2.66,-0.84,-0.18,1.23,SZ002655
1448,2018-12-12,21.37,21.73,22.03,21.31,66938,47616787.0,3.39,2.4,0.51,1.86,SZ002655
1449,2018-12-13,21.76,21.52,21.94,21.4,52366,37140181.0,2.49,-0.97,-0.21,1.45,SZ002655
1450,2018-12-14,21.67,20.65,21.7,20.62,48601,33689390.0,5.02,-4.04,-0.87,1.35,SZ002655
1451,2018-12-17,20.5,20.8,21.1,20.41,35135,23975821.0,3.34,0.73,0.15,0.98,SZ002655
1452,2018-12-18,20.47,20.41,20.86,20.11,43095,28868218.0,3.61,-1.88,-0.39,1.2,SZ002655
1453,2018-12-19,20.62,20.32,20.8,20.23,38330,25803015.0,2.79,-0.44,-0.09,1.06,SZ002655
1454,2018-12-20,20.23,20.65,21.01,19.99,57233,38843765.0,5.02,1.62,0.33,1.59,SZ002655
1455,2018-12-21,20.62,20.8,21.16,20.59,49129,33572604.0,2.76,0.73,0.15,1.36,SZ002655
1456,2018-12-24,20.68,20.5,20.92,20.17,39287,26537656.0,3.61,-1.44,-0.3,1.09,SZ002655
1457,2018-12-25,20.11,19.84,20.26,19.3,56802,36708246.0,4.68,-3.22,-0.66,1.58,SZ002655
1458,2018-12-26,19.84,20.05,20.32,19.78,41955,27531837.0,2.72,1.06,0.21,1.17,SZ002655
1459,2018-12-27,20.32,19.39,20.59,19.39,43141,28268116.0,5.99,-3.29,-0.66,1.2,SZ002655
1460,2018-12-28,19.45,19.9,20.08,19.45,40168,26153048.0,3.25,2.63,0.51,1.12,SZ002655
1461,2019-01-02,20.17,19.81,20.32,19.81,27110,17846620.0,2.56,-0.45,-0.09,0.75,SZ002655
1462,2019-01-03,20.02,19.84,20.5,19.75,37162,24486288.0,3.79,0.15,0.03,1.03,SZ002655
1463,2019-01-04,19.6,20.23,20.29,19.42,48994,32209513.0,4.39,1.97,0.39,1.36,SZ002655
1464,2019-01-07,20.5,20.56,20.68,20.14,69755,46754638.0,2.67,1.63,0.33,1.94,SZ002655
1465,2019-01-08,20.47,21.43,22.06,20.17,112198,77722284.0,9.19,4.23,0.87,3.12,SZ002655
1466,2019-01-09,21.19,21.55,22.06,20.92,120933,85247333.0,5.32,0.56,0.12,3.36,SZ002655
1467,2019-01-10,21.37,21.04,21.79,21.04,72324,50776952.0,3.48,-2.37,-0.51,2.01,SZ002655
1468,2019-01-11,21.07,21.01,21.31,20.86,36456,25157828.0,2.14,-0.14,-0.03,1.01,SZ002655
1469,2019-01-14,21.01,21.07,21.13,20.71,34535,23673941.0,2.0,0.29,0.06,0.96,SZ002655
1470,2019-01-15,20.86,21.25,21.34,20.8,33732,23443984.0,2.56,0.85,0.18,0.94,SZ002655
1471,2019-01-16,21.25,21.43,22.3,21.16,61343,43642137.0,5.36,0.85,0.18,1.7,SZ002655
1472,2019-01-17,21.43,20.86,21.76,20.83,49749,34478923.0,4.34,-2.66,-0.57,1.38,SZ002655
1473,2019-01-18,20.92,20.86,21.07,20.71,27469,18816397.0,1.73,0.0,0.0,0.76,SZ002655
1474,2019-01-21,20.68,20.35,20.68,19.96,53213,35517162.0,3.45,-2.44,-0.51,1.48,SZ002655
1475,2019-01-22,20.35,20.11,20.56,19.96,29699,19713611.0,2.95,-1.18,-0.24,0.82,SZ002655
1476,2019-01-23,19.99,19.93,20.08,19.84,19956,13063576.0,1.19,-0.9,-0.18,0.55,SZ002655
1477,2019-01-24,20.02,19.93,20.23,19.81,26842,17666150.0,2.11,0.0,0.0,0.75,SZ002655
1478,2019-01-25,20.02,19.81,20.23,19.81,24563,16138001.0,2.11,-0.6,-0.12,0.68,SZ002655
1479,2019-01-28,19.96,19.51,20.11,19.51,32300,20905481.0,3.03,-1.51,-0.3,0.9,SZ002655
1480,2019-01-29,19.51,18.82,19.75,18.64,36987,23012122.0,5.69,-3.54,-0.69,1.03,SZ002655
1481,2019-01-30,18.82,18.61,19.03,18.55,21437,13202025.0,2.55,-1.12,-0.21,0.6,SZ002655
1482,2019-01-31,18.64,18.07,19.03,17.86,37051,22281182.0,6.29,-2.9,-0.54,1.03,SZ002655
1483,2019-02-01,18.04,18.61,18.73,18.04,20364,12359453.0,3.82,2.99,0.54,0.57,SZ002655
1484,2019-02-11,18.64,19.15,19.27,18.64,28675,17930692.0,3.39,2.9,0.54,0.8,SZ002655
1485,2019-02-12,19.27,19.51,19.63,19.15,39882,25434242.0,2.51,1.88,0.36,1.11,SZ002655
1486,2019-02-13,19.51,21.43,21.43,19.51,109033,75828831.0,9.84,9.84,1.92,3.03,SZ002655
1487,2019-02-14,21.7,20.89,21.7,20.77,120671,83452502.0,4.34,-2.52,-0.54,3.35,SZ002655
1488,2019-02-15,20.74,20.89,20.98,20.62,59293,40562484.0,1.72,0.0,0.0,1.65,SZ002655
1489,2019-02-18,20.92,21.73,21.88,20.86,137933,97249095.0,4.88,4.02,0.84,3.83,SZ002655
1490,2019-02-19,21.73,21.76,22.0,21.34,96046,68298565.0,3.04,0.14,0.03,2.67,SZ002655
1491,2019-02-20,21.76,22.36,23.26,21.4,148768,108952577.0,8.55,2.76,0.6,4.13,SZ002655
1492,2019-02-21,22.15,21.76,22.75,21.64,126136,91407416.0,4.96,-2.68,-0.6,3.5,SZ002655
1493,2019-02-22,21.73,21.91,21.94,21.49,71921,51445342.0,2.07,0.69,0.15,2.0,SZ002655
1494,2019-02-25,22.21,22.69,23.05,21.97,163169,120698070.0,4.93,3.56,0.78,4.53,SZ002655
1495,2019-02-26,23.05,22.39,23.26,22.03,179639,133831319.0,5.42,-1.32,-0.3,4.99,SZ002655
1496,2019-02-27,22.45,22.0,22.57,21.82,116961,85329581.0,3.35,-1.74,-0.39,3.25,SZ002655
1497,2019-02-28,22.06,22.21,22.3,21.91,62278,45295782.0,1.77,0.95,0.21,1.73,SZ002655
1498,2019-03-01,22.33,21.91,22.33,21.76,60418,43618472.0,2.57,-1.35,-0.3,1.68,SZ002655
1499,2019-03-04,22.09,22.15,22.69,21.91,109984,80672000.0,3.56,1.1,0.24,3.06,SZ002655
1500,2019-03-05,22.21,23.23,23.62,22.0,176714,132587908.0,7.31,4.88,1.08,4.91,SZ002655
1501,2019-03-06,23.32,24.22,25.0,22.93,246851,194797383.0,8.91,4.26,0.99,6.86,SZ002655
1502,2019-03-07,24.01,24.4,24.85,23.74,160220,128292576.0,4.58,0.74,0.18,4.45,SZ002655
1503,2019-03-08,23.95,25.15,26.71,23.5,335748,282428336.0,13.16,3.07,0.75,9.33,SZ002655
1504,2019-03-11,25.09,27.1,27.46,25.09,311090,272862624.0,9.42,7.75,1.95,8.64,SZ002655
1505,2019-03-12,26.68,26.65,27.16,25.69,281751,245889236.0,5.42,-1.66,-0.45,7.83,SZ002655
1506,2019-03-13,26.53,25.03,26.65,24.82,205659,173359094.0,6.87,-6.08,-1.62,5.71,SZ002655
1507,2019-03-14,24.82,24.04,25.33,22.99,205366,160758103.0,9.35,-3.96,-0.99,5.7,SZ002655
1508,2019-03-15,23.95,23.8,24.31,23.35,125065,98028837.0,3.99,-1.0,-0.24,3.47,SZ002655
1509,2019-03-18,23.77,24.55,24.91,23.41,120699,95807429.0,6.3,3.15,0.75,3.35,SZ002655
1510,2019-03-19,24.7,24.61,25.09,24.4,108592,88164676.0,2.81,0.24,0.06,3.02,SZ002655
1511,2019-03-20,24.52,24.61,25.06,23.95,103627,83949386.0,4.51,0.0,0.0,2.88,SZ002655
1512,2019-03-21,24.64,25.87,26.23,24.64,228535,192558289.0,6.46,5.12,1.26,6.35,SZ002655
1513,2019-03-22,25.75,26.62,26.68,25.24,215540,183774121.0,5.57,2.9,0.75,5.99,SZ002655
1514,2019-03-25,26.11,25.87,27.34,25.63,224853,195853691.0,6.42,-2.82,-0.75,6.25,SZ002655
1515,2019-03-26,25.66,24.76,26.14,24.64,158410,131764412.0,5.8,-4.29,-1.11,4.4,SZ002655
1516,2019-03-27,25.3,25.63,25.63,24.31,129429,106916447.0,5.33,3.51,0.87,3.6,SZ002655
1517,2019-03-28,25.36,27.37,28.15,24.76,420556,372380160.0,13.23,6.79,1.74,11.68,SZ002655
1518,2019-03-29,26.71,29.2,30.07,26.65,501152,474159072.0,12.5,6.69,1.83,13.92,SZ002655
1519,2019-04-01,28.93,29.47,29.71,28.66,297202,286368672.0,3.6,0.92,0.27,8.26,SZ002655
1520,2019-04-02,29.32,30.31,31.21,29.17,305909,304534976.0,6.92,2.85,0.84,8.5,SZ002655
1521,2019-04-03,30.25,30.58,32.05,29.71,260917,265291312.0,7.72,0.89,0.27,7.25,SZ002655
1522,2019-04-04,30.82,33.28,33.61,30.37,446118,482601088.0,10.6,8.83,2.7,12.39,SZ002655
1523,2019-04-08,33.31,30.61,33.55,30.61,304017,320434656.0,8.83,-8.02,-2.67,8.44,SZ002655
1524,2019-04-09,30.88,30.7,31.33,29.59,148392,149727373.0,5.68,0.29,0.09,4.12,SZ002655
1525,2019-04-10,30.61,30.82,31.99,29.89,197702,204959382.0,6.84,0.39,0.12,5.49,SZ002655
1526,2019-04-11,30.82,30.46,31.63,28.93,223298,223299436.0,8.76,-1.17,-0.36,6.2,SZ002655
1527,2019-04-12,30.43,28.78,30.88,28.54,208195,200582632.0,7.68,-5.52,-1.68,5.78,SZ002655
1528,2019-04-15,29.11,28.78,30.31,28.45,178161,172477472.0,6.46,0.0,0.0,4.95,SZ002655
1529,2019-04-16,29.05,29.14,29.35,28.09,128116,121369130.0,4.38,1.25,0.36,3.56,SZ002655
1530,2019-04-17,29.2,28.87,29.83,28.75,134212,128906916.0,3.71,-0.93,-0.27,3.73,SZ002655
1531,2019-04-18,28.66,27.88,29.08,27.85,167230,155576204.0,4.26,-3.43,-0.99,4.65,SZ002655
1532,2019-04-19,28.18,28.21,28.63,27.73,95181,88307909.0,3.23,1.18,0.33,2.64,SZ002655
1533,2019-04-22,28.21,27.46,28.36,27.25,110419,100647798.0,3.93,-2.66,-0.75,3.07,SZ002655
1534,2019-04-23,27.46,26.74,27.7,26.5,95126,84592669.0,4.37,-2.62,-0.72,2.64,SZ002655
1535,2019-04-24,26.95,27.25,27.58,26.38,86333,76657536.0,4.49,1.91,0.51,2.4,SZ002655
1536,2019-04-25,27.04,25.69,27.25,25.57,102813,89126022.0,6.17,-5.72,-1.56,2.86,SZ002655
1537,2019-04-26,25.75,25.81,26.29,25.6,75217,64196498.0,2.69,0.47,0.12,2.09,SZ002655
1538,2019-04-29,25.84,24.79,25.93,24.46,88960,73401463.0,5.7,-3.95,-1.02,2.47,SZ002655
1539,2019-04-30,24.94,25.48,25.75,24.94,52845,44139940.0,3.27,2.78,0.69,1.47,SZ002655
1540,2019-05-06,24.61,22.96,24.61,22.96,105530,81879951.0,6.48,-9.89,-2.52,2.93,SZ002655
1541,2019-05-07,23.08,23.32,23.59,22.87,61142,46722147.0,3.14,1.57,0.36,1.7,SZ002655
1542,2019-05-08,22.96,23.26,23.71,22.09,53381,40690268.0,6.95,-0.26,-0.06,1.48,SZ002655
1543,2019-05-09,23.02,24.22,24.58,23.02,116849,92777483.0,6.71,4.13,0.96,3.25,SZ002655
1544,2019-05-10,24.67,24.85,25.12,23.44,107439,87232487.0,6.94,2.6,0.63,2.98,SZ002655
1545,2019-05-13,26.08,24.91,26.08,24.91,103241,86683584.0,4.71,0.24,0.06,2.87,SZ002655
1546,2019-05-14,24.76,24.46,25.3,24.4,63680,52032194.0,3.61,-1.81,-0.45,1.77,SZ002655
1547,2019-05-15,24.64,24.91,25.18,24.64,55759,45787529.0,2.21,1.84,0.45,1.55,SZ002655
1548,2019-05-16,25.12,24.88,25.12,24.76,49032,40274549.0,1.45,-0.12,-0.03,1.36,SZ002655
1549,2019-05-17,25.03,24.13,25.15,23.95,58757,47272154.0,4.82,-3.01,-0.75,1.63,SZ002655
1550,2019-05-20,23.86,23.71,24.19,23.2,50025,38946327.0,4.1,-1.74,-0.42,1.39,SZ002655
1551,2019-05-21,23.83,25.45,25.63,23.8,120930,99765183.0,7.72,7.34,1.74,3.36,SZ002655
1552,2019-05-22,25.6,24.97,25.87,24.64,94392,78416685.0,4.83,-1.89,-0.48,2.62,SZ002655
1553,2019-05-23,25.12,23.83,25.15,23.8,69472,55391072.0,5.41,-4.57,-1.14,1.93,SZ002655
1554,2019-05-24,23.56,23.38,24.25,23.26,53720,41838863.0,4.15,-1.89,-0.45,1.49,SZ002655
1555,2019-05-27,23.59,24.31,24.46,23.38,65867,52203145.0,4.62,3.98,0.93,1.83,SZ002655
1556,2019-05-28,24.91,24.37,24.91,24.19,53780,43412600.0,2.96,0.25,0.06,1.49,SZ002655
1557,2019-05-29,24.55,25.75,26.02,24.16,128515,106814299.0,7.63,5.66,1.38,3.57,SZ002655
1558,2019-05-30,25.87,24.76,25.93,24.46,108810,89418161.0,5.71,-3.84,-0.99,3.02,SZ002655
1559,2019-05-31,24.46,25.24,25.42,24.31,74983,61198636.0,4.48,1.94,0.48,2.08,SZ002655
1560,2019-06-03,25.03,24.46,25.15,24.43,68889,55940358.0,2.85,-3.09,-0.78,1.91,SZ002655
1561,2019-06-04,24.37,23.89,24.73,23.71,48720,38531713.0,4.17,-2.33,-0.57,1.35,SZ002655
1562,2019-06-05,24.25,23.83,24.34,23.77,33219,26212120.0,2.39,-0.25,-0.06,0.92,SZ002655
1563,2019-06-06,23.86,22.9,24.01,22.75,51817,39416912.0,5.29,-3.9,-0.93,1.44,SZ002655
1564,2019-06-10,23.05,23.41,23.5,22.9,24094,18412077.0,2.62,2.23,0.51,0.67,SZ002655
1565,2019-06-11,23.56,24.01,24.04,23.2,45027,35214716.0,3.59,2.56,0.6,1.25,SZ002655
1566,2019-06-12,23.89,23.92,24.31,23.71,39541,31255538.0,2.5,-0.37,-0.09,1.1,SZ002655
1567,2019-06-13,23.74,23.95,24.07,23.71,25018,19682577.0,1.51,0.13,0.03,0.69,SZ002655
1568,2019-06-14,23.95,23.2,24.07,22.99,35655,27636535.0,4.51,-3.13,-0.75,0.99,SZ002655
1569,2019-06-17,23.35,22.96,23.53,22.87,28213,21412063.0,2.84,-1.03,-0.24,0.78,SZ002655
1570,2019-06-18,22.96,23.11,23.32,22.96,19731,15004917.0,1.57,0.65,0.15,0.55,SZ002655
1571,2019-06-19,23.59,23.74,24.13,23.59,49096,38509028.0,2.34,2.73,0.63,1.36,SZ002655
1572,2019-06-20,23.62,24.07,24.25,23.38,47327,37267329.0,3.66,1.39,0.33,1.31,SZ002655
1573,2019-06-21,24.61,24.88,24.97,24.31,85329,69491040.0,2.74,3.37,0.81,2.37,SZ002655
1574,2019-06-24,24.79,24.61,25.03,24.4,43503,35181051.0,2.53,-1.09,-0.27,1.21,SZ002655
1575,2019-06-25,24.58,24.49,24.61,24.01,36004,28722227.0,2.44,-0.49,-0.12,1.0,SZ002655
1576,2019-06-26,24.61,24.52,24.88,24.34,46691,37812300.0,2.2,0.12,0.03,1.3,SZ002655
1577,2019-06-27,24.46,24.46,24.7,24.34,38525,31113484.0,1.47,-0.24,-0.06,1.07,SZ002655
1578,2019-06-28,24.49,24.13,24.67,24.04,33873,27138479.0,2.58,-1.35,-0.33,0.94,SZ002655
1579,2019-07-01,24.91,25.24,25.3,24.49,123816,101477418.0,3.36,4.6,1.11,3.44,SZ002655
1580,2019-07-02,25.3,25.51,25.99,25.06,155173,130862320.0,3.68,1.07,0.27,4.31,SZ002655
1581,2019-07-03,25.3,25.03,25.63,24.97,63856,53083474.0,2.59,-1.88,-0.48,1.77,SZ002655
1582,2019-07-04,24.91,25.39,25.54,24.91,56816,47407530.0,2.52,1.44,0.36,1.58,SZ002655
1583,2019-07-05,25.45,25.03,25.45,24.79,40666,33596296.0,2.6,-1.42,-0.36,1.13,SZ002655
1584,2019-07-08,25.12,24.16,25.15,24.1,46815,37512413.0,4.19,-3.48,-0.87,1.3,SZ002655
1585,2019-07-09,24.25,24.16,24.46,23.65,28051,22145453.0,3.35,0.0,0.0,0.78,SZ002655
1586,2019-07-10,24.07,24.31,24.34,23.92,19801,15748777.0,1.74,0.62,0.15,0.55,SZ002655
1587,2019-07-11,24.4,24.1,24.55,24.1,19182,15337200.0,1.85,-0.86,-0.21,0.53,SZ002655
1588,2019-07-12,24.16,24.34,24.46,23.89,23005,18425432.0,2.37,1.0,0.24,0.64,SZ002655
1589,2019-07-15,24.34,25.03,25.06,23.92,48623,39438589.0,4.68,2.83,0.69,1.35,SZ002655
1590,2019-07-16,24.97,25.06,25.27,24.76,38208,31432365.0,2.04,0.12,0.03,1.06,SZ002655
1591,2019-07-17,24.94,25.27,25.57,24.76,65355,54415668.0,3.23,0.84,0.21,1.82,SZ002655
1592,2019-07-18,25.21,24.91,25.21,24.67,38676,31798303.0,2.14,-1.42,-0.36,1.07,SZ002655
1593,2019-07-19,25.09,24.79,25.39,24.79,31202,25759226.0,2.41,-0.48,-0.12,0.87,SZ002655
1594,2019-07-22,24.82,24.25,24.97,23.74,35306,28337477.0,4.96,-2.18,-0.54,0.98,SZ002655
1595,2019-07-23,24.19,24.7,24.88,24.19,30112,24396506.0,2.85,1.86,0.45,0.84,SZ002655
1596,2019-07-24,24.67,25.42,25.66,24.67,73677,61523346.0,4.01,2.91,0.72,2.05,SZ002655
1597,2019-07-25,25.63,27.04,27.4,25.39,207195,182337536.0,7.91,6.37,1.62,5.76,SZ002655
1598,2019-07-26,26.62,26.56,26.98,26.35,106978,93720864.0,2.33,-1.78,-0.48,2.97,SZ002655
1599,2019-07-29,26.56,26.83,27.07,26.11,114499,99971336.0,3.61,1.02,0.27,3.18,SZ002655
1600,2019-07-30,26.68,26.26,26.83,26.2,88562,77233951.0,2.35,-2.12,-0.57,2.46,SZ002655
1601,2019-07-31,26.17,26.14,26.35,25.75,64844,55706147.0,2.28,-0.46,-0.12,1.8,SZ002655
1602,2019-08-01,25.93,27.1,27.16,25.75,134355,118053627.0,5.39,3.67,0.96,3.73,SZ002655
1603,2019-08-02,26.47,26.2,26.83,26.05,109244,95222065.0,2.88,-3.32,-0.9,3.03,SZ002655
1604,2019-08-05,25.96,25.87,26.68,25.75,77896,67304941.0,3.55,-1.26,-0.33,2.16,SZ002655
1605,2019-08-06,25.51,24.16,25.51,23.32,118145,94182836.0,8.47,-6.61,-1.71,3.28,SZ002655
1606,2019-08-07,24.25,24.79,25.12,24.01,86841,70446139.0,4.59,2.61,0.63,2.41,SZ002655
1607,2019-08-08,24.97,26.89,27.25,24.67,183971,158669652.0,10.41,8.47,2.1,5.11,SZ002655
1608,2019-08-09,27.04,26.83,27.76,26.68,149079,133076910.0,4.02,-0.22,-0.06,4.14,SZ002655
1609,2019-08-12,27.16,28.15,28.3,27.01,206262,189359576.0,4.81,4.92,1.32,5.73,SZ002655
1610,2019-08-13,27.4,28.12,29.32,27.25,222605,208388289.0,7.35,-0.11,-0.03,6.18,SZ002655
1611,2019-08-14,28.81,28.57,29.47,28.27,190766,182007510.0,4.27,1.6,0.45,5.3,SZ002655
1612,2019-08-15,27.55,28.99,29.23,27.37,176554,166349528.0,6.51,1.47,0.42,4.9,SZ002655
1613,2019-08-16,29.38,28.51,29.38,28.42,136489,129389017.0,3.31,-1.66,-0.48,3.79,SZ002655
1614,2019-08-19,28.87,29.23,29.95,28.69,193983,187389546.0,4.42,2.53,0.72,5.39,SZ002655
1615,2019-08-20,29.59,28.63,29.68,28.42,118921,113712236.0,4.31,-2.05,-0.6,3.3,SZ002655
1616,2019-08-21,28.51,28.51,28.99,28.06,102279,96334785.0,3.25,-0.42,-0.12,2.84,SZ002655
1617,2019-08-22,28.39,28.78,29.26,28.39,102305,97294090.0,3.05,0.95,0.27,2.84,SZ002655
1618,2019-08-23,28.72,28.27,28.99,28.12,67879,63819557.0,3.02,-1.77,-0.51,1.89,SZ002655
1619,2019-08-26,27.52,27.97,28.36,27.49,64260,59173832.0,3.08,-1.06,-0.3,1.79,SZ002655
1620,2019-08-27,28.24,28.06,28.63,27.97,74052,69170484.0,2.36,0.32,0.09,2.06,SZ002655
1621,2019-08-28,27.91,27.76,27.91,27.16,87496,79356893.0,2.67,-1.07,-0.3,2.43,SZ002655
1622,2019-08-29,27.76,27.04,27.76,26.92,78844,70630721.0,3.03,-2.59,-0.72,2.19,SZ002655
1623,2019-08-30,27.31,26.47,27.46,26.17,75282,66651025.0,4.77,-2.11,-0.57,2.09,SZ002655
1624,2019-09-02,26.77,27.28,27.34,26.41,66010,58767953.0,3.51,3.06,0.81,1.83,SZ002655
1625,2019-09-03,27.31,28.21,28.54,27.25,101568,94033130.0,4.73,3.41,0.93,2.82,SZ002655
1626,2019-09-04,28.42,28.72,29.5,28.15,117608,111617955.0,4.79,1.81,0.51,3.27,SZ002655
1627,2019-09-05,28.24,28.81,29.59,28.24,141816,135676969.0,4.7,0.31,0.09,3.94,SZ002655
1628,2019-09-06,29.29,28.9,29.29,28.42,80464,76421476.0,3.02,0.31,0.09,2.24,SZ002655
1629,2019-09-09,29.59,30.43,30.76,28.96,182291,180271976.0,6.23,5.29,1.53,5.06,SZ002655
1630,2019-09-10,30.49,29.95,30.52,29.44,97167,95777238.0,3.55,-1.58,-0.48,2.7,SZ002655
1631,2019-09-11,30.13,29.65,30.4,29.65,72413,71409748.0,2.5,-1.0,-0.3,2.01,SZ002655
1632,2019-09-12,29.98,29.68,29.98,29.29,49343,48165184.0,2.33,0.1,0.03,1.37,SZ002655
1633,2019-09-16,29.68,29.77,30.07,29.35,56795,55724317.0,2.43,0.3,0.09,1.58,SZ002655
1634,2019-09-17,29.56,29.08,29.56,28.24,79843,76197298.0,4.43,-2.32,-0.69,2.22,SZ002655
1635,2019-09-18,29.08,29.2,29.35,28.66,42565,40765083.0,2.37,0.41,0.12,1.18,SZ002655
1636,2019-09-19,29.17,31.36,31.75,29.02,218066,220791278.0,9.35,7.4,2.16,6.06,SZ002655
1637,2019-09-20,31.33,33.73,34.48,30.91,454477,503948896.0,11.38,7.56,2.37,12.62,SZ002655
1638,2019-09-23,33.67,34.03,34.36,32.56,296647,328941728.0,5.34,0.89,0.3,8.24,SZ002655
1639,2019-09-24,34.06,32.71,34.06,32.71,233151,256141303.0,3.97,-3.88,-1.32,6.48,SZ002655
1640,2019-09-25,33.13,32.02,33.52,31.63,181792,194753716.0,5.78,-2.11,-0.69,5.05,SZ002655
1641,2019-09-26,32.11,29.2,32.17,28.96,237054,236469943.0,10.02,-8.81,-2.82,6.58,SZ002655
1642,2019-09-27,29.5,32.08,32.08,29.41,225078,234296655.0,9.14,9.86,2.88,6.25,SZ002655
1643,2019-09-30,32.38,30.79,32.95,29.71,266969,273391600.0,10.1,-4.02,-1.29,7.42,SZ002655
1644,2019-10-08,31.24,29.47,31.36,28.84,184873,182078123.0,8.18,-4.29,-1.32,5.14,SZ002655
1645,2019-10-09,28.87,29.05,29.14,28.24,130245,123539772.0,3.05,-1.43,-0.42,3.62,SZ002655
1646,2019-10-10,29.05,30.19,30.28,28.6,149136,145708187.0,5.78,3.92,1.14,4.14,SZ002655
1647,2019-10-11,29.86,29.86,30.25,29.26,124779,122783369.0,3.28,-1.09,-0.33,3.47,SZ002655
1648,2019-10-14,31.06,30.61,31.33,30.04,155624,157551473.0,4.32,2.51,0.75,4.32,SZ002655
1649,2019-10-15,30.49,33.64,33.64,29.44,339800,363374976.0,13.72,9.9,3.03,9.44,SZ002655
1650,2019-10-16,33.01,32.26,33.61,31.84,230862,248617782.0,5.26,-4.1,-1.38,6.41,SZ002655
1651,2019-10-17,32.26,32.92,33.58,31.84,193437,209031006.0,5.39,2.05,0.66,5.37,SZ002655
1652,2019-10-18,33.31,33.49,35.05,32.62,295773,330419520.0,7.38,1.73,0.57,8.22,SZ002655
1653,2019-10-21,33.55,35.98,36.67,31.9,372699,431864656.0,14.24,7.44,2.49,10.35,SZ002655
1654,2019-10-22,37.06,39.55,39.55,36.49,407713,522493712.0,8.5,9.92,3.57,11.33,SZ002655
1655,2019-10-23,42.01,37.87,43.21,36.73,831083,1101103136.0,16.38,-4.25,-1.68,23.09,SZ002655
1656,2019-10-24,38.86,38.65,39.82,37.09,536839,681289104.0,7.21,2.06,0.78,14.91,SZ002655
1657,2019-10-25,37.36,36.82,37.63,35.41,454729,550870560.0,5.74,-4.73,-1.83,12.63,SZ002655
1658,2019-10-28,35.8,38.59,39.91,35.71,521884,655255232.0,11.41,4.81,1.77,14.5,SZ002655
1659,2019-10-29,37.9,37.48,40.48,37.03,442564,568038256.0,8.94,-2.88,-1.11,12.29,SZ002655
1660,2019-10-30,37.96,40.3,40.75,37.27,501390,652914800.0,9.28,7.52,2.82,13.93,SZ002655
1661,2019-10-31,39.61,40.06,41.26,38.74,362295,475872880.0,6.25,-0.6,-0.24,10.06,SZ002655
1662,2019-11-01,39.31,41.56,41.92,38.35,423077,565968704.0,8.91,3.74,1.5,11.75,SZ002655
1663,2019-11-04,41.59,42.37,43.6,40.81,470811,659448912.0,6.71,1.95,0.81,13.08,SZ002655
1664,2019-11-05,41.92,41.77,42.88,41.02,355732,492871712.0,4.39,-1.42,-0.6,9.88,SZ002655
1665,2019-11-06,41.5,39.01,41.53,38.47,340908,449672432.0,7.33,-6.61,-2.76,9.47,SZ002655
1666,2019-11-07,38.98,38.95,39.58,38.32,221427,285248592.0,3.23,-0.15,-0.06,6.15,SZ002655
1667,2019-11-08,38.86,39.07,40.72,38.41,302982,398510656.0,5.93,0.31,0.12,8.42,SZ002655
1668,2019-11-11,38.71,42.19,42.94,38.17,649882,904307248.0,12.21,7.99,3.12,18.05,SZ002655
1669,2019-11-12,40.27,40.84,41.86,37.99,536800,705531040.0,9.17,-3.2,-1.35,14.91,SZ002655
1670,2019-11-13,40.3,42.73,43.57,39.91,520388,722307312.0,8.96,4.63,1.89,14.46,SZ002655
1671,2019-11-14,44.11,44.86,46.57,43.6,567403,840214080.0,6.95,4.98,2.13,15.76,SZ002655
1672,2019-11-15,43.03,44.14,46.78,42.94,506907,752138416.0,8.56,-1.6,-0.72,14.08,SZ002655
1673,2019-11-18,43.81,43.21,44.89,41.65,400419,568365888.0,7.34,-2.11,-0.93,11.12,SZ002655
1674,2019-11-19,43.03,44.11,44.53,41.95,320416,458358400.0,5.97,2.08,0.9,8.9,SZ002655
1675,2019-11-20,43.87,42.04,44.89,41.92,395417,565830432.0,6.73,-4.69,-2.07,10.98,SZ002655
1676,2019-11-21,40.96,39.61,40.96,39.25,333673,440364800.0,4.07,-5.78,-2.43,9.27,SZ002655
1677,2019-11-22,39.64,37.93,39.88,36.82,327088,414230944.0,7.73,-4.24,-1.68,9.09,SZ002655
1678,2019-11-25,37.81,36.4,37.84,35.83,210868,255374672.0,5.3,-4.03,-1.53,5.86,SZ002655
1679,2019-11-26,36.73,36.88,37.33,36.16,183773,223376486.0,3.21,1.32,0.48,5.1,SZ002655
1680,2019-11-27,36.61,38.8,39.16,36.04,265590,333819840.0,8.46,5.21,1.92,7.38,SZ002655
1681,2019-11-28,38.68,39.34,40.63,38.2,367562,478211840.0,6.26,1.39,0.54,10.21,SZ002655
1682,2019-11-29,38.59,37.81,39.43,36.85,247868,313293904.0,6.56,-3.89,-1.53,6.89,SZ002655
1683,2019-12-02,39.88,41.56,41.56,39.88,769155,1052781360.0,4.44,9.92,3.75,21.37,SZ002655
1684,2019-12-03,40.48,40.75,40.93,39.46,595929,791004528.0,3.54,-1.95,-0.81,16.55,SZ002655
1685,2019-12-04,40.0,41.56,42.73,39.43,629723,856434944.0,8.1,1.99,0.81,17.49,SZ002655
1686,2019-12-05,41.86,44.08,45.64,41.14,771050,1115423232.0,10.83,6.06,2.52,21.42,SZ002655
1687,2019-12-06,44.98,48.46,48.46,44.11,802419,1249351984.0,9.87,9.94,4.38,22.29,SZ002655
1688,2019-12-09,49.84,47.71,52.18,46.93,1017431,1678251232.0,10.83,-1.55,-0.75,28.26,SZ002655
1689,2019-12-10,47.53,52.45,52.45,46.81,848972,1397751280.0,11.82,9.94,4.74,23.58,SZ002655
1690,2019-12-11,50.86,49.12,51.85,48.61,679525,1124039792.0,6.18,-6.35,-3.33,18.88,SZ002655
1691,2019-12-13,44.23,44.23,44.23,44.23,24707,36171048.0,0.0,-9.96,-4.89,0.69,SZ002655
1692,2019-12-16,39.94,42.85,45.19,39.94,1283281,1763144288.0,11.87,-3.12,-1.38,35.65,SZ002655
1693,2019-12-17,41.92,41.86,42.97,41.32,926018,1280420992.0,3.85,-2.31,-0.99,25.72,SZ002655
1694,2019-12-18,43.72,46.03,46.03,43.51,864361,1293868304.0,6.02,9.96,4.17,24.01,SZ002655
1695,2019-12-19,46.81,50.59,50.59,46.81,1064122,1721718256.0,8.21,9.91,4.56,29.56,SZ002655
1696,2019-12-20,51.97,46.87,53.95,46.66,1165613,1905061056.0,14.41,-7.35,-3.72,32.38,SZ002655
1697,2019-12-23,46.3,47.26,48.16,44.11,708596,1087987984.0,8.64,0.83,0.39,19.68,SZ002655
1698,2019-12-24,47.11,46.48,47.11,44.95,521478,794826688.0,4.57,-1.65,-0.78,14.49,SZ002655
1699,2019-12-25,45.94,46.36,47.41,45.31,524674,805705360.0,4.52,-0.26,-0.12,14.57,SZ002655
1700,2019-12-26,45.61,45.16,46.81,44.29,496368,747120384.0,5.44,-2.59,-1.2,13.79,SZ002655
1701,2019-12-27,45.49,43.72,46.51,43.66,566923,848305328.0,6.31,-3.19,-1.44,15.75,SZ002655
1702,2019-12-30,42.13,40.63,42.13,39.37,488063,652807616.0,6.31,-7.07,-3.09,13.56,SZ002655
1703,2019-12-31,40.63,40.48,41.35,40.21,298539,401892304.0,2.81,-0.37,-0.15,8.29,SZ002655
1704,2020-01-02,40.96,42.88,43.45,40.57,512626,716805536.0,7.11,5.93,2.4,14.24,SZ002655
1705,2020-01-03,42.76,42.64,43.42,42.1,402423,569626224.0,3.08,-0.56,-0.24,11.18,SZ002655
1706,2020-01-06,41.62,42.37,42.79,40.36,332307,460587280.0,5.7,-0.63,-0.27,9.23,SZ002655
1707,2020-01-07,43.03,43.0,44.68,42.76,428674,617026208.0,4.53,1.49,0.63,11.91,SZ002655
1708,2020-01-08,42.76,41.38,42.79,41.38,311055,431820352.0,3.28,-3.77,-1.62,8.64,SZ002655
1709,2020-01-09,41.62,42.37,42.67,41.62,281331,393248208.0,2.54,2.39,0.99,7.81,SZ002655
1710,2020-01-10,42.79,41.89,43.0,41.65,242191,336331392.0,3.19,-1.13,-0.48,6.73,SZ002655
1711,2020-01-13,41.41,42.37,42.4,40.84,240461,332394432.0,3.72,1.15,0.48,6.68,SZ002655
1712,2020-01-14,42.46,41.62,42.67,41.56,214547,297686448.0,2.62,-1.77,-0.75,5.96,SZ002655
1713,2020-01-15,41.62,41.86,42.16,41.17,178722,247319704.0,2.38,0.58,0.24,4.96,SZ002655
1714,2020-01-16,41.71,44.11,45.28,40.96,591830,839951952.0,10.32,5.38,2.25,16.44,SZ002655
1715,2020-01-17,43.45,42.1,43.48,42.04,366483,519002608.0,3.26,-4.56,-2.01,10.18,SZ002655
1716,2020-01-20,41.56,41.89,42.61,40.87,221510,306570192.0,4.13,-0.5,-0.21,6.15,SZ002655
1717,2020-01-21,41.59,40.39,41.68,40.39,209311,284216112.0,3.08,-3.58,-1.5,5.81,SZ002655
1718,2020-01-22,40.03,40.54,41.05,38.98,184866,245079983.0,5.13,0.37,0.15,5.14,SZ002655
1719,2020-01-23,40.57,38.14,40.9,37.81,194306,251974294.0,7.62,-5.92,-2.4,5.4,SZ002655
1720,2020-02-03,34.36,34.36,34.36,34.36,8277,9394395.0,0.0,-9.91,-3.78,0.23,SZ002655
1721,2020-02-04,30.97,32.35,33.58,30.97,324231,346206416.0,7.6,-5.85,-2.01,9.01,SZ002655
1722,2020-02-05,32.68,32.98,34.03,32.35,268140,293854848.0,5.19,1.95,0.63,7.45,SZ002655
1723,2020-02-06,32.83,34.03,34.63,32.41,325819,363274512.0,6.73,3.18,1.05,9.05,SZ002655
1724,2020-02-07,33.82,34.54,34.99,33.49,278047,315700480.0,4.41,1.5,0.51,7.72,SZ002655
1725,2020-02-10,34.06,34.57,34.99,33.85,242153,274800560.0,3.3,0.09,0.03,6.73,SZ002655
1726,2020-02-11,34.81,36.34,37.75,33.97,483531,571990256.0,10.93,5.12,1.77,13.43,SZ002655
1727,2020-02-12,35.68,36.19,36.46,35.2,337672,400554848.0,3.47,-0.41,-0.15,9.38,SZ002655
1728,2020-02-13,35.86,35.41,36.49,35.05,306763,360884688.0,3.98,-2.16,-0.78,8.52,SZ002655
1729,2020-02-14,35.14,35.47,36.13,35.14,217404,256064497.0,2.8,0.17,0.06,6.04,SZ002655
1730,2020-02-17,35.89,38.08,38.59,35.8,485635,597396864.0,7.87,7.36,2.61,13.49,SZ002655
1731,2020-02-18,37.96,39.4,39.64,37.51,447374,569879056.0,5.59,3.47,1.32,12.43,SZ002655
1732,2020-02-19,39.01,39.25,40.51,38.56,436072,572356080.0,4.95,-0.38,-0.15,12.11,SZ002655
1733,2020-02-20,39.16,39.79,40.0,38.71,346492,452342336.0,3.29,1.38,0.54,9.62,SZ002655
1734,2020-02-21,39.85,40.45,41.08,39.76,401619,537300992.0,3.32,1.66,0.66,11.16,SZ002655
1735,2020-02-24,39.91,41.41,41.47,39.61,439023,591288640.0,4.6,2.37,0.96,12.2,SZ002655
1736,2020-02-25,39.88,40.63,41.38,37.84,477711,633012672.0,8.55,-1.88,-0.78,13.27,SZ002655
1737,2020-02-26,39.85,38.59,40.36,38.47,315711,412773632.0,4.65,-5.02,-2.04,8.77,SZ002655
1738,2020-02-27,38.98,38.17,39.55,37.51,238432,303428304.0,5.29,-1.09,-0.42,6.62,SZ002655
1739,2020-02-28,36.31,34.39,36.73,34.39,338380,394600368.0,6.13,-9.9,-3.78,9.4,SZ002655
1740,2020-03-02,34.72,35.53,36.01,34.48,260726,302801232.0,4.45,3.31,1.14,7.24,SZ002655
1741,2020-03-03,36.13,37.21,37.96,36.13,368380,453028736.0,5.15,4.73,1.68,10.23,SZ002655
1742,2020-03-04,37.21,37.42,37.75,36.55,226064,278324944.0,3.22,0.56,0.21,6.28,SZ002655
1743,2020-03-05,38.23,38.56,38.95,37.54,280018,353857088.0,3.77,3.05,1.14,7.78,SZ002655
1744,2020-03-06,38.11,38.41,39.22,37.66,247599,314648000.0,4.05,-0.39,-0.15,6.88,SZ002655
1745,2020-03-09,37.54,35.65,37.75,35.56,263301,317443440.0,5.7,-7.19,-2.76,7.31,SZ002655
1746,2020-03-10,34.72,36.58,36.61,34.45,212141,249616565.0,6.06,2.61,0.93,5.89,SZ002655
1747,2020-03-11,36.91,35.77,37.72,35.74,199755,242589006.0,5.41,-2.21,-0.81,5.55,SZ002655
1748,2020-03-12,35.26,34.54,35.83,34.12,169992,196049560.0,4.78,-3.44,-1.23,4.72,SZ002655
1749,2020-03-13,32.59,33.61,34.24,32.14,196056,213984268.0,6.08,-2.69,-0.93,5.45,SZ002655
1750,2020-03-16,34.45,31.78,34.6,30.91,222469,241999986.0,10.98,-5.44,-1.83,6.18,SZ002655
1751,2020-03-17,31.96,31.18,32.41,29.11,194244,198785552.0,10.38,-1.89,-0.6,5.4,SZ002655
1752,2020-03-18,31.57,30.49,32.35,30.43,165975,172697464.0,6.16,-2.21,-0.69,4.61,SZ002655
1753,2020-03-19,30.31,31.15,31.21,29.95,161244,163265215.0,4.13,2.16,0.66,4.48,SZ002655
1754,2020-03-20,31.81,31.36,31.96,30.64,122607,126317191.0,4.24,0.67,0.21,3.41,SZ002655
1755,2020-03-23,30.43,29.56,30.88,29.2,128095,127718924.0,5.36,-5.74,-1.8,3.56,SZ002655
1756,2020-03-24,30.31,30.16,30.52,29.11,130544,128716654.0,4.77,2.03,0.6,3.63,SZ002655
1757,2020-03-25,30.85,31.18,31.51,30.67,161141,165553084.0,2.79,3.38,1.02,4.48,SZ002655
1758,2020-03-26,30.97,30.34,31.06,30.25,116594,117859464.0,2.6,-2.69,-0.84,3.24,SZ002655
1759,2020-03-27,30.76,29.83,30.91,29.74,112774,112792104.0,3.86,-1.68,-0.51,3.13,SZ002655
1760,2020-03-30,29.29,28.42,29.29,27.67,166749,155699779.0,5.43,-4.73,-1.41,4.63,SZ002655
1761,2020-03-31,28.87,27.91,28.96,27.82,111473,104008737.0,4.01,-1.79,-0.51,3.1,SZ002655
1762,2020-04-01,27.94,28.09,28.69,27.73,119691,111758289.0,3.44,0.64,0.18,3.32,SZ002655
1763,2020-04-02,27.7,29.2,29.26,27.64,133014,125486440.0,5.77,3.95,1.11,3.69,SZ002655
1764,2020-04-03,29.29,29.26,29.8,28.9,122589,118481448.0,3.08,0.21,0.06,3.41,SZ002655
1765,2020-04-07,29.89,30.25,30.46,29.86,122716,122185676.0,2.05,3.38,0.99,3.41,SZ002655
1766,2020-04-08,30.01,30.55,31.27,30.01,128642,130196844.0,4.17,0.99,0.3,3.57,SZ002655
1767,2020-04-09,30.85,30.46,30.91,30.34,99981,100766605.0,1.87,-0.29,-0.09,2.78,SZ002655
1768,2020-04-10,30.58,29.44,30.58,29.32,116969,114869596.0,4.14,-3.35,-1.02,3.25,SZ002655
1769,2020-04-13,29.44,28.39,29.5,28.18,90189,85021034.0,4.48,-3.57,-1.05,2.51,SZ002655
1770,2020-04-14,28.81,28.93,28.96,28.45,88289,83449151.0,1.8,1.9,0.54,2.45,SZ002655
1771,2020-04-15,28.84,28.96,29.71,28.81,129735,124741909.0,3.11,0.1,0.03,3.6,SZ002655
1772,2020-04-16,29.05,29.11,29.35,28.33,105232,100176831.0,3.52,0.52,0.15,2.92,SZ002655
1773,2020-04-17,29.47,29.14,29.77,28.99,114407,111152520.0,2.68,0.1,0.03,3.18,SZ002655
1774,2020-04-20,29.41,29.41,29.47,28.93,96859,93475226.0,1.85,0.93,0.27,2.69,SZ002655
1775,2020-04-21,29.38,28.78,29.38,28.36,115978,109932340.0,3.47,-2.14,-0.63,3.22,SZ002655
1776,2020-04-22,28.72,29.26,29.38,28.39,106329,101408382.0,3.44,1.67,0.48,2.95,SZ002655
1777,2020-04-23,29.56,28.51,29.62,28.48,101814,96819138.0,3.9,-2.56,-0.75,2.83,SZ002655
1778,2020-04-24,28.72,27.4,28.78,27.34,138055,126760988.0,5.05,-3.89,-1.11,3.83,SZ002655
1779,2020-04-27,27.49,26.35,27.61,26.05,145068,126358039.0,5.69,-3.83,-1.05,4.03,SZ002655
1780,2020-04-28,26.38,25.3,26.59,24.37,151755,126919400.0,8.43,-3.98,-1.05,4.22,SZ002655
1781,2020-04-29,25.42,26.08,27.52,25.21,203375,177218331.0,9.13,3.08,0.78,5.65,SZ002655
1782,2020-04-30,26.74,27.58,28.33,26.11,226185,205001390.0,8.51,5.75,1.5,6.28,SZ002655
1783,2020-05-06,27.46,28.36,28.39,27.25,180415,165914483.0,4.13,2.83,0.78,5.01,SZ002655
1784,2020-05-07,28.63,28.06,29.05,28.03,124000,116260803.0,3.6,-1.06,-0.3,3.44,SZ002655
1785,2020-05-08,28.42,29.05,29.35,28.24,207262,197647488.0,3.96,3.53,0.99,5.76,SZ002655
1786,2020-05-11,29.41,30.43,31.06,28.84,317122,314434736.0,7.64,4.75,1.38,8.81,SZ002655
1787,2020-05-12,30.61,30.73,31.06,30.16,193852,195510355.0,2.96,0.99,0.3,5.38,SZ002655
1788,2020-05-13,30.61,30.61,31.24,30.37,148451,150748156.0,2.83,-0.39,-0.12,4.12,SZ002655
1789,2020-05-14,30.58,31.24,31.75,30.43,280929,288959328.0,4.31,2.06,0.63,7.8,SZ002655
1790,2020-05-15,31.45,34.33,34.33,31.0,409578,444735936.0,10.66,9.89,3.09,11.38,SZ002655
1791,2020-05-18,34.42,31.48,34.6,31.21,471718,509877744.0,9.87,-8.3,-2.85,13.1,SZ002655
1792,2020-05-19,32.08,34.6,34.6,31.75,182104,203723869.0,9.05,9.91,3.12,5.06,SZ002655
1793,2020-05-20,34.81,35.68,37.66,33.55,813499,952888320.0,11.88,3.12,1.08,22.6,SZ002655
1794,2020-05-21,34.96,33.76,36.04,33.61,406480,467587664.0,6.81,-5.38,-1.92,11.29,SZ002655
1795,2020-05-22,33.31,32.65,33.79,31.81,267363,290677904.0,5.86,-3.29,-1.11,7.43,SZ002655
1796,2020-05-25,32.44,32.2,33.49,31.6,205434,219266440.0,5.79,-1.38,-0.45,5.71,SZ002655
1797,2020-05-26,31.99,34.54,35.38,31.99,350747,396776240.0,10.53,7.27,2.34,9.74,SZ002655
1798,2020-05-27,34.27,34.45,35.29,33.94,290154,332532752.0,3.91,-0.26,-0.09,8.06,SZ002655
1799,2020-05-28,34.69,35.35,36.28,33.61,390953,452560448.0,7.75,2.61,0.9,10.86,SZ002655
1800,2020-05-29,34.96,36.82,37.75,34.93,498591,605219008.0,7.98,4.16,1.47,13.85,SZ002655
1801,2020-06-01,36.97,38.41,39.19,36.64,403417,509239440.0,6.93,4.32,1.59,11.21,SZ002655
1802,2020-06-02,38.2,37.99,40.21,37.66,470021,602029232.0,6.64,-1.09,-0.42,13.06,SZ002655
1803,2020-06-03,38.02,37.21,38.38,35.71,421354,517950432.0,7.03,-2.05,-0.78,11.7,SZ002655
1804,2020-06-04,37.21,36.97,37.63,36.58,231311,282912912.0,2.82,-0.64,-0.24,6.43,SZ002655
1805,2020-06-05,36.91,36.82,37.75,36.31,231627,283165152.0,3.9,-0.41,-0.15,6.43,SZ002655
1806,2020-06-08,37.06,35.65,37.6,35.5,270538,324873056.0,5.7,-3.18,-1.17,7.51,SZ002655
1807,2020-06-09,35.71,35.56,36.13,35.14,149914,176449434.0,2.78,-0.25,-0.09,4.16,SZ002655
1808,2020-06-10,35.59,34.69,35.77,34.27,206613,237518829.0,4.22,-2.45,-0.87,5.74,SZ002655
1809,2020-06-11,34.75,34.24,35.23,34.06,187419,214513391.0,3.37,-1.3,-0.45,5.21,SZ002655
1810,2020-06-12,33.34,33.91,34.18,33.16,138120,153977224.0,2.98,-0.96,-0.33,3.84,SZ002655
1811,2020-06-15,33.88,33.31,34.45,33.31,157467,176071546.0,3.36,-1.77,-0.6,4.37,SZ002655
1812,2020-06-16,33.79,34.51,35.05,33.79,204391,232621802.0,3.78,3.6,1.2,5.68,SZ002655
1813,2020-06-17,34.51,33.67,34.51,33.16,213852,238204606.0,3.91,-2.43,-0.84,5.94,SZ002655
1814,2020-06-18,33.49,33.79,34.06,33.28,140236,156107339.0,2.32,0.36,0.12,3.9,SZ002655
1815,2020-06-19,34.42,37.15,37.15,34.39,255937,310624128.0,8.17,9.94,3.36,7.11,SZ002655
1816,2020-06-22,37.6,37.96,38.95,36.31,586912,727037136.0,7.11,2.18,0.81,16.3,SZ002655
1817,2020-06-23,37.72,36.88,38.11,36.61,309417,380315744.0,3.95,-2.85,-1.08,8.59,SZ002655
1818,2020-06-24,37.33,37.27,38.41,36.91,315258,390320176.0,4.07,1.06,0.39,8.76,SZ002655
1819,2020-06-29,36.61,36.64,37.18,35.83,203040,245220073.0,3.62,-1.69,-0.63,5.64,SZ002655
1820,2020-06-30,37.06,38.29,38.44,37.06,389059,487398784.0,3.77,4.5,1.65,10.81,SZ002655
1821,2020-07-01,37.9,38.86,38.86,37.18,407273,513715600.0,4.39,1.49,0.57,11.31,SZ002655
1822,2020-07-02,39.07,38.44,39.1,37.9,286098,362291328.0,3.09,-1.08,-0.42,7.95,SZ002655
1823,2020-07-03,38.35,37.81,38.35,37.27,188348,234738635.0,2.81,-1.64,-0.63,5.23,SZ002655
1824,2020-07-06,37.54,39.43,40.06,37.24,394886,506362336.0,7.46,4.28,1.62,10.97,SZ002655
1825,2020-07-07,39.31,41.08,42.88,38.71,535575,723728128.0,10.58,4.18,1.65,14.88,SZ002655
1826,2020-07-08,40.78,40.6,40.93,39.37,331684,442695648.0,3.8,-1.17,-0.48,9.21,SZ002655
1827,2020-07-09,40.21,41.5,41.59,39.79,381776,515298448.0,4.43,2.22,0.9,10.6,SZ002655
1828,2020-07-10,40.84,40.36,42.01,40.12,316961,428471376.0,4.55,-2.75,-1.14,8.8,SZ002655
1829,2020-07-13,39.82,41.53,41.83,39.82,325817,442194416.0,4.98,2.9,1.17,9.05,SZ002655
1830,2020-07-14,41.26,40.36,42.07,39.22,312599,418187712.0,6.86,-2.82,-1.17,8.68,SZ002655
1831,2020-07-15,40.51,38.17,40.66,38.17,255308,329975264.0,6.17,-5.43,-2.19,7.09,SZ002655
1832,2020-07-16,38.08,39.85,41.65,37.69,507774,674478448.0,10.37,4.4,1.68,14.1,SZ002655
1833,2020-07-17,39.37,43.81,43.81,38.95,595306,830142528.0,12.2,9.94,3.96,16.54,SZ002655
1834,2020-07-20,39.46,39.46,39.46,39.46,49500,64597500.0,0.0,-9.93,-4.35,1.38,SZ002655
1835,2020-07-21,35.56,35.56,35.56,35.56,28101,33018675.0,0.0,-9.88,-3.9,0.78,SZ002655
1836,2020-07-22,32.05,33.31,34.81,32.05,1417540,1531175168.0,7.76,-6.33,-2.25,39.38,SZ002655
1837,2020-07-23,30.28,30.04,31.03,30.04,1110155,1114741088.0,2.97,-9.82,-3.27,30.84,SZ002655
1838,2020-07-24,29.41,30.1,30.73,29.11,656562,648015856.0,5.39,0.2,0.06,18.24,SZ002655
1839,2020-07-27,29.71,28.72,29.95,28.51,385184,367336864.0,4.78,-4.58,-1.38,10.7,SZ002655
1840,2020-07-28,28.81,28.84,29.08,28.6,264023,250512730.0,1.67,0.42,0.12,7.33,SZ002655
1841,2020-07-29,28.81,29.83,30.01,28.24,438063,423106704.0,6.14,3.43,0.99,12.17,SZ002655
1842,2020-07-30,29.71,29.5,30.04,29.2,306393,297914336.0,2.82,-1.11,-0.33,8.51,SZ002655
1843,2020-07-31,29.65,30.19,30.67,29.41,457669,453332480.0,4.27,2.34,0.69,12.71,SZ002655
1844,2020-08-03,30.31,30.43,30.46,29.77,518718,516175216.0,2.29,0.79,0.24,14.41,SZ002655
1845,2020-08-04,30.25,30.79,31.81,29.47,606187,606460080.0,7.69,1.18,0.36,16.84,SZ002655
1846,2020-08-05,30.55,30.43,30.76,30.04,314821,315404736.0,2.34,-1.17,-0.36,8.75,SZ002655
1847,2020-08-06,30.4,29.95,30.55,29.62,254381,251644700.0,3.06,-1.58,-0.48,7.07,SZ002655
1848,2020-08-07,29.98,29.65,30.25,29.29,221250,216998036.0,3.21,-1.0,-0.3,6.15,SZ002655
1849,2020-08-10,29.41,30.13,30.31,29.29,246132,243404704.0,3.44,1.62,0.48,6.84,SZ002655
1850,2020-08-11,30.13,29.08,30.22,28.96,245914,240524947.0,4.18,-3.48,-1.05,6.83,SZ002655
1851,2020-08-12,29.02,28.03,29.23,27.37,297568,275643728.0,6.4,-3.61,-1.05,8.27,SZ002655
1852,2020-08-13,28.03,27.91,28.27,27.79,143076,131978555.0,1.71,-0.43,-0.12,3.97,SZ002655
1853,2020-08-14,27.91,28.33,28.57,27.79,168903,156950236.0,2.79,1.5,0.42,4.69,SZ002655
1854,2020-08-17,28.36,28.72,28.81,28.06,212128,199349937.0,2.65,1.38,0.39,5.89,SZ002655
1855,2020-08-18,28.75,28.66,28.87,28.42,154344,145534119.0,1.57,-0.21,-0.06,4.29,SZ002655
1856,2020-08-19,28.66,28.9,29.08,28.27,246428,232905213.0,2.83,0.84,0.24,6.85,SZ002655
1857,2020-08-20,28.66,28.36,28.69,28.27,141058,132574351.0,1.45,-1.87,-0.54,3.92,SZ002655
1858,2020-08-21,28.42,28.72,29.23,28.42,196807,187078965.0,2.86,1.27,0.36,5.47,SZ002655
1859,2020-08-24,28.54,28.84,29.11,27.91,198272,186542205.0,4.18,0.42,0.12,5.51,SZ002655
1860,2020-08-25,28.66,28.36,28.99,28.27,153709,144952109.0,2.5,-1.66,-0.48,4.27,SZ002655
1861,2020-08-26,28.39,27.49,28.39,27.37,174983,160245753.0,3.6,-3.07,-0.87,4.86,SZ002655
1862,2020-08-27,27.61,27.82,28.0,27.52,112621,103088304.0,1.75,1.2,0.33,3.13,SZ002655
1863,2020-08-28,27.79,28.69,28.93,27.49,221859,206411747.0,5.18,3.13,0.87,6.16,SZ002655
1864,2020-08-31,28.84,29.14,29.5,28.57,300412,287719072.0,3.24,1.57,0.45,8.34,SZ002655
1865,2020-09-01,29.02,28.78,29.02,28.51,148386,140386149.0,1.75,-1.24,-0.36,4.12,SZ002655
1866,2020-09-02,28.72,28.84,29.02,28.6,157636,149755367.0,1.46,0.21,0.06,4.38,SZ002655
1867,2020-09-03,28.75,28.12,28.75,27.94,166589,155720315.0,2.81,-2.5,-0.72,4.63,SZ002655
1868,2020-09-04,27.49,28.24,28.27,27.49,102674,94507115.0,2.77,0.43,0.12,2.85,SZ002655
1869,2020-09-07,28.51,29.8,30.25,28.45,521896,510175152.0,6.37,5.52,1.56,14.5,SZ002655
1870,2020-09-08,29.32,30.76,31.06,29.05,532423,533671968.0,6.74,3.22,0.96,14.79,SZ002655
1871,2020-09-09,30.19,29.65,30.55,29.02,348801,343506848.0,4.97,-3.61,-1.11,9.69,SZ002655
1872,2020-09-10,29.89,27.91,30.25,27.01,289743,274402272.0,10.93,-5.87,-1.74,8.05,SZ002655
1873,2020-09-11,27.55,28.06,28.06,27.1,148918,136011752.0,3.44,0.54,0.15,4.14,SZ002655
1874,2020-09-14,28.06,27.97,28.39,27.7,129772,119966957.0,2.46,-0.32,-0.09,3.6,SZ002655
1875,2020-09-15,27.91,27.76,27.94,27.58,109925,100358946.0,1.29,-0.75,-0.21,3.05,SZ002655
1876,2020-09-16,27.61,27.25,27.67,27.01,128396,115666688.0,2.38,-1.84,-0.51,3.57,SZ002655
1877,2020-09-17,27.07,26.77,27.16,26.29,164650,144490377.0,3.19,-1.76,-0.48,4.57,SZ002655
1878,2020-09-18,26.65,27.04,27.04,26.44,107403,94695640.0,2.24,1.01,0.27,2.98,SZ002655
1879,2020-09-21,27.04,26.83,27.22,26.68,95795,84939741.0,2.0,-0.78,-0.21,2.66,SZ002655
1880,2020-09-22,26.59,26.35,26.59,26.26,97817,85052895.0,1.23,-1.79,-0.48,2.72,SZ002655
1881,2020-09-23,26.44,26.44,26.53,26.26,57041,49617583.0,1.02,0.34,0.09,1.58,SZ002655
1882,2020-09-24,26.11,25.24,26.23,25.21,126839,106888627.0,3.86,-4.54,-1.2,3.52,SZ002655
1883,2020-09-25,25.36,24.76,25.42,24.64,84318,69135459.0,3.09,-1.9,-0.48,2.34,SZ002655
1884,2020-09-28,24.79,24.04,24.94,24.01,75314,60653357.0,3.76,-2.91,-0.72,2.09,SZ002655
1885,2020-09-29,24.16,25.42,25.93,23.86,181406,149498510.0,8.61,5.74,1.38,5.04,SZ002655
1886,2020-09-30,25.45,24.61,25.66,24.43,97152,79757945.0,4.84,-3.19,-0.81,2.7,SZ002655
1887,2020-10-09,24.73,25.75,25.84,24.73,117812,99025636.0,4.51,4.63,1.14,3.27,SZ002655
1888,2020-10-12,25.84,26.47,26.5,25.78,120096,103540297.0,2.8,2.8,0.72,3.34,SZ002655
1889,2020-10-13,26.41,26.29,26.41,25.9,95182,82003716.0,1.93,-0.68,-0.18,2.64,SZ002655
1890,2020-10-14,26.26,25.87,26.35,25.81,95337,81782429.0,2.05,-1.6,-0.42,2.65,SZ002655
1891,2020-10-15,26.14,25.54,26.14,25.45,88437,75150682.0,2.67,-1.28,-0.33,2.46,SZ002655
1892,2020-10-16,25.72,25.36,25.72,25.24,60924,50989597.0,1.88,-0.7,-0.18,1.69,SZ002655
1893,2020-10-19,25.45,25.33,26.02,25.15,76750,64698033.0,3.43,-0.12,-0.03,2.13,SZ002655
1894,2020-10-20,25.27,25.48,25.54,24.91,66038,54814578.0,2.49,0.59,0.15,1.83,SZ002655
1895,2020-10-21,25.63,25.06,25.63,24.79,85094,70106236.0,3.3,-1.65,-0.42,2.36,SZ002655
1896,2020-10-22,24.85,24.76,25.06,24.52,53784,43912989.0,2.15,-1.2,-0.3,1.49,SZ002655
1897,2020-10-23,24.79,24.43,25.06,24.37,61562,49833483.0,2.79,-1.33,-0.33,1.71,SZ002655
1898,2020-10-26,24.43,24.46,24.73,24.01,55268,44480255.0,2.95,0.12,0.03,1.54,SZ002655
1899,2020-10-27,24.91,25.66,25.75,24.79,154974,129717496.0,3.92,4.91,1.2,4.3,SZ002655
1900,2020-10-28,25.45,25.42,25.72,25.03,111701,93340434.0,2.69,-0.94,-0.24,3.1,SZ002655
1901,2020-10-29,25.03,25.03,25.39,24.91,70595,58449420.0,1.89,-1.53,-0.39,1.96,SZ002655
1902,2020-10-30,25.15,24.25,25.3,24.16,105034,84931692.0,4.55,-3.12,-0.78,2.92,SZ002655
1903,2020-11-02,24.31,23.71,24.37,23.56,87383,68458337.0,3.34,-2.23,-0.54,2.43,SZ002655
1904,2020-11-03,23.77,24.55,24.61,23.68,103879,83107520.0,3.92,3.54,0.84,2.89,SZ002655
1905,2020-11-04,24.58,25.36,26.08,24.55,208956,175427333.0,6.23,3.3,0.81,5.8,SZ002655
1906,2020-11-05,25.63,25.6,25.84,25.12,141048,118416613.0,2.84,0.95,0.24,3.92,SZ002655
1907,2020-11-06,25.6,25.96,26.29,25.39,159104,135181790.0,3.52,1.41,0.36,4.42,SZ002655
1908,2020-11-09,26.11,26.41,26.65,26.11,178154,154874679.0,2.08,1.73,0.45,4.95,SZ002655
1909,2020-11-10,26.56,26.08,26.56,25.9,106936,92149520.0,2.5,-1.25,-0.33,2.97,SZ002655
1910,2020-11-11,25.54,25.84,26.29,25.54,81781,69529336.0,2.88,-0.92,-0.24,2.27,SZ002655
1911,2020-11-12,25.84,25.39,25.99,25.3,73450,61716112.0,2.67,-1.74,-0.45,2.04,SZ002655
1912,2020-11-13,25.42,25.66,25.99,25.15,81319,68601493.0,3.31,1.06,0.27,2.26,SZ002655
1913,2020-11-16,25.96,26.38,26.53,25.51,136333,117414661.0,3.98,2.81,0.72,3.79,SZ002655
1914,2020-11-17,26.38,26.29,26.41,25.84,88640,76124538.0,2.16,-0.34,-0.09,2.46,SZ002655
1915,2020-11-18,26.08,26.14,26.62,26.05,72366,62753231.0,2.17,-0.57,-0.15,2.01,SZ002655
1916,2020-11-19,26.05,25.9,26.32,25.75,80997,69435690.0,2.18,-0.92,-0.24,2.25,SZ002655
1917,2020-11-20,25.84,25.99,26.14,25.69,56164,47931324.0,1.74,0.35,0.09,1.56,SZ002655
1918,2020-11-23,25.9,25.9,26.05,25.69,64938,55311999.0,1.39,-0.35,-0.09,1.8,SZ002655
1919,2020-11-24,25.78,25.78,26.17,25.72,62107,52917566.0,1.74,-0.46,-0.12,1.73,SZ002655
1920,2020-11-25,25.72,24.88,25.87,24.88,94537,78821968.0,3.84,-3.49,-0.9,2.63,SZ002655
1921,2020-11-26,24.79,25.0,25.15,24.67,60398,49504619.0,1.93,0.48,0.12,1.68,SZ002655
1922,2020-11-27,25.0,24.85,25.12,24.58,54132,44233624.0,2.16,-0.6,-0.15,1.5,SZ002655
1923,2020-11-30,24.91,24.76,25.06,24.67,57240,46887311.0,1.57,-0.36,-0.09,1.59,SZ002655
1924,2020-12-01,24.73,24.97,25.06,24.64,54308,44476628.0,1.7,0.85,0.21,1.51,SZ002655
1925,2020-12-02,24.91,25.45,25.57,24.88,91259,76056851.0,2.76,1.92,0.48,2.53,SZ002655
1926,2020-12-03,25.45,25.48,25.72,25.36,82919,69744183.0,1.41,0.12,0.03,2.3,SZ002655
1927,2020-12-04,25.54,25.42,25.6,25.3,56807,47525703.0,1.18,-0.24,-0.06,1.58,SZ002655
1928,2020-12-07,25.54,25.81,26.26,25.54,126073,107713229.0,2.83,1.53,0.39,3.5,SZ002655
1929,2020-12-08,25.78,26.02,26.2,25.66,75178,64240361.0,2.09,0.81,0.21,2.09,SZ002655
1930,2020-12-09,25.99,26.02,26.56,25.75,153524,132442726.0,3.11,0.0,0.0,4.26,SZ002655
1931,2020-12-10,25.78,25.15,25.81,25.06,118690,98971917.0,2.88,-3.34,-0.87,3.3,SZ002655
1932,2020-12-11,25.03,25.06,25.3,24.52,94530,77299744.0,3.1,-0.36,-0.09,2.63,SZ002655
1933,2020-12-14,24.91,24.79,25.03,24.58,56876,46279650.0,1.8,-1.08,-0.27,1.58,SZ002655
1934,2020-12-15,24.79,24.82,24.88,24.58,44894,36544899.0,1.21,0.12,0.03,1.25,SZ002655
1935,2020-12-16,24.88,24.19,24.91,24.04,81449,65416930.0,3.51,-2.54,-0.63,2.26,SZ002655
1936,2020-12-17,24.19,24.37,24.61,23.62,72880,57789602.0,4.09,0.74,0.18,2.02,SZ002655
1937,2020-12-18,24.43,24.46,24.7,24.07,53232,42635966.0,2.59,0.37,0.09,1.48,SZ002655
1938,2020-12-21,24.19,24.55,24.64,24.13,52522,42313022.0,2.09,0.37,0.09,1.46,SZ002655
1939,2020-12-22,24.4,23.86,24.46,23.8,71739,56962673.0,2.69,-2.81,-0.69,1.99,SZ002655
1940,2020-12-23,23.95,23.62,24.1,23.41,86767,67570382.0,2.89,-1.01,-0.24,2.41,SZ002655
1941,2020-12-24,23.59,22.3,23.68,22.24,118445,88729356.0,6.1,-5.59,-1.32,3.29,SZ002655
1942,2020-12-25,22.3,22.27,22.66,22.09,47952,35294836.0,2.56,-0.13,-0.03,1.33,SZ002655
1943,2020-12-28,22.33,21.61,22.33,21.52,71832,51374818.0,3.64,-2.96,-0.66,2.0,SZ002655
1944,2020-12-29,21.61,22.06,22.39,21.49,56689,41006587.0,4.16,2.08,0.45,1.57,SZ002655
1945,2020-12-30,21.88,21.82,22.03,21.67,42831,30785570.0,1.63,-1.09,-0.24,1.19,SZ002655
1946,2020-12-31,21.85,22.06,22.18,21.73,45425,32869835.0,2.06,1.1,0.24,1.26,SZ002655
1947,2021-01-04,22.12,22.3,22.45,21.97,56976,41630660.0,2.18,1.09,0.24,1.58,SZ002655
1948,2021-01-05,22.3,22.3,22.54,22.15,52935,38783549.0,1.75,0.0,0.0,1.47,SZ002655
1949,2021-01-06,22.15,21.67,22.3,21.49,73186,52203061.0,3.63,-2.83,-0.63,2.03,SZ002655
1950,2021-01-07,21.58,19.93,21.61,19.81,158779,106697160.0,8.31,-8.03,-1.74,4.41,SZ002655
1951,2021-01-08,19.9,20.23,20.59,18.94,95644,62466693.0,8.28,1.51,0.3,2.66,SZ002655
1952,2021-01-11,20.29,19.57,20.56,19.3,84206,55021726.0,6.23,-3.26,-0.66,2.34,SZ002655
1953,2021-01-12,19.33,20.11,20.86,19.33,75560,50111087.0,7.82,2.76,0.54,2.1,SZ002655
1954,2021-01-13,20.11,19.69,20.26,19.63,61758,40133212.0,3.13,-2.09,-0.42,1.72,SZ002655
1955,2021-01-14,19.78,20.35,20.59,19.54,89546,59049771.0,5.33,3.35,0.66,2.49,SZ002655
1956,2021-01-15,20.38,20.59,20.71,20.17,74137,49824276.0,2.65,1.18,0.24,2.06,SZ002655
1957,2021-01-18,20.5,20.77,20.92,20.44,64402,43801457.0,2.33,0.87,0.18,1.79,SZ002655
1958,2021-01-19,20.8,21.16,21.4,20.65,86979,60303501.0,3.61,1.88,0.39,2.42,SZ002655
1959,2021-01-20,21.04,20.8,21.16,20.59,60978,41699095.0,2.69,-1.7,-0.36,1.69,SZ002655
1960,2021-01-21,21.34,21.16,21.85,21.04,90754,63472360.0,3.89,1.73,0.36,2.52,SZ002655
1961,2021-01-22,20.83,20.5,21.1,20.47,62982,42756034.0,2.98,-3.12,-0.66,1.75,SZ002655
1962,2021-01-25,20.41,19.72,20.41,19.69,66088,43095875.0,3.51,-3.8,-0.78,1.84,SZ002655
1963,2021-01-26,19.72,19.72,20.14,19.63,50203,32791108.0,2.59,0.0,0.0,1.39,SZ002655
1964,2021-01-27,19.81,19.81,20.05,19.42,46428,30061535.0,3.19,0.46,0.09,1.29,SZ002655
1965,2021-01-28,19.72,19.75,20.05,19.54,45757,29800247.0,2.57,-0.3,-0.06,1.27,SZ002655
1966,2021-01-29,19.9,20.14,20.95,19.24,119614,78255796.0,8.66,1.97,0.39,3.32,SZ002655
1967,2021-02-01,19.81,19.57,20.02,19.51,68099,43987425.0,2.53,-2.83,-0.57,1.89,SZ002655
1968,2021-02-02,19.45,19.21,19.45,19.0,58446,36805574.0,2.3,-1.84,-0.36,1.62,SZ002655
1969,2021-02-03,19.15,18.55,19.21,18.37,66261,40728182.0,4.37,-3.44,-0.66,1.84,SZ002655
1970,2021-02-04,18.43,18.01,18.64,17.77,68546,40673662.0,4.69,-2.91,-0.54,1.9,SZ002655
1971,2021-02-05,17.98,17.89,18.43,17.71,50139,29657875.0,4.0,-0.67,-0.12,1.39,SZ002655
1972,2021-02-08,18.01,17.8,18.1,17.68,40718,23815715.0,2.35,-0.5,-0.09,1.13,SZ002655
1973,2021-02-09,17.74,18.1,18.22,17.56,51892,30539841.0,3.71,1.69,0.3,1.44,SZ002655
1974,2021-02-10,18.16,18.7,19.03,18.07,74052,45144069.0,5.3,3.31,0.6,2.06,SZ002655
1975,2021-02-18,18.91,19.33,19.48,18.79,78803,49746246.0,3.69,3.37,0.63,2.19,SZ002655
1976,2021-02-19,19.24,20.17,20.2,19.09,88628,57571116.0,5.74,4.35,0.84,2.46,SZ002655
1977,2021-02-22,20.38,20.05,20.71,20.05,113036,75566752.0,3.27,-0.59,-0.12,3.14,SZ002655
1978,2021-02-23,19.93,19.96,20.35,19.84,63502,41850963.0,2.54,-0.45,-0.09,1.76,SZ002655
1979,2021-02-24,20.11,20.17,20.47,19.84,68183,45275633.0,3.16,1.05,0.21,1.89,SZ002655
1980,2021-02-25,20.29,19.84,20.35,19.84,58443,38349642.0,2.53,-1.64,-0.33,1.62,SZ002655
1981,2021-02-26,19.72,20.14,20.41,19.6,78258,51697423.0,4.08,1.51,0.3,2.17,SZ002655
1982,2021-03-01,20.23,20.56,20.59,20.17,64882,43544228.0,2.09,2.09,0.42,1.8,SZ002655
1983,2021-03-02,20.56,20.65,20.83,20.38,61370,41510469.0,2.19,0.44,0.09,1.71,SZ002655
1984,2021-03-03,20.71,20.62,20.89,20.44,52509,35562630.0,2.18,-0.15,-0.03,1.46,SZ002655
1985,2021-03-04,20.47,20.47,20.77,20.29,57036,38434200.0,2.33,-0.73,-0.15,1.58,SZ002655
1986,2021-03-05,20.41,21.07,21.13,20.29,72433,49557578.0,4.1,2.93,0.6,2.01,SZ002655
1987,2021-03-08,21.01,20.71,21.43,20.68,77308,53440168.0,3.56,-1.71,-0.36,2.15,SZ002655
1988,2021-03-09,20.68,20.26,21.01,19.93,72920,49011668.0,5.21,-2.17,-0.45,2.03,SZ002655
1989,2021-03-10,20.44,19.81,20.5,19.78,59602,39046614.0,3.55,-2.22,-0.45,1.66,SZ002655
1990,2021-03-11,19.87,20.11,20.17,19.6,44914,29378880.0,2.88,1.51,0.3,1.25,SZ002655
1991,2021-03-12,19.96,19.69,20.14,19.66,46338,30162120.0,2.39,-2.09,-0.42,1.29,SZ002655
1992,2021-03-15,19.66,19.72,19.9,19.39,40185,25958833.0,2.59,0.15,0.03,1.12,SZ002655
1993,2021-03-16,19.72,20.65,20.77,19.72,79365,52792548.0,5.32,4.72,0.93,2.21,SZ002655
1994,2021-03-17,20.68,20.59,21.04,20.47,56981,38684587.0,2.76,-0.29,-0.06,1.58,SZ002655
1995,2021-03-18,20.59,20.35,20.62,20.23,46326,30995881.0,1.89,-1.17,-0.24,1.29,SZ002655
1996,2021-03-19,20.14,20.26,20.53,20.11,39629,26398504.0,2.06,-0.44,-0.09,1.1,SZ002655
1997,2021-03-22,20.26,20.5,20.56,20.05,38900,26034451.0,2.52,1.18,0.24,1.08,SZ002655
1998,2021-03-23,20.5,20.68,20.8,20.29,56378,37998459.0,2.49,0.88,0.18,1.57,SZ002655
1999,2021-03-24,20.71,20.47,20.92,20.44,66729,45237065.0,2.32,-1.02,-0.21,1.85,SZ002655
2000,2021-03-25,20.68,20.8,21.01,20.47,67127,45861364.0,2.64,1.61,0.33,1.87,SZ002655
2001,2021-03-26,20.68,20.8,20.95,20.62,48403,33070029.0,1.59,0.0,0.0,1.34,SZ002655
2002,2021-03-29,20.8,20.59,20.89,20.53,50693,34355484.0,1.73,-1.01,-0.21,1.41,SZ002655
2003,2021-03-30,20.56,20.08,20.65,19.96,57283,37999696.0,3.35,-2.48,-0.51,1.59,SZ002655
2004,2021-03-31,20.08,20.08,20.29,19.96,30364,20062671.0,1.64,0.0,0.0,0.84,SZ002655
2005,2021-04-01,20.14,20.02,20.17,19.81,32115,21069494.0,1.79,-0.3,-0.06,0.89,SZ002655
2006,2021-04-02,19.99,20.59,20.59,19.96,49535,33049884.0,3.15,2.85,0.57,1.38,SZ002655
2007,2021-04-06,20.65,20.98,21.01,20.5,65071,44609510.0,2.48,1.89,0.39,1.81,SZ002655
2008,2021-04-07,20.95,20.95,21.1,20.8,46484,31950621.0,1.43,-0.14,-0.03,1.29,SZ002655
2009,2021-04-08,21.01,20.62,21.01,20.62,41245,28152888.0,1.86,-1.58,-0.33,1.15,SZ002655
2010,2021-04-09,20.71,20.92,20.98,20.47,41638,28314586.0,2.47,1.45,0.3,1.16,SZ002655
2011,2021-04-12,20.92,20.68,21.19,20.65,60391,41403238.0,2.58,-1.15,-0.24,1.68,SZ002655
2012,2021-04-13,21.31,22.72,22.72,21.04,202925,147044173.0,8.12,9.86,2.04,5.64,SZ002655
2013,2021-04-14,22.51,23.05,24.61,22.27,495930,380452800.0,10.3,1.45,0.33,13.78,SZ002655
2014,2021-04-15,22.51,22.21,22.99,22.09,259557,191610666.0,3.9,-3.64,-0.84,7.21,SZ002655
2015,2021-04-16,22.24,22.54,22.6,22.09,162918,119825282.0,2.3,1.49,0.33,4.53,SZ002655
2016,2021-04-19,22.33,23.29,23.5,22.21,255840,192642161.0,5.72,3.33,0.75,7.11,SZ002655
2017,2021-04-20,23.02,22.6,23.2,22.42,180347,134656675.0,3.35,-2.96,-0.69,5.01,SZ002655
2018,2021-04-21,22.6,22.48,22.75,22.27,88754,65610211.0,2.12,-0.53,-0.12,2.47,SZ002655
2019,2021-04-22,22.48,22.0,22.57,21.91,122578,89221676.0,2.94,-2.14,-0.48,3.41,SZ002655
2020,2021-04-23,22.03,21.49,22.03,21.4,93380,66200448.0,2.86,-2.32,-0.51,2.59,SZ002655
2021,2021-04-26,21.46,21.43,21.73,21.31,71550,50592957.0,1.95,-0.28,-0.06,1.99,SZ002655
2022,2021-04-27,21.25,20.77,21.43,20.47,94495,64718759.0,4.48,-3.08,-0.66,2.63,SZ002655
2023,2021-04-28,20.74,21.16,21.16,20.56,54011,37127910.0,2.89,1.88,0.39,1.5,SZ002655
2024,2021-04-29,22.21,23.26,23.26,21.94,105281,79678462.0,6.24,9.92,2.1,2.93,SZ002655
2025,2021-04-30,24.01,22.87,24.49,22.51,370509,285089248.0,8.51,-1.68,-0.39,10.3,SZ002655
2026,2021-05-06,22.84,23.59,23.77,22.21,263207,199675511.0,6.82,3.15,0.72,7.31,SZ002655
2027,2021-05-07,23.26,22.93,23.38,22.75,158153,119530807.0,2.67,-2.8,-0.66,4.39,SZ002655
2028,2021-05-10,22.69,23.44,23.47,22.39,159686,120881565.0,4.71,2.22,0.51,4.44,SZ002655
2029,2021-05-11,23.23,23.17,23.71,23.14,129148,99233149.0,2.43,-1.15,-0.27,3.59,SZ002655
2030,2021-05-12,23.17,23.86,24.28,22.84,227799,177988989.0,6.21,2.98,0.69,6.33,SZ002655
2031,2021-05-13,23.5,23.53,24.16,23.38,168642,131576846.0,3.27,-1.38,-0.33,4.69,SZ002655
2032,2021-05-14,23.62,23.71,23.89,23.26,137860,106644548.0,2.68,0.76,0.18,3.83,SZ002655
2033,2021-05-17,23.68,22.81,23.68,22.66,142593,107761774.0,4.3,-3.8,-0.9,3.96,SZ002655
2034,2021-05-18,22.81,23.17,23.17,22.54,98262,73812060.0,2.76,1.58,0.36,2.73,SZ002655
2035,2021-05-19,23.08,24.28,25.15,22.93,298354,237088419.0,9.58,4.79,1.11,8.29,SZ002655
2036,2021-05-20,23.95,24.52,24.79,23.86,257894,206813863.0,3.83,0.99,0.24,7.17,SZ002655
2037,2021-05-21,24.64,24.43,24.88,24.1,174118,140308279.0,3.18,-0.37,-0.09,4.84,SZ002655
2038,2021-05-24,24.04,24.04,24.49,23.95,145425,115770831.0,2.21,-1.6,-0.39,4.04,SZ002655
2039,2021-05-25,24.01,24.52,24.61,23.59,181907,144714888.0,4.24,2.0,0.48,5.05,SZ002655
2040,2021-05-26,24.61,24.19,24.73,24.1,147346,118258266.0,2.57,-1.35,-0.33,4.09,SZ002655
2041,2021-05-27,24.04,24.73,24.88,24.04,179051,144826057.0,3.47,2.23,0.54,4.98,SZ002655
2042,2021-05-28,24.73,24.1,24.73,24.07,148887,119096378.0,2.67,-2.55,-0.63,4.14,SZ002655
2043,2021-05-31,24.1,24.22,24.55,23.83,116574,92502277.0,2.99,0.5,0.12,3.24,SZ002655
2044,2021-06-01,24.04,24.19,24.55,23.77,98718,78774291.0,3.22,-0.12,-0.03,2.74,SZ002655
2045,2021-06-02,24.04,23.41,24.13,23.38,122014,95335882.0,3.1,-3.22,-0.78,3.39,SZ002655
2046,2021-06-03,23.47,23.41,23.65,23.29,67863,52375644.0,1.54,0.0,0.0,1.89,SZ002655
2047,2021-06-04,23.35,23.47,23.53,22.84,95150,72639080.0,2.95,0.26,0.06,2.64,SZ002655
2048,2021-06-07,23.71,24.37,24.46,23.59,163988,130493530.0,3.71,3.83,0.9,4.56,SZ002655
2049,2021-06-08,24.37,24.46,24.61,24.1,153170,122942552.0,2.09,0.37,0.09,4.26,SZ002655
2050,2021-06-09,24.67,24.46,24.91,24.28,106094,85576347.0,2.58,0.0,0.0,2.95,SZ002655
2051,2021-06-10,24.31,24.7,24.76,24.25,120746,97720739.0,2.09,0.98,0.24,3.36,SZ002655
2052,2021-06-11,24.55,24.16,24.79,24.13,117820,94851134.0,2.67,-2.19,-0.54,3.27,SZ002655
2053,2021-06-15,24.04,25.06,25.54,24.04,229142,188218354.0,6.21,3.73,0.9,6.37,SZ002655
2054,2021-06-16,25.09,24.73,25.21,24.55,150276,123010781.0,2.63,-1.32,-0.33,4.18,SZ002655
2055,2021-06-17,24.52,25.09,25.36,24.46,175409,144497590.0,3.64,1.46,0.36,4.87,SZ002655
2056,2021-06-18,25.27,26.44,27.16,24.97,401393,346139712.0,8.73,5.38,1.35,11.15,SZ002655
2057,2021-06-21,26.44,27.73,28.3,26.17,414827,372067728.0,8.06,4.88,1.29,11.53,SZ002655
2058,2021-06-22,27.43,27.13,27.79,26.98,274682,246586572.0,2.92,-2.16,-0.6,7.63,SZ002655
2059,2021-06-23,27.13,27.31,27.46,26.74,212951,190567601.0,2.65,0.66,0.18,5.92,SZ002655
2060,2021-06-24,27.16,26.71,27.16,26.32,214732,189034851.0,3.08,-2.2,-0.6,5.97,SZ002655
2061,2021-06-25,26.71,26.77,26.98,26.35,143380,125964435.0,2.36,0.22,0.06,3.98,SZ002655
2062,2021-06-28,26.89,27.31,27.76,26.83,213039,192527394.0,3.47,2.02,0.54,5.92,SZ002655
2063,2021-06-29,27.07,27.58,27.73,26.71,195132,175056629.0,3.73,0.99,0.27,5.42,SZ002655
2064,2021-06-30,27.58,28.57,28.96,27.4,273594,256186312.0,5.66,3.59,0.99,7.6,SZ002655
2065,2021-07-01,28.51,26.5,28.51,26.44,259543,235073842.0,7.25,-7.25,-2.07,7.21,SZ002655
2066,2021-07-02,26.71,26.26,27.25,26.14,187653,165139146.0,4.19,-0.91,-0.24,5.21,SZ002655
2067,2021-07-05,26.17,27.46,27.61,26.11,199979,179387128.0,5.71,4.57,1.2,5.56,SZ002655
2068,2021-07-06,27.61,27.19,27.76,26.68,161751,144429448.0,3.93,-0.98,-0.27,4.49,SZ002655
2069,2021-07-07,26.74,27.1,27.28,26.47,137153,121646653.0,2.98,-0.33,-0.09,3.81,SZ002655
2070,2021-07-08,27.16,28.33,28.33,26.83,263477,239901473.0,5.54,4.54,1.23,7.32,SZ002655
2071,2021-07-09,28.0,27.88,28.18,27.31,208846,190736334.0,3.07,-1.59,-0.45,5.8,SZ002655
2072,2021-07-12,27.85,27.94,28.03,27.37,165542,151007238.0,2.37,0.22,0.06,4.6,SZ002655
2073,2021-07-13,28.21,27.58,28.21,27.37,130434,118607859.0,3.01,-1.29,-0.36,3.62,SZ002655
2074,2021-07-14,27.61,26.59,27.61,26.47,153895,136338435.0,4.13,-3.59,-0.99,4.28,SZ002655
2075,2021-07-15,26.44,25.66,26.83,25.42,163701,139630382.0,5.3,-3.5,-0.93,4.55,SZ002655
2076,2021-07-16,25.69,25.99,26.14,25.66,93516,79771257.0,1.87,1.29,0.33,2.6,SZ002655
2077,2021-07-19,25.87,25.36,26.05,25.21,88618,74056366.0,3.23,-2.42,-0.63,2.46,SZ002655
2078,2021-07-20,25.24,25.66,25.69,25.03,65388,54830297.0,2.6,1.18,0.3,1.82,SZ002655
2079,2021-07-21,25.66,26.02,26.41,25.66,95837,82470353.0,2.92,1.4,0.36,2.66,SZ002655
2080,2021-07-22,26.02,26.35,26.44,25.57,114629,98827900.0,3.34,1.27,0.33,3.19,SZ002655
2081,2021-07-23,26.32,25.48,26.41,25.33,113827,96575109.0,4.1,-3.3,-0.87,3.16,SZ002655
2082,2021-07-26,25.45,24.73,25.84,24.28,110891,91307004.0,6.12,-2.94,-0.75,3.08,SZ002655
2083,2021-07-27,24.79,24.91,25.66,24.64,128132,106042879.0,4.12,0.73,0.18,3.56,SZ002655
2084,2021-07-28,24.82,23.68,24.82,23.08,118996,93306817.0,6.99,-4.94,-1.23,3.31,SZ002655
2085,2021-07-29,23.98,24.73,24.85,23.95,103079,82932214.0,3.8,4.43,1.05,2.86,SZ002655
2086,2021-07-30,24.76,25.66,25.72,24.61,119211,99538465.0,4.49,3.76,0.93,3.31,SZ002655
2087,2021-08-02,25.81,25.72,25.99,25.54,89345,75665282.0,1.75,0.23,0.06,2.48,SZ002655
2088,2021-08-03,25.75,25.66,26.05,25.42,96103,81646944.0,2.45,-0.23,-0.06,2.67,SZ002655
2089,2021-08-04,25.6,25.87,26.08,25.51,78316,66795533.0,2.22,0.82,0.21,2.18,SZ002655
2090,2021-08-05,26.05,25.9,26.17,25.54,80483,68443335.0,2.44,0.12,0.03,2.24,SZ002655
2091,2021-08-06,25.81,27.22,27.37,25.69,233465,204840250.0,6.49,5.1,1.32,6.49,SZ002655
2092,2021-08-09,27.31,27.58,27.67,26.68,194664,174515813.0,3.64,1.32,0.36,5.41,SZ002655
2093,2021-08-10,27.31,28.18,28.81,27.31,258689,239013698.0,5.44,2.18,0.6,7.19,SZ002655
2094,2021-08-11,28.15,28.39,28.66,27.76,174870,162592295.0,3.19,0.75,0.21,4.86,SZ002655
2095,2021-08-12,28.27,31.21,31.21,28.27,298830,302027728.0,10.36,9.93,2.82,8.3,SZ002655
2096,2021-08-13,30.97,29.14,30.97,29.11,561853,551418688.0,5.96,-6.63,-2.07,15.61,SZ002655
2097,2021-08-16,29.68,28.18,29.8,28.06,321794,304150592.0,5.97,-3.29,-0.96,8.94,SZ002655
2098,2021-08-17,28.06,27.01,28.39,26.92,213435,194024939.0,5.22,-4.15,-1.17,5.93,SZ002655
2099,2021-08-18,27.01,27.67,27.79,26.89,158686,143846806.0,3.33,2.44,0.66,4.41,SZ002655
2100,2021-08-19,27.43,27.64,28.27,27.34,135610,124476747.0,3.36,-0.11,-0.03,3.77,SZ002655
2101,2021-08-20,27.49,28.36,28.6,27.19,168484,155149337.0,5.1,2.6,0.72,4.68,SZ002655
2102,2021-08-23,28.39,30.85,31.18,28.39,615249,623363840.0,9.84,8.78,2.49,17.1,SZ002655
2103,2021-08-24,30.76,31.9,32.11,30.25,554579,572750864.0,6.03,3.4,1.05,15.41,SZ002655
2104,2021-08-25,31.78,33.37,33.88,31.69,421135,461704432.0,6.87,4.61,1.47,11.7,SZ002655
2105,2021-08-26,33.7,32.5,33.82,32.35,314225,340481472.0,4.41,-2.61,-0.87,8.73,SZ002655
2106,2021-08-27,32.56,31.87,32.83,30.97,252208,263269356.0,5.72,-1.94,-0.63,7.01,SZ002655
2107,2021-08-30,33.19,31.63,33.61,31.33,293958,312375424.0,7.15,-0.75,-0.24,8.17,SZ002655
2108,2021-08-31,31.75,31.06,32.02,30.85,162013,167120820.0,3.7,-1.8,-0.57,4.5,SZ002655
2109,2021-09-01,31.33,30.49,31.33,30.25,175418,177260467.0,3.48,-1.84,-0.57,4.87,SZ002655
2110,2021-09-02,30.31,31.0,31.6,30.19,287124,292233792.0,4.62,1.67,0.51,7.98,SZ002655
2111,2021-09-03,31.51,31.21,32.62,30.94,312321,327776448.0,5.42,0.68,0.21,8.68,SZ002655
2112,2021-09-06,31.27,32.26,32.65,31.18,275077,289801104.0,4.71,3.36,1.05,7.64,SZ002655
2113,2021-09-07,32.26,32.8,33.1,31.72,270966,288938464.0,4.28,1.67,0.54,7.53,SZ002655
2114,2021-09-14,36.04,33.37,36.04,32.59,743862,836526400.0,10.52,1.74,0.57,20.67,SZ002655
2115,2021-09-15,32.44,33.58,33.94,31.63,392409,427002240.0,6.92,0.63,0.21,10.9,SZ002655
2116,2021-09-16,33.79,35.98,36.91,32.95,539891,641220288.0,11.79,7.15,2.4,15.0,SZ002655
2117,2021-09-17,35.86,33.16,36.19,32.41,415781,462885424.0,10.51,-7.84,-2.82,11.55,SZ002655
2118,2021-09-22,32.17,32.98,33.1,31.87,178900,192197589.0,3.71,-0.54,-0.18,4.97,SZ002655
2119,2021-09-23,32.71,32.5,33.79,32.41,141232,153274356.0,4.18,-1.46,-0.48,3.92,SZ002655
2120,2021-09-24,32.53,32.26,33.16,32.17,127346,137253620.0,3.05,-0.74,-0.24,3.54,SZ002655
2121,2021-09-27,32.26,30.19,32.59,30.16,182522,186309457.0,7.53,-6.42,-2.07,5.07,SZ002655
2122,2021-09-28,30.19,31.72,31.9,30.04,136017,140172778.0,6.16,5.07,1.53,3.78,SZ002655
2123,2021-09-29,31.66,30.73,31.81,30.7,81104,83203584.0,3.5,-3.12,-0.99,2.25,SZ002655
2124,2021-09-30,30.94,32.92,33.16,30.91,142441,152250122.0,7.32,7.13,2.19,3.96,SZ002655
2125,2021-10-08,33.22,33.94,34.51,32.74,178150,199793237.0,5.38,3.1,1.02,4.95,SZ002655
2126,2021-10-11,33.94,32.68,34.18,32.5,126290,137986538.0,4.95,-3.71,-1.26,3.51,SZ002655
2127,2021-10-12,32.74,31.18,32.95,30.61,138916,144205766.0,7.16,-4.59,-1.5,3.86,SZ002655
2128,2021-10-13,31.45,31.12,31.81,30.85,80669,83240739.0,3.08,-0.19,-0.06,2.24,SZ002655
2129,2021-10-14,31.09,31.3,31.81,31.06,68786,71509168.0,2.41,0.58,0.18,1.91,SZ002655
2130,2021-10-15,30.37,30.46,31.0,30.22,100513,101443429.0,2.49,-2.68,-0.84,2.79,SZ002655
2131,2021-10-18,30.76,29.74,30.76,29.38,118698,116289222.0,4.53,-2.36,-0.72,3.3,SZ002655
2132,2021-10-19,29.71,29.92,30.25,29.59,67304,66482095.0,2.22,0.61,0.18,1.87,SZ002655
2133,2021-10-20,30.13,32.89,32.89,29.5,262067,273531504.0,11.33,9.93,2.97,7.28,SZ002655
2134,2021-10-21,33.31,32.62,34.24,32.26,243551,265542086.0,6.02,-0.82,-0.27,6.77,SZ002655
2135,2021-10-22,32.92,35.86,35.86,32.77,386025,450547600.0,9.47,9.93,3.24,10.73,SZ002655
2136,2021-10-25,36.61,36.52,37.36,35.86,501577,604908128.0,4.18,1.84,0.66,13.94,SZ002655
2137,2021-10-26,36.04,40.15,40.15,35.56,656309,838136464.0,12.57,9.94,3.63,18.24,SZ002655
2138,2021-10-27,38.74,39.13,40.27,38.26,424025,551556928.0,5.01,-2.54,-1.02,11.78,SZ002655
2139,2021-10-28,39.34,39.19,41.29,38.74,425421,563237952.0,6.52,0.15,0.06,11.82,SZ002655
2140,2021-10-29,39.16,39.52,40.51,38.11,364102,475948720.0,6.12,0.84,0.33,10.12,SZ002655
2141,2021-11-01,39.61,40.42,41.38,38.74,339399,452401840.0,6.68,2.28,0.9,9.43,SZ002655
2142,2021-11-02,40.72,39.76,40.96,38.41,327121,430154896.0,6.31,-1.63,-0.66,9.09,SZ002655
2143,2021-11-03,39.79,40.42,42.76,39.79,368850,499732976.0,7.47,1.66,0.66,10.25,SZ002655
2144,2021-11-04,40.18,39.85,40.48,39.01,307711,403884128.0,3.64,-1.41,-0.57,8.55,SZ002655
2145,2021-11-05,39.88,39.61,41.65,39.58,427495,573866864.0,5.19,-0.6,-0.24,11.88,SZ002655
2146,2021-11-08,38.11,38.35,39.1,37.66,367225,465130256.0,3.64,-3.18,-1.26,10.2,SZ002655
2147,2021-11-09,39.1,38.74,39.1,37.66,201237,255713483.0,3.75,1.02,0.39,5.59,SZ002655
2148,2021-11-10,39.37,38.86,40.75,38.35,255444,332535104.0,6.2,0.31,0.12,7.1,SZ002655
2149,2021-11-11,38.86,39.61,40.51,38.41,230529,300683360.0,5.4,1.93,0.75,6.41,SZ002655
2150,2021-11-12,39.97,41.05,43.54,38.98,522772,720178896.0,11.51,3.64,1.44,14.53,SZ002655
2151,2021-11-15,40.21,44.05,44.86,38.2,596717,813962288.0,16.22,7.31,3.0,16.58,SZ002655
2152,2021-11-16,43.06,47.32,48.43,41.95,801371,1231600032.0,14.71,7.42,3.27,22.27,SZ002655
2153,2021-11-17,46.84,47.11,48.28,46.36,398207,621404576.0,4.06,-0.44,-0.21,11.07,SZ002655
2154,2021-11-18,46.42,46.09,48.88,45.31,302918,467378448.0,7.58,-2.17,-1.02,8.42,SZ002655
2155,2021-11-19,46.27,50.68,50.68,46.27,632335,1033965536.0,9.57,9.96,4.59,17.57,SZ002655
2156,2021-11-22,50.5,50.74,52.45,49.72,449006,759587008.0,5.39,0.12,0.06,12.48,SZ002655
2157,2021-11-23,49.84,50.98,52.0,49.36,316230,529989456.0,5.2,0.47,0.24,8.79,SZ002655
2158,2021-11-24,50.11,48.4,50.56,47.92,338121,550289920.0,5.18,-5.06,-2.58,9.4,SZ002655
2159,2021-11-25,48.19,47.71,48.97,47.05,211283,335433040.0,3.97,-1.43,-0.69,5.87,SZ002655
2160,2021-11-26,47.41,48.52,49.6,47.17,190408,305177504.0,5.09,1.7,0.81,5.29,SZ002655
2161,2021-11-29,47.11,46.09,48.46,45.49,326563,504323392.0,6.12,-5.01,-2.43,9.07,SZ002655
2162,2021-11-30,47.14,46.39,47.14,45.37,183233,279813600.0,3.84,0.65,0.3,5.09,SZ002655
2163,2021-12-01,46.06,47.44,49.57,45.7,360142,569924832.0,8.34,2.26,1.05,10.01,SZ002655
2164,2021-12-02,46.84,48.82,51.13,46.45,401580,649678352.0,9.87,2.91,1.38,11.16,SZ002655
2165,2021-12-03,47.8,47.47,49.09,47.26,215057,341231520.0,3.75,-2.77,-1.35,5.98,SZ002655
2166,2021-12-06,47.44,45.34,47.95,45.1,191459,294179216.0,6.0,-4.49,-2.13,5.32,SZ002655
2167,2021-12-07,45.61,43.72,46.18,43.0,200189,291855408.0,7.01,-3.57,-1.62,5.56,SZ002655
2168,2021-12-08,43.51,45.88,46.15,42.79,186624,277285904.0,7.69,4.94,2.16,5.19,SZ002655
2169,2021-12-09,45.91,50.44,50.44,45.58,455914,742847840.0,10.59,9.94,4.56,12.67,SZ002655
2170,2021-12-10,48.76,54.67,55.0,48.76,604610,1052351056.0,12.37,8.39,4.23,16.8,SZ002655
2171,2021-12-13,54.76,60.07,60.1,54.76,493267,947362112.0,9.77,9.88,5.4,13.71,SZ002655
2172,2021-12-14,59.41,55.21,60.55,54.91,543144,1036248608.0,9.39,-8.09,-4.86,15.09,SZ002655
2173,2021-12-15,57.52,56.02,58.21,55.69,387668,728033280.0,4.56,1.47,0.81,10.77,SZ002655
2174,2021-12-16,55.84,54.94,57.25,54.64,269434,497034992.0,4.66,-1.93,-1.08,7.49,SZ002655
2175,2021-12-17,56.71,53.26,56.71,52.9,268379,478974432.0,6.93,-3.06,-1.68,7.46,SZ002655
2176,2021-12-20,53.74,52.45,54.4,51.91,213549,376651488.0,4.68,-1.52,-0.81,5.93,SZ002655
2177,2021-12-21,52.51,56.98,57.67,51.34,351728,636675056.0,12.07,8.64,4.53,9.77,SZ002655
2178,2021-12-22,56.71,59.83,61.75,55.27,477973,936426224.0,11.37,5.0,2.85,13.28,SZ002655
2179,2021-12-23,59.11,56.74,59.11,55.54,318313,604390944.0,5.97,-5.16,-3.09,8.85,SZ002655
2180,2021-12-24,56.62,54.82,57.82,54.52,185044,343417312.0,5.82,-3.38,-1.92,5.14,SZ002655
2181,2021-12-27,54.52,55.12,56.77,53.41,164928,301885216.0,6.13,0.55,0.3,4.58,SZ002655
2182,2021-12-28,55.27,56.68,58.78,55.27,226092,428587136.0,6.37,2.83,1.56,6.28,SZ002655
2183,2021-12-29,56.29,55.0,58.48,54.01,190197,348811712.0,7.89,-2.96,-1.68,5.29,SZ002655
2184,2021-12-30,55.0,54.46,57.19,54.31,154403,283944880.0,5.24,-0.98,-0.54,4.29,SZ002655
2185,2021-12-31,54.34,53.92,54.76,52.78,165462,293944864.0,3.64,-0.99,-0.54,4.6,SZ002655
2186,2022-01-04,53.92,57.31,58.06,52.15,290327,529986064.0,10.96,6.29,3.39,8.07,SZ002655
2187,2022-01-05,56.59,54.22,57.76,54.07,224810,412728640.0,6.44,-5.39,-3.09,6.25,SZ002655
2188,2022-01-06,54.16,54.22,55.84,52.03,150423,267844181.0,7.03,0.0,0.0,4.18,SZ002655
2189,2022-01-07,54.16,48.88,54.4,48.82,316218,530879776.0,10.29,-9.85,-5.34,8.79,SZ002655
2190,2022-01-10,48.88,48.31,49.69,47.11,146213,234476597.0,5.28,-1.17,-0.57,4.06,SZ002655
2191,2022-01-11,48.31,46.57,48.82,46.15,173903,270966688.0,5.53,-3.6,-1.74,4.83,SZ002655
2192,2022-01-12,46.57,47.26,47.68,45.82,113828,176108350.0,3.99,1.48,0.69,3.16,SZ002655
2193,2022-01-13,47.17,44.62,47.29,44.32,188347,282776128.0,6.28,-5.59,-2.64,5.23,SZ002655
2194,2022-01-14,45.37,45.91,47.35,44.11,165706,251842300.0,7.26,2.89,1.29,4.6,SZ002655
2195,2022-01-17,46.45,49.6,49.96,45.91,220428,353800352.0,8.82,8.04,3.69,6.12,SZ002655
2196,2022-01-18,49.21,49.66,52.21,48.73,209039,350655520.0,7.02,0.12,0.06,5.81,SZ002655
2197,2022-01-19,49.63,48.49,50.11,48.31,104363,169305764.0,3.62,-2.36,-1.17,2.9,SZ002655
2198,2022-01-20,48.43,46.69,48.55,46.45,108863,170339362.0,4.33,-3.71,-1.8,3.02,SZ002655
2199,2022-01-21,46.51,46.36,48.16,45.94,81310,125812103.0,4.75,-0.71,-0.33,2.26,SZ002655
2200,2022-01-24,46.96,47.74,48.28,46.12,92168,144111331.0,4.66,2.98,1.38,2.56,SZ002655
2201,2022-01-25,46.99,45.1,48.73,45.01,123801,189598979.0,7.79,-5.53,-2.64,3.44,SZ002655
2202,2022-01-26,44.74,44.92,46.09,44.41,82390,122676180.0,3.73,-0.4,-0.18,2.29,SZ002655
2203,2022-01-27,44.11,42.64,45.31,42.61,111402,159558456.0,6.01,-5.08,-2.28,3.1,SZ002655
2204,2022-01-28,42.94,41.89,43.87,41.44,98002,137770709.0,5.7,-1.76,-0.75,2.72,SZ002655
2205,2022-02-07,42.55,41.8,42.97,41.41,68287,94828521.0,3.72,-0.21,-0.09,1.9,SZ002655
2206,2022-02-08,41.5,41.47,41.86,40.39,72812,99070418.0,3.52,-0.79,-0.33,2.02,SZ002655
2207,2022-02-09,41.47,41.83,43.21,41.17,107115,149623896.0,4.92,0.87,0.36,2.98,SZ002655
2208,2022-02-10,42.19,41.29,42.94,41.05,87401,120780182.0,4.52,-1.29,-0.54,2.43,SZ002655
2209,2022-02-11,41.14,38.8,41.35,38.41,158261,206418304.0,7.12,-6.03,-2.49,4.4,SZ002655
2210,2022-02-14,38.56,37.9,39.37,37.21,161056,203299268.0,5.57,-2.32,-0.9,4.48,SZ002655
2211,2022-02-15,37.9,39.37,39.4,37.75,121252,154946687.0,4.35,3.88,1.47,3.37,SZ002655
2212,2022-02-16,39.61,39.73,40.24,39.01,91773,120552548.0,3.12,0.91,0.36,2.55,SZ002655
2213,2022-02-17,40.18,39.61,40.51,39.37,91966,121530486.0,2.87,-0.3,-0.12,2.56,SZ002655
2214,2022-02-18,39.43,39.73,40.15,39.01,67190,87927537.0,2.88,0.3,0.12,1.87,SZ002655
2215,2022-02-21,39.73,40.45,41.68,39.55,101444,136476290.0,5.36,1.81,0.72,2.82,SZ002655
2216,2022-02-22,39.76,40.51,40.66,38.95,115237,152241639.0,4.23,0.15,0.06,3.2,SZ002655
2217,2022-02-23,40.75,43.15,43.93,40.6,174745,246521688.0,8.22,6.52,2.64,4.86,SZ002655
2218,2022-02-24,43.0,41.2,43.75,40.3,193275,266893221.0,8.0,-4.52,-1.95,5.37,SZ002655
2219,2022-02-25,41.92,42.1,43.36,41.71,116164,163475885.0,4.0,2.18,0.9,3.23,SZ002655
2220,2022-02-28,42.22,41.89,42.34,40.84,82023,112913044.0,3.56,-0.5,-0.21,2.28,SZ002655
2221,2022-03-01,42.31,42.07,42.7,41.59,66730,92883281.0,2.65,0.43,0.18,1.85,SZ002655
2222,2022-03-02,41.95,41.92,42.04,41.29,58106,80053951.0,1.78,-0.36,-0.15,1.61,SZ002655
2223,2022-03-03,42.04,41.02,42.31,40.81,62066,84604946.0,3.58,-2.15,-0.9,1.72,SZ002655
2224,2022-03-04,40.72,40.36,41.41,40.21,76185,102813863.0,2.93,-1.61,-0.66,2.12,SZ002655
2225,2022-03-07,40.87,39.64,40.9,39.31,70251,92584692.0,3.94,-1.78,-0.72,1.95,SZ002655
2226,2022-03-08,39.64,37.99,40.6,37.78,123010,157845981.0,7.11,-4.16,-1.65,3.42,SZ002655
2227,2022-03-09,38.05,37.36,38.77,36.07,128968,159312629.0,7.11,-1.66,-0.63,3.58,SZ002655
2228,2022-03-10,38.44,37.03,38.86,36.7,104527,130494673.0,5.78,-0.88,-0.33,2.9,SZ002655
2229,2022-03-11,37.33,37.66,38.11,36.25,92422,113025085.0,5.02,1.7,0.63,2.57,SZ002655
2230,2022-03-14,37.36,37.69,38.2,37.18,87830,109512990.0,2.71,0.08,0.03,2.44,SZ002655
2231,2022-03-15,37.33,36.55,38.59,36.49,129396,160679399.0,5.57,-3.02,-1.14,3.6,SZ002655
2232,2022-03-16,37.06,37.18,37.66,34.96,134214,161367877.0,7.39,1.72,0.63,3.73,SZ002655
2233,2022-03-17,37.66,38.95,39.4,37.66,147040,188109611.0,4.68,4.76,1.77,4.09,SZ002655
2234,2022-03-18,38.71,37.81,38.71,37.39,95534,119844554.0,3.39,-2.93,-1.14,2.65,SZ002655
2235,2022-03-21,37.93,37.78,38.23,36.82,68436,84955388.0,3.73,-0.08,-0.03,1.9,SZ002655
2236,2022-03-22,37.51,38.05,38.65,36.88,81358,101336942.0,4.69,0.71,0.27,2.26,SZ002655
2237,2022-03-23,37.96,37.6,38.2,37.42,53116,66121459.0,2.05,-1.18,-0.45,1.48,SZ002655
2238,2022-03-24,37.39,36.94,37.54,36.67,49907,61015060.0,2.31,-1.76,-0.66,1.39,SZ002655
2239,2022-03-25,37.24,36.28,37.33,36.25,51239,62017975.0,2.92,-1.79,-0.66,1.42,SZ002655
2240,2022-03-28,36.25,35.56,36.46,35.2,64279,76137685.0,3.47,-1.98,-0.72,1.79,SZ002655
2241,2022-03-29,35.89,33.58,36.13,33.37,117315,132921978.0,7.76,-5.57,-1.98,3.26,SZ002655
2242,2022-03-30,34.15,34.99,35.11,33.61,99381,113956046.0,4.47,4.2,1.41,2.76,SZ002655
2243,2022-03-31,34.9,34.06,34.9,33.79,67755,76506953.0,3.17,-2.66,-0.93,1.88,SZ002655
2244,2022-04-01,33.76,33.91,34.15,33.4,48766,54464456.0,2.2,-0.44,-0.15,1.35,SZ002655
2245,2022-04-06,33.61,33.28,34.15,32.71,86745,95477466.0,4.25,-1.86,-0.63,2.41,SZ002655
2246,2022-04-07,33.01,32.29,33.16,32.11,72415,77718914.0,3.16,-2.97,-0.99,2.01,SZ002655
2247,2022-04-08,32.29,31.69,32.44,31.09,75604,78713640.0,4.18,-1.86,-0.6,2.1,SZ002655
2248,2022-04-11,31.72,29.62,32.08,29.38,121142,120845185.0,8.52,-6.53,-2.07,3.37,SZ002655
2249,2022-04-12,29.41,29.35,30.13,28.69,117188,113283504.0,4.86,-0.91,-0.27,3.26,SZ002655
2250,2022-04-13,29.41,28.12,29.44,28.12,75686,70923569.0,4.5,-4.19,-1.23,2.1,SZ002655
2251,2022-04-14,28.51,28.39,29.05,27.85,82182,76906569.0,4.27,0.96,0.27,2.28,SZ002655
2252,2022-04-15,28.21,27.76,28.27,27.46,68490,62686374.0,2.85,-2.22,-0.63,1.9,SZ002655
2253,2022-04-18,27.76,28.66,28.75,26.98,82980,76994244.0,6.38,3.24,0.9,2.31,SZ002655
2254,2022-04-19,28.66,28.42,29.44,28.06,82434,78007694.0,4.82,-0.84,-0.24,2.29,SZ002655
2255,2022-04-20,28.96,28.03,29.29,27.88,70499,66426360.0,4.96,-1.37,-0.39,1.96,SZ002655
2256,2022-04-21,27.94,26.95,28.6,26.86,69995,63433372.0,6.21,-3.85,-1.08,1.94,SZ002655
2257,2022-04-22,26.95,26.38,27.28,26.38,63128,55637831.0,3.34,-2.12,-0.57,1.75,SZ002655
2258,2022-04-25,25.81,23.77,26.2,23.77,95699,77934894.0,9.21,-9.89,-2.61,2.66,SZ002655
2259,2022-04-26,24.04,23.05,24.43,22.99,99881,78353949.0,6.06,-3.03,-0.72,2.78,SZ002655
2260,2022-04-27,22.81,24.61,24.82,22.66,99810,77890561.0,9.37,6.77,1.56,2.77,SZ002655
2261,2022-04-28,24.52,24.55,25.39,24.01,90645,73214034.0,5.61,-0.24,-0.06,2.52,SZ002655
2262,2022-04-29,25.0,26.23,26.38,24.58,114807,97190896.0,7.33,6.84,1.68,3.19,SZ002655
2263,2022-05-05,26.26,27.1,27.55,26.17,109545,97432479.0,5.26,3.32,0.87,3.04,SZ002655
2264,2022-05-06,26.41,26.86,27.19,26.2,75261,66607266.0,3.65,-0.89,-0.24,2.09,SZ002655
2265,2022-05-09,26.86,27.37,28.36,26.23,96737,88249075.0,7.93,1.9,0.51,2.69,SZ002655
2266,2022-05-10,27.1,27.97,28.18,27.04,152638,138615722.0,4.17,2.19,0.6,4.24,SZ002655
2267,2022-05-11,27.94,29.71,30.73,27.85,230559,227125230.0,10.3,6.22,1.74,6.41,SZ002655
2268,2022-05-12,29.95,30.07,30.94,29.38,146001,143824774.0,5.25,1.21,0.36,4.06,SZ002655
2269,2022-05-13,30.91,30.64,30.91,29.44,108777,108301955.0,4.89,1.9,0.57,3.02,SZ002655
2270,2022-05-16,30.73,30.28,31.3,30.01,111350,112097873.0,4.21,-1.17,-0.36,3.09,SZ002655
2271,2022-05-17,30.37,33.28,33.28,29.89,144604,152050697.0,11.2,9.91,3.0,4.02,SZ002655
2272,2022-05-18,33.88,34.18,35.17,33.28,291818,329233648.0,5.68,2.7,0.9,8.11,SZ002655
2273,2022-05-19,32.71,34.21,34.69,32.41,171526,191689612.0,6.67,0.09,0.03,4.77,SZ002655
2274,2022-05-20,35.35,37.6,37.6,35.35,294453,358350064.0,6.58,9.91,3.39,8.18,SZ002655
2275,2022-05-23,35.95,39.94,41.32,35.95,369567,478427952.0,14.28,6.22,2.34,10.27,SZ002655
2276,2022-05-24,40.3,37.33,40.3,37.06,256810,327573200.0,8.11,-6.53,-2.61,7.14,SZ002655
2277,2022-05-25,37.42,37.99,39.01,36.97,165884,207612466.0,5.46,1.77,0.66,4.61,SZ002655
2278,2022-05-26,38.05,37.24,38.23,36.31,144934,177906542.0,5.05,-1.97,-0.75,4.03,SZ002655
2279,2022-05-27,37.3,37.33,38.35,37.0,121002,150528693.0,3.63,0.24,0.09,3.36,SZ002655
2280,2022-05-30,37.21,36.94,37.54,36.16,128887,156859746.0,3.7,-1.04,-0.39,3.58,SZ002655
2281,2022-05-31,37.24,38.08,39.46,36.4,223104,281408880.0,8.28,3.09,1.14,6.2,SZ002655
2282,2022-06-01,38.29,37.27,38.86,36.79,157819,196219053.0,5.44,-2.13,-0.81,4.39,SZ002655
2283,2022-06-02,37.33,37.75,38.56,36.61,137060,170256797.0,5.23,1.29,0.48,3.81,SZ002655
2284,2022-06-06,38.23,38.92,39.31,37.51,200330,255138279.0,4.77,3.1,1.17,5.57,SZ002655
2285,2022-06-07,40.45,39.64,42.79,39.43,262531,354286448.0,8.63,1.85,0.72,7.29,SZ002655
2286,2022-06-08,39.07,38.05,39.97,36.94,217653,274976336.0,7.64,-4.01,-1.59,6.05,SZ002655
2287,2022-06-09,37.75,36.55,37.96,36.01,183487,222498319.0,5.12,-3.94,-1.5,5.1,SZ002655
2288,2022-06-10,36.58,38.68,39.31,36.31,181143,228737570.0,8.21,5.83,2.13,5.03,SZ002655
2289,2022-06-13,38.65,38.98,40.3,37.87,180759,232511837.0,6.28,0.78,0.3,5.02,SZ002655
2290,2022-06-14,38.44,38.35,38.62,36.7,140655,174904314.0,4.93,-1.62,-0.63,3.91,SZ002655
2291,2022-06-15,38.35,36.82,38.83,36.82,161468,200836990.0,5.24,-3.99,-1.53,4.49,SZ002655
2292,2022-06-16,36.85,37.84,39.31,36.82,183329,229100955.0,6.76,2.77,1.02,5.09,SZ002655
2293,2022-06-17,37.36,37.09,37.69,36.49,132670,162305724.0,3.17,-1.98,-0.75,3.69,SZ002655
2294,2022-06-20,37.09,37.15,38.08,36.88,135504,167325950.0,3.24,0.16,0.06,3.77,SZ002655
2295,2022-06-21,37.15,36.79,37.42,36.19,98085,119363526.0,3.31,-0.97,-0.36,2.73,SZ002655
2296,2022-06-22,36.79,35.59,36.82,35.38,118839,140750135.0,3.91,-3.26,-1.2,3.3,SZ002655
2297,2022-06-23,35.53,38.14,38.38,34.96,193166,235684026.0,9.61,7.16,2.55,5.37,SZ002655
2298,2022-06-24,38.2,39.31,40.6,37.84,195041,255087090.0,7.24,3.07,1.17,5.42,SZ002655
2299,2022-06-27,43.21,43.21,43.21,43.21,54416,77814565.0,0.0,9.92,3.9,1.51,SZ002655
2300,2022-06-28,45.31,47.5,47.5,43.9,669095,1033094192.0,8.33,9.93,4.29,18.59,SZ002655
2301,2022-06-29,47.26,42.79,49.75,42.79,719511,1082476448.0,14.65,-9.92,-4.71,19.99,SZ002655
2302,2022-06-30,42.94,44.65,45.91,41.68,381942,557023936.0,9.89,4.35,1.86,10.61,SZ002655
2303,2022-07-01,44.2,44.74,45.73,43.51,192886,284442160.0,4.97,0.2,0.09,5.36,SZ002655
2304,2022-07-04,43.96,43.33,44.53,42.7,167949,240503606.0,4.09,-3.15,-1.41,4.67,SZ002655
2305,2022-07-05,43.72,43.15,44.05,42.49,111799,159160536.0,3.6,-0.42,-0.18,3.11,SZ002655
2306,2022-07-06,43.15,43.45,43.9,42.61,96524,138164832.0,2.99,0.7,0.3,2.68,SZ002655
2307,2022-07-07,43.21,44.05,47.71,41.83,219680,319059696.0,13.53,1.38,0.6,6.1,SZ002655
2308,2022-07-08,42.85,42.22,44.11,41.95,216633,307102580.99,4.9,-4.15,-1.83,6.02,SZ002655
2309,2022-07-11,42.46,42.13,42.76,41.26,113401,157147299.21,3.55,-0.21,-0.09,3.15,SZ002655
2310,2022-07-12,42.31,41.05,42.52,40.99,90492,124449052.72,3.63,-2.56,-1.08,2.51,SZ002655
2311,2022-07-13,41.17,39.85,41.53,39.46,151435,201560508.0,5.04,-2.92,-1.2,4.21,SZ002655
2312,2022-07-14,39.94,40.39,41.08,39.46,108248,144412031.0,4.07,1.36,0.54,3.01,SZ002655
2313,2022-07-15,40.06,39.58,40.63,37.87,113246,148729203.15,6.83,-2.01,-0.81,3.15,SZ002655
2314,2022-07-18,40.21,39.82,40.39,39.01,83686,109801500.97,3.49,0.61,0.24,2.33,SZ002655
2315,2022-07-19,39.79,40.09,40.9,39.46,85840,113991645.92,3.62,0.68,0.27,2.39,SZ002655
2316,2022-07-20,40.21,40.33,40.81,39.97,74048,98683712.91,2.1,0.6,0.24,2.06,SZ002655
2317,2022-07-21,40.66,40.66,41.29,39.7,121887,164483395.0,3.94,0.82,0.33,3.39,SZ002655
2318,2022-07-22,40.75,39.97,41.29,39.52,99256,131693591.0,4.35,-1.7,-0.69,2.76,SZ002655
2319,2022-07-25,39.61,39.1,40.21,39.1,58126,75889259.74,2.78,-2.18,-0.87,1.62,SZ002655
2320,2022-07-26,38.98,39.73,39.76,38.8,67333,87749732.0,2.46,1.61,0.63,1.87,SZ002655
2321,2022-07-27,39.28,41.98,42.16,39.25,182604,249924782.99,7.32,5.66,2.25,5.07,SZ002655
2322,2022-07-28,41.95,42.4,43.45,41.89,131782,185067996.6,3.72,1.0,0.42,3.66,SZ002655
2323,2022-07-29,42.16,41.23,42.64,41.11,91853,127058349.94,3.61,-2.76,-1.17,2.55,SZ002655
2324,2022-08-01,41.26,43.9,44.35,40.66,194329,278591304.65,8.95,6.48,2.67,5.4,SZ002655
2325,2022-08-02,42.91,41.95,43.27,41.2,183686,257258783.34,4.72,-4.44,-1.95,5.1,SZ002655
2326,2022-08-03,42.31,41.23,43.15,41.02,135446,189507322.95,5.08,-1.72,-0.72,3.76,SZ002655
2327,2022-08-04,41.53,41.74,42.31,40.57,83102,114029136.14,4.22,1.24,0.51,2.31,SZ002655
2328,2022-08-05,41.35,43.54,43.96,41.35,173972,248980512.85,6.25,4.31,1.8,4.83,SZ002655
2329,2022-08-08,43.51,43.45,43.51,42.4,113722,161517645.88,2.55,-0.21,-0.09,3.16,SZ002655
2330,2022-08-09,43.54,45.4,45.4,42.88,204691,302499396.79,5.8,4.49,1.95,5.69,SZ002655
2331,2022-08-10,45.01,45.01,45.28,44.29,112154,165963488.32,2.18,-0.86,-0.39,3.12,SZ002655
2332,2022-08-11,45.16,46.21,46.48,44.71,191280,290231708.82,3.93,2.67,1.2,5.31,SZ002655
2333,2022-08-12,45.46,44.26,46.3,44.11,150292,224068270.0,4.74,-4.22,-1.95,4.18,SZ002655
2334,2022-08-15,43.81,44.35,44.77,43.3,89153,130029926.9,3.32,0.2,0.09,2.48,SZ002655
2335,2022-08-16,44.35,43.75,44.59,43.6,82707,120302272.66,2.23,-1.35,-0.6,2.3,SZ002655
2336,2022-08-17,43.81,45.85,45.88,43.51,192712,287460219.63,5.42,4.8,2.1,5.35,SZ002655
2337,2022-08-18,45.31,45.64,46.15,44.74,132153,198868833.1,3.08,-0.46,-0.21,3.67,SZ002655
2338,2022-08-19,45.88,44.11,47.02,44.11,175105,263393804.85,6.38,-3.35,-1.53,4.87,SZ002655
2339,2022-08-22,43.9,44.89,46.87,43.21,140578,210344243.46,8.3,1.77,0.78,3.91,SZ002655
2340,2022-08-23,44.71,46.21,46.81,44.29,222715,338854078.83,5.61,2.94,1.32,6.19,SZ002655
2341,2022-08-24,45.88,42.88,45.97,42.07,216224,313494217.41,8.44,-7.21,-3.33,6.01,SZ002655
2342,2022-08-25,42.79,40.21,43.06,39.13,209402,278822112.0,9.17,-6.23,-2.67,5.82,SZ002655
2343,2022-08-26,40.39,40.27,43.21,40.0,155252,212416002.91,7.98,0.15,0.06,4.31,SZ002655
2344,2022-08-29,39.31,39.88,40.69,38.8,90915,119731295.85,4.69,-0.97,-0.39,2.53,SZ002655
2345,2022-08-30,39.58,39.4,40.84,39.28,101537,133795638.95,3.91,-1.2,-0.48,2.82,SZ002655
2346,2022-08-31,39.31,37.39,39.55,37.24,114402,143888099.58,5.86,-5.1,-2.01,3.18,SZ002655
2347,2022-09-01,37.72,36.88,37.99,36.67,62595,76682091.72,3.53,-1.36,-0.51,1.74,SZ002655
2348,2022-09-02,37.21,38.68,38.8,36.97,84796,106664797.07,4.96,4.88,1.8,2.36,SZ002655
2349,2022-09-05,38.68,38.02,39.04,37.75,68392,86429047.34,3.34,-1.71,-0.66,1.9,SZ002655
2350,2022-09-06,38.05,37.93,38.35,37.39,64887,80956222.17,2.52,-0.24,-0.09,1.8,SZ002655
2351,2022-09-07,37.84,38.5,38.53,37.66,69536,87890107.04,2.29,1.5,0.57,1.93,SZ002655
2352,2022-09-08,38.62,37.24,39.01,37.21,70461,88560147.18,4.68,-3.27,-1.26,1.96,SZ002655
2353,2022-09-09,37.48,37.27,37.66,36.49,55441,67977014.79,3.14,0.08,0.03,1.54,SZ002655
2354,2022-09-13,37.27,37.3,38.08,37.15,48246,59817226.27,2.5,0.08,0.03,1.34,SZ002655
2355,2022-09-14,36.37,36.25,36.91,36.01,65159,78310084.17,2.41,-2.82,-1.05,1.81,SZ002655
2356,2022-09-15,36.43,34.75,36.49,34.45,90066,104378400.55,5.63,-4.14,-1.5,2.5,SZ002655
2357,2022-09-16,34.63,33.91,34.96,33.91,60846,69146975.0,3.02,-2.42,-0.84,1.69,SZ002655
2358,2022-09-19,33.94,33.79,34.48,33.1,58045,64735274.1,4.07,-0.35,-0.12,1.61,SZ002655
2359,2022-09-20,33.88,34.63,35.02,33.76,55973,63522609.0,3.73,2.49,0.84,1.56,SZ002655
2360,2022-09-21,34.57,34.42,34.57,33.79,27357,30953154.0,2.25,-0.61,-0.21,0.76,SZ002655
2361,2022-09-22,34.06,34.06,34.75,34.0,35259,39907605.5,2.18,-1.05,-0.36,0.98,SZ002655
2362,2022-09-23,34.03,32.71,34.18,32.47,56838,62140463.76,5.02,-3.96,-1.35,1.58,SZ002655
2363,2022-09-26,32.86,32.38,33.19,32.29,45995,49681198.79,2.75,-1.01,-0.33,1.28,SZ002655
2364,2022-09-27,32.44,32.71,33.1,32.2,44378,47857321.59,2.78,1.02,0.33,1.23,SZ002655
2365,2022-09-28,32.8,31.12,32.8,31.06,63336,66095707.58,5.32,-4.86,-1.59,1.76,SZ002655
2366,2022-09-29,31.42,31.21,31.75,30.46,57658,59393656.64,4.15,0.29,0.09,1.6,SZ002655
2367,2022-09-30,30.91,30.25,31.21,30.25,49140,49651486.0,3.08,-3.08,-0.96,1.37,SZ002655
2368,2022-10-10,30.46,29.14,30.67,29.08,59356,57934865.0,5.26,-3.67,-1.11,1.65,SZ002655
2369,2022-10-11,29.5,29.71,29.83,29.11,41294,40219576.03,2.47,1.96,0.57,1.15,SZ002655
2370,2022-10-12,29.92,31.21,31.27,29.47,56035,56055835.91,6.06,5.05,1.5,1.56,SZ002655
2371,2022-10-13,31.81,32.44,33.43,31.66,102272,110185310.95,5.67,3.94,1.23,2.84,SZ002655
2372,2022-10-14,32.41,32.74,33.19,32.23,72921,78838127.44,2.96,0.92,0.3,2.03,SZ002655
2373,2022-10-17,32.95,33.37,33.4,32.74,45787,50153924.0,2.02,1.92,0.63,1.27,SZ002655
2374,2022-10-18,33.52,33.13,33.73,32.74,50613,55507511.84,2.97,-0.72,-0.24,1.41,SZ002655
2375,2022-10-19,33.31,32.74,33.49,32.74,40264,43886930.36,2.26,-1.18,-0.39,1.12,SZ002655
2376,2022-10-20,32.71,32.8,33.25,31.75,47930,51575433.0,4.58,0.18,0.06,1.33,SZ002655
2377,2022-10-21,32.95,32.62,33.25,32.17,35113,37755796.5,3.29,-0.55,-0.18,0.98,SZ002655
2378,2022-10-24,32.71,33.01,34.81,32.68,78679,87499774.61,6.53,1.2,0.39,2.19,SZ002655
2379,2022-10-25,32.98,33.31,33.82,32.14,58057,63496755.98,5.09,0.91,0.3,1.61,SZ002655
2380,2022-10-26,33.91,34.39,34.69,33.55,76849,87098371.34,3.42,3.24,1.08,2.14,SZ002655
2381,2022-10-27,33.97,34.0,34.78,33.79,52576,59415415.0,2.88,-1.13,-0.39,1.46,SZ002655
2382,2022-10-28,33.61,32.23,34.21,31.9,72069,78327031.08,6.79,-5.21,-1.77,2.0,SZ002655
2383,2022-10-31,32.23,33.13,33.46,32.14,60257,65829308.0,4.1,2.79,0.9,1.67,SZ002655
2384,2022-11-01,33.43,34.21,34.27,32.95,65061,72732089.96,3.98,3.26,1.08,1.81,SZ002655
2385,2022-11-02,35.44,34.69,35.95,34.51,98542,114445448.75,4.21,1.4,0.48,2.74,SZ002655
2386,2022-11-03,34.42,35.26,35.44,34.36,59571,68456975.0,3.11,1.64,0.57,1.66,SZ002655
2387,2022-11-04,35.2,35.62,36.28,34.99,83704,98536323.08,3.66,1.02,0.36,2.33,SZ002655
2388,2022-11-07,35.53,35.77,36.1,35.11,62436,73562700.0,2.78,0.42,0.15,1.73,SZ002655
2389,2022-11-08,35.62,35.02,35.86,34.66,59106,68315096.23,3.35,-2.1,-0.75,1.64,SZ002655
2390,2022-11-09,35.17,34.84,35.35,34.57,38706,44607108.0,2.23,-0.51,-0.18,1.08,SZ002655
2391,2022-11-10,34.39,34.12,34.93,34.03,40616,46097361.0,2.58,-2.07,-0.72,1.13,SZ002655
2392,2022-11-11,34.69,34.63,34.96,34.3,56191,64392313.32,1.93,1.49,0.51,1.56,SZ002655
2393,2022-11-14,34.81,34.3,35.59,34.15,60601,69728141.0,4.16,-0.95,-0.33,1.68,SZ002655
2394,2022-11-15,34.27,37.69,37.69,33.97,244887,296874164.18,10.85,9.88,3.39,6.8,SZ002655
2395,2022-11-16,37.69,37.96,39.25,37.33,250949,316160585.31,5.09,0.72,0.27,6.97,SZ002655
2396,2022-11-17,39.19,38.5,39.22,37.54,171172,216492035.17,4.43,1.42,0.54,4.76,SZ002655
2397,2022-11-18,38.5,38.68,40.15,37.99,194634,251892429.8,5.61,0.47,0.18,5.41,SZ002655
2398,2022-11-21,38.8,39.1,39.61,36.91,155179,195285483.4,6.98,1.09,0.42,4.31,SZ002655
2399,2022-11-22,39.25,40.69,41.02,38.71,229045,304664987.12,5.91,4.07,1.59,6.36,SZ002655
2400,2022-11-23,40.66,38.35,41.11,37.63,219673,281080575.48,8.55,-5.75,-2.34,6.1,SZ002655
2401,2022-11-24,38.02,38.53,39.58,38.02,113706,145847558.41,4.07,0.47,0.18,3.16,SZ002655
2402,2022-11-25,38.08,37.45,38.86,37.3,90152,112718116.0,4.05,-2.8,-1.08,2.51,SZ002655
2403,2022-11-28,36.34,37.03,37.21,35.95,75568,91277290.12,3.36,-1.12,-0.42,2.1,SZ002655
2404,2022-11-29,37.06,37.21,37.96,36.97,78010,96695127.8,2.67,0.49,0.18,2.17,SZ002655
2405,2022-11-30,37.39,39.04,39.25,36.79,132603,168379443.66,6.61,4.92,1.83,3.68,SZ002655
2406,2022-12-01,38.89,37.93,39.1,37.51,111754,140958760.96,4.07,-2.84,-1.11,3.11,SZ002655
2407,2022-12-02,37.93,37.36,38.2,37.24,75454,93710161.5,2.53,-1.5,-0.57,2.1,SZ002655
2408,2022-12-05,37.78,39.61,40.21,37.72,197599,255897249.08,6.66,6.02,2.25,5.49,SZ002655
2409,2022-12-06,39.16,39.19,39.82,38.71,89829,116254619.95,2.8,-1.06,-0.42,2.5,SZ002655
2410,2022-12-07,39.19,38.92,39.19,38.35,72282,92751032.4,2.14,-0.69,-0.27,2.01,SZ002655
2411,2022-12-08,38.95,38.11,39.01,37.93,68509,86505781.0,2.77,-2.08,-0.81,1.9,SZ002655
2412,2022-12-09,38.14,37.3,38.17,37.27,60408,75049786.08,2.36,-2.13,-0.81,1.68,SZ002655
2413,2022-12-12,37.24,37.81,38.44,36.76,59258,73774744.22,4.5,1.37,0.51,1.65,SZ002655
2414,2022-12-13,37.78,36.73,37.78,36.67,43218,53116479.0,2.94,-2.86,-1.08,1.2,SZ002655
2415,2022-12-14,37.3,36.31,37.6,36.22,58693,71340580.0,3.76,-1.14,-0.42,1.63,SZ002655
2416,2022-12-15,36.31,37.6,37.84,36.16,70665,87282819.86,4.63,3.55,1.29,1.96,SZ002655
2417,2022-12-16,37.0,35.98,38.05,35.86,72286,87101306.0,5.82,-4.31,-1.62,2.01,SZ002655
2418,2022-12-19,35.98,35.14,36.76,34.69,57892,68232338.33,5.75,-2.33,-0.84,1.61,SZ002655
2419,2022-12-20,35.29,35.8,36.07,34.78,49823,58709818.42,3.67,1.88,0.66,1.38,SZ002655
2420,2022-12-21,36.04,34.48,36.04,34.24,50019,57712253.0,5.03,-3.69,-1.32,1.39,SZ002655
2421,2022-12-22,34.45,33.73,34.81,33.61,58190,65483995.65,3.48,-2.18,-0.75,1.62,SZ002655
2422,2022-12-23,33.7,33.13,33.73,32.71,53555,58658186.0,3.02,-1.78,-0.6,1.49,SZ002655
2423,2022-12-26,32.83,34.48,34.57,32.83,44757,50407134.14,5.25,4.07,1.35,1.24,SZ002655
2424,2022-12-27,34.63,34.69,35.05,33.94,35166,40058258.0,3.22,0.61,0.21,0.98,SZ002655
2425,2022-12-28,34.39,33.88,34.72,33.79,40569,45639622.32,2.68,-2.33,-0.81,1.13,SZ002655
2426,2022-12-29,33.94,33.31,34.21,33.25,41564,46173987.98,2.83,-1.68,-0.57,1.15,SZ002655
2427,2022-12-30,33.37,33.79,34.0,33.1,41368,45829883.0,2.7,1.44,0.48,1.15,SZ002655
2428,2023-01-03,33.73,34.69,34.9,33.52,43202,49132205.0,4.08,2.66,0.9,1.2,SZ002655
2429,2023-01-04,34.72,33.97,34.75,33.73,50395,56849886.32,2.94,-2.08,-0.72,1.4,SZ002655
2430,2023-01-05,34.06,34.57,34.99,33.61,71314,81190480.0,4.06,1.77,0.6,1.98,SZ002655
2431,2023-01-06,34.21,34.36,34.84,34.21,48576,55381695.24,1.82,-0.61,-0.21,1.35,SZ002655
2432,2023-01-09,34.42,36.79,37.51,34.42,163631,195144847.4,8.99,7.07,2.43,4.55,SZ002655
2433,2023-01-10,36.61,39.04,40.21,36.37,278952,357614456.68,10.44,6.12,2.25,7.75,SZ002655
2434,2023-01-11,39.31,39.07,39.94,38.68,146276,189892916.96,3.23,0.08,0.03,4.06,SZ002655
2435,2023-01-12,38.8,38.02,39.07,37.78,77283,97494825.5,3.3,-2.69,-1.05,2.15,SZ002655
2436,2023-01-13,38.11,37.15,38.23,37.0,73555,90743977.0,3.24,-2.29,-0.87,2.04,SZ002655
2437,2023-01-16,36.31,37.36,37.75,36.31,69879,85807758.0,3.88,0.57,0.21,1.94,SZ002655
2438,2023-01-17,37.51,41.08,41.08,37.24,237039,315044536.0,10.28,9.96,3.72,6.59,SZ002655
2439,2023-01-18,41.41,39.94,41.65,39.4,270313,357547681.1,5.48,-2.78,-1.14,7.51,SZ002655
2440,2023-01-19,40.21,40.57,41.05,39.67,160107,213785166.93,3.46,1.58,0.63,4.45,SZ002655
2441,2023-01-20,40.36,40.51,41.41,40.18,112470,151158310.0,3.03,-0.15,-0.06,3.13,SZ002655
2442,2023-01-30,41.08,42.61,42.67,40.57,204991,283093584.36,5.18,5.18,2.1,5.7,SZ002655
2443,2023-01-31,41.35,41.77,42.46,40.81,195921,269380211.21,3.87,-1.97,-0.84,5.44,SZ002655
2444,2023-02-01,42.19,41.56,42.19,40.99,113176,155338749.97,2.87,-0.5,-0.21,3.14,SZ002655
2445,2023-02-02,41.02,40.81,41.86,40.78,113412,154780105.83,2.6,-1.8,-0.75,3.15,SZ002655
2446,2023-02-03,40.93,41.02,41.41,40.21,82595,111632378.94,2.94,0.51,0.21,2.29,SZ002655
2447,2023-02-06,40.54,40.15,40.96,39.91,69609,92934337.0,2.56,-2.12,-0.87,1.93,SZ002655
2448,2023-02-07,40.78,41.23,41.83,40.27,93454,126616798.99,3.89,2.69,1.08,2.6,SZ002655
2449,2023-02-08,41.14,40.33,41.77,40.24,76662,103424565.43,3.71,-2.18,-0.9,2.13,SZ002655
2450,2023-02-09,40.21,40.9,41.02,40.12,64484,86982576.0,2.23,1.41,0.57,1.79,SZ002655
2451,2023-02-10,40.87,40.57,41.65,40.48,80232,108809237.0,2.86,-0.81,-0.33,2.23,SZ002655
2452,2023-02-13,40.51,40.66,40.78,40.24,50648,67846574.84,1.33,0.22,0.09,1.41,SZ002655
2453,2023-02-14,40.72,40.33,41.17,39.94,58178,77766725.0,3.03,-0.81,-0.33,1.62,SZ002655
2454,2023-02-15,40.3,40.36,40.57,40.09,52351,69844937.0,1.19,0.07,0.03,1.45,SZ002655
2455,2023-02-16,40.27,38.8,40.51,38.5,100722,131657950.67,4.98,-3.87,-1.56,2.8,SZ002655
2456,2023-02-17,39.04,38.11,39.31,37.96,52370,66581183.0,3.48,-1.78,-0.69,1.46,SZ002655
2457,2023-02-20,37.9,38.2,38.35,37.36,58538,73266948.0,2.6,0.24,0.09,1.63,SZ002655
2458,2023-02-21,38.38,38.05,38.71,37.45,58962,73978689.0,3.3,-0.39,-0.15,1.64,SZ002655
2459,2023-02-22,37.87,39.25,39.91,37.51,121492,156231559.57,6.31,3.15,1.2,3.38,SZ002655
2460,2023-02-23,39.28,39.04,39.79,38.74,47768,61936691.76,2.68,-0.54,-0.21,1.33,SZ002655
2461,2023-02-24,39.1,38.5,39.28,38.14,34932,44553927.99,2.92,-1.38,-0.54,0.97,SZ002655
2462,2023-02-27,38.53,37.51,38.71,37.42,51059,63707581.0,3.35,-2.57,-0.99,1.42,SZ002655
2463,2023-02-28,37.99,37.72,38.23,37.27,34059,42403888.0,2.56,0.56,0.21,0.95,SZ002655
2464,2023-03-01,37.75,38.53,38.56,37.57,43137,54606834.0,2.62,2.15,0.81,1.2,SZ002655
2465,2023-03-02,38.41,38.47,39.25,38.23,43551,55646918.0,2.65,-0.16,-0.06,1.21,SZ002655
2466,2023-03-03,38.62,38.41,38.89,37.75,44130,55775656.0,2.96,-0.16,-0.06,1.23,SZ002655
2467,2023-03-06,38.71,39.28,39.43,38.14,61422,79172686.0,3.36,2.27,0.87,1.71,SZ002655
2468,2023-03-07,39.07,37.84,39.28,37.81,63195,80276653.1,3.74,-3.67,-1.44,1.76,SZ002655
2469,2023-03-08,37.84,38.41,38.41,37.81,29558,37349575.23,1.59,1.51,0.57,0.82,SZ002655
2470,2023-03-09,38.2,38.83,39.22,38.2,39598,50789394.0,2.66,1.09,0.42,1.1,SZ002655
2471,2023-03-10,38.41,38.62,39.1,38.32,42590,54455425.0,2.01,-0.54,-0.21,1.18,SZ002655
2472,2023-03-13,38.65,37.75,38.83,36.91,69058,85538447.0,4.97,-2.25,-0.87,1.92,SZ002655
2473,2023-03-14,37.63,36.85,37.69,35.77,92166,111444602.0,5.09,-2.38,-0.9,2.56,SZ002655
2474,2023-03-15,37.09,37.33,38.29,36.88,62560,78064347.0,3.83,1.3,0.48,1.74,SZ002655
2475,2023-03-16,37.45,36.16,37.57,36.16,64239,77725587.0,3.78,-3.13,-1.17,1.78,SZ002655
2476,2023-03-17,36.49,37.03,37.33,36.37,41842,51034903.0,2.65,2.41,0.87,1.16,SZ002655
2477,2023-03-20,36.91,37.33,37.81,36.49,60822,74824023.0,3.56,0.81,0.3,1.69,SZ002655
2478,2023-03-21,36.91,37.54,37.66,36.91,35882,44261699.0,2.01,0.56,0.21,1.0,SZ002655
2479,2023-03-22,37.63,38.95,39.01,37.27,106777,135932476.0,4.64,3.76,1.41,2.97,SZ002655
2480,2023-03-23,38.71,39.46,39.58,38.59,152014,197412236.01,2.54,1.31,0.51,4.22,SZ002655
2481,2023-03-24,39.43,40.78,41.44,39.19,237068,317176978.99,5.7,3.35,1.32,6.59,SZ002655
2482,2023-03-27,41.05,41.59,42.52,40.33,248402,339984883.96,5.37,1.99,0.81,6.9,SZ002655
2483,2023-03-28,40.75,39.88,41.29,39.82,124884,167382183.0,3.53,-4.11,-1.71,3.47,SZ002655
2484,2023-03-29,40.36,39.82,40.45,39.55,71441,94610975.73,2.26,-0.15,-0.06,1.99,SZ002655
2485,2023-03-30,40.15,39.76,40.21,39.16,90071,118024111.15,2.64,-0.15,-0.06,2.5,SZ002655
2486,2023-03-31,39.55,39.88,40.0,38.71,88195,114951280.0,3.24,0.3,0.12,2.45,SZ002655
2487,2023-04-03,40.0,40.57,40.81,39.16,117196,155292824.0,4.14,1.73,0.69,3.26,SZ002655
2488,2023-04-04,40.21,40.48,41.56,39.94,145300,194661592.2,3.99,-0.22,-0.09,4.04,SZ002655
2489,2023-04-06,41.56,41.38,42.19,40.6,219104,299975332.96,3.93,2.22,0.9,6.09,SZ002655
2490,2023-04-07,41.2,40.93,41.56,40.54,116265,157546536.0,2.46,-1.09,-0.45,3.23,SZ002655
2491,2023-04-10,40.93,40.18,41.56,39.91,101630,136888558.0,4.03,-1.83,-0.75,2.82,SZ002655
2492,2023-04-11,40.39,40.27,40.87,39.97,74754,99792023.0,2.24,0.22,0.09,2.08,SZ002655
2493,2023-04-12,40.48,41.56,41.95,40.3,134661,184491166.74,4.1,3.2,1.29,3.74,SZ002655
2494,2023-04-13,41.2,40.06,41.5,40.03,110762,148618384.0,3.54,-3.61,-1.5,3.08,SZ002655
2495,2023-04-14,40.15,40.27,40.63,39.49,64927,86198895.0,2.85,0.52,0.21,1.8,SZ002655
2496,2023-04-17,40.36,39.16,40.39,38.86,73433,95373416.0,3.8,-2.76,-1.11,2.04,SZ002655
2497,2023-04-18,39.16,39.01,39.43,37.96,83322,106265867.0,3.75,-0.38,-0.15,2.32,SZ002655
2498,2023-04-19,38.68,38.56,39.4,38.53,55571,71360105.0,2.23,-1.15,-0.45,1.54,SZ002655
2499,2023-04-20,38.44,38.74,38.86,38.2,41777,53236885.0,1.71,0.47,0.18,1.16,SZ002655
2500,2023-04-21,38.41,36.7,38.47,36.64,89981,111026643.42,4.72,-5.27,-2.04,2.5,SZ002655
2501,2023-04-24,36.55,35.83,36.61,35.59,51154,60693719.0,2.78,-2.37,-0.87,1.42,SZ002655
2502,2023-04-25,35.83,34.27,35.83,33.91,66032,75399917.0,5.36,-4.35,-1.56,1.83,SZ002655
2503,2023-04-26,34.12,34.39,34.75,33.88,58883,66910780.95,2.54,0.35,0.12,1.64,SZ002655
2504,2023-04-27,34.09,33.76,34.42,33.61,46668,52262317.0,2.36,-1.83,-0.63,1.3,SZ002655
2505,2023-04-28,33.58,34.78,34.78,33.55,39040,44358477.58,3.64,3.02,1.02,1.08,SZ002655
2506,2023-05-04,34.51,34.39,34.57,33.91,50177,56701281.0,1.9,-1.12,-0.39,1.39,SZ002655
2507,2023-05-05,34.24,34.0,34.36,33.67,41818,46958485.8,2.01,-1.13,-0.39,1.16,SZ002655
2508,2023-05-08,33.91,36.64,37.21,33.91,137603,163719022.84,9.71,7.76,2.64,3.82,SZ002655
2509,2023-05-09,36.49,36.91,38.29,36.34,128014,158606811.0,5.32,0.74,0.27,3.56,SZ002655
2510,2023-05-10,36.61,36.19,37.48,35.92,59329,71316471.0,4.23,-1.95,-0.72,1.65,SZ002655
2511,2023-05-11,36.55,36.82,37.96,36.22,64887,79310726.0,4.81,1.74,0.63,1.8,SZ002655
2512,2023-05-12,36.4,35.77,36.82,35.71,47958,57289789.86,3.01,-2.85,-1.05,1.33,SZ002655
2513,2023-05-15,35.53,35.59,35.89,35.02,46658,54534388.62,2.43,-0.5,-0.18,1.3,SZ002655
2514,2023-05-16,35.62,35.74,36.4,35.44,39831,47149075.94,2.7,0.42,0.15,1.11,SZ002655
2515,2023-05-17,35.56,36.37,36.55,35.47,40205,48165684.0,3.02,1.76,0.63,1.12,SZ002655
2516,2023-05-18,36.25,36.85,37.03,36.07,38003,46099041.0,2.64,1.32,0.48,1.06,SZ002655
2517,2023-05-19,36.73,37.69,37.93,36.61,60566,74779740.0,3.58,2.28,0.84,1.68,SZ002655
2518,2023-05-22,37.39,37.03,37.81,36.88,39910,48976056.25,2.47,-1.75,-0.66,1.11,SZ002655
2519,2023-05-23,37.27,36.4,37.27,36.37,33322,40297893.2,2.43,-1.7,-0.63,0.93,SZ002655
2520,2023-05-24,36.37,36.4,36.85,36.01,20610,24853221.0,2.31,0.0,0.0,0.57,SZ002655
2521,2023-05-25,36.49,37.0,37.03,36.31,42612,51700279.0,1.98,1.65,0.6,1.18,SZ002655
2522,2023-05-26,36.94,37.3,37.36,36.58,26309,32268436.66,2.11,0.81,0.3,0.73,SZ002655
2523,2023-05-29,37.51,37.33,37.6,37.12,32939,40654435.99,1.29,0.08,0.03,0.92,SZ002655
2524,2023-05-30,37.45,37.45,37.48,36.76,32912,40439796.05,1.93,0.32,0.12,0.91,SZ002655
2525,2023-05-31,37.45,37.69,37.93,37.06,46391,57833955.0,2.32,0.64,0.24,1.29,SZ002655
2526,2023-06-01,37.78,37.54,37.9,37.21,33838,42089335.29,1.83,-0.4,-0.15,0.94,SZ002655
2527,2023-06-02,37.69,39.01,39.1,37.24,110765,141015677.76,4.95,3.92,1.47,3.08,SZ002655
2528,2023-06-05,39.01,39.4,40.03,38.26,106913,139400117.71,4.54,1.0,0.39,2.97,SZ002655
2529,2023-06-06,39.67,38.2,39.76,37.96,69142,88512893.0,4.57,-3.05,-1.2,1.92,SZ002655
2530,2023-06-07,38.17,38.62,39.01,37.99,32218,41059275.0,2.67,1.1,0.42,0.9,SZ002655
2531,2023-06-08,38.62,38.11,38.71,37.48,49486,62041710.0,3.18,-1.32,-0.51,1.38,SZ002655
2532,2023-06-09,37.81,38.05,38.65,37.66,35255,44387478.66,2.6,-0.16,-0.06,0.98,SZ002655
2533,2023-06-12,38.38,38.83,39.01,37.9,47939,61287677.0,2.92,2.05,0.78,1.33,SZ002655
2534,2023-06-13,38.65,38.86,39.16,38.56,37913,48769629.0,1.55,0.08,0.03,1.05,SZ002655
2535,2023-06-14,38.56,39.01,39.4,38.56,44126,56938044.0,2.16,0.39,0.15,1.23,SZ002655
2536,2023-06-15,38.95,38.47,39.28,38.41,42918,55005009.0,2.23,-1.38,-0.54,1.19,SZ002655
2537,2023-06-16,38.53,38.62,38.77,38.14,32009,40760694.71,1.64,0.39,0.15,0.89,SZ002655
2538,2023-06-19,38.77,39.43,39.58,38.59,62209,81037727.88,2.56,2.1,0.81,1.73,SZ002655
2539,2023-06-20,39.61,39.16,40.03,39.13,45681,59621971.35,2.28,-0.68,-0.27,1.27,SZ002655
2540,2023-06-21,39.19,38.71,39.49,38.68,46721,60360249.0,2.07,-1.15,-0.45,1.3,SZ002655
2541,2023-06-26,38.62,38.29,39.22,37.84,45436,57669432.0,3.56,-1.08,-0.42,1.26,SZ002655
2542,2023-06-27,38.59,38.47,38.59,37.84,33985,42964698.14,1.96,0.47,0.18,0.94,SZ002655
2543,2023-06-28,38.47,37.81,38.47,36.85,57468,71652867.0,4.21,-1.72,-0.66,1.6,SZ002655
2544,2023-06-29,38.02,39.22,39.67,37.66,75556,97535247.06,5.32,3.73,1.41,2.1,SZ002655
2545,2023-06-30,39.07,39.28,39.58,38.8,45811,59323941.5,1.99,0.15,0.06,1.27,SZ002655
2546,2023-07-03,39.76,38.98,39.82,38.8,38939,50332122.0,2.6,-0.76,-0.3,1.08,SZ002655
2547,2023-07-04,38.86,39.91,40.03,38.68,64725,84507865.0,3.46,2.39,0.93,1.8,SZ002655
2548,2023-07-05,40.0,39.37,40.0,39.31,38667,50725334.0,1.73,-1.35,-0.54,1.07,SZ002655
2549,2023-07-06,39.31,39.34,39.88,39.13,30948,40437547.0,1.91,-0.08,-0.03,0.86,SZ002655
2550,2023-07-07,39.34,38.8,39.61,38.56,37057,47589978.8,2.67,-1.37,-0.54,1.03,SZ002655
2551,2023-07-10,38.89,38.26,39.19,38.26,29383,37415936.52,2.4,-1.39,-0.54,0.82,SZ002655
2552,2023-07-11,38.23,38.86,38.95,38.23,24260,31017566.0,1.88,1.57,0.6,0.67,SZ002655
2553,2023-07-12,38.83,37.93,39.31,37.93,38657,49118257.0,3.55,-2.39,-0.93,1.07,SZ002655
2554,2023-07-13,38.38,41.68,41.68,38.2,259549,350131843.04,9.17,9.89,3.75,7.21,SZ002655
2555,2023-07-14,42.31,41.32,42.58,40.93,335146,462338271.19,3.96,-0.86,-0.36,9.31,SZ002655
2556,2023-07-17,41.65,41.14,41.86,40.81,122150,166376333.0,2.54,-0.44,-0.18,3.39,SZ002655
2557,2023-07-18,41.29,41.95,43.06,41.14,186674,260073016.65,4.67,1.97,0.81,5.19,SZ002655
2558,2023-07-19,41.68,41.05,41.68,40.54,127073,171838979.99,2.72,-2.15,-0.9,3.53,SZ002655
2559,2023-07-20,41.08,38.98,41.23,38.89,109801,144095987.0,5.7,-5.04,-2.07,3.05,SZ002655
2560,2023-07-21,38.83,42.85,42.85,38.68,181090,253005730.4,10.7,9.93,3.87,5.03,SZ002655
2561,2023-07-24,42.01,43.18,44.23,41.23,482453,675916227.53,7.0,0.77,0.33,13.41,SZ002655
2562,2023-07-25,43.06,42.52,43.93,41.92,237850,333330278.47,4.65,-1.53,-0.66,6.61,SZ002655
2563,2023-07-26,42.55,41.26,42.61,41.17,170866,234446903.6,3.39,-2.96,-1.26,4.75,SZ002655
2564,2023-07-27,41.14,40.33,41.71,40.15,119550,160451777.55,3.78,-2.25,-0.93,3.32,SZ002655
2565,2023-07-28,40.27,39.73,40.45,39.28,125992,164536728.13,2.9,-1.49,-0.6,3.5,SZ002655
2566,2023-07-31,39.64,40.12,40.12,38.92,97815,128407124.41,3.02,0.98,0.39,2.72,SZ002655
2567,2023-08-01,40.18,39.67,40.21,39.28,73735,96251319.23,2.32,-1.12,-0.45,2.05,SZ002655
2568,2023-08-02,39.43,39.94,39.97,39.13,67217,88080432.14,2.12,0.68,0.27,1.87,SZ002655
2569,2023-08-03,39.73,41.56,41.74,39.49,210537,285918565.72,5.63,4.06,1.62,5.85,SZ002655
2570,2023-08-04,41.17,41.23,41.71,41.02,114231,155515290.5,1.66,-0.79,-0.33,3.17,SZ002655
2571,2023-08-07,41.29,40.72,41.29,40.51,75577,101664006.0,1.89,-1.24,-0.51,2.1,SZ002655
2572,2023-08-08,40.6,40.18,40.78,39.97,61980,82330773.66,1.99,-1.33,-0.54,1.72,SZ002655
2573,2023-08-09,40.03,38.65,40.39,38.56,106610,138161303.74,4.55,-3.81,-1.53,2.96,SZ002655
2574,2023-08-10,38.86,36.55,39.22,36.01,179721,219173114.0,8.31,-5.43,-2.1,4.99,SZ002655
2575,2023-08-11,36.34,36.64,36.94,35.77,94076,112442978.0,3.2,0.25,0.09,2.61,SZ002655
2576,2023-08-14,36.58,36.43,36.58,35.68,49003,58129743.0,2.46,-0.57,-0.21,1.36,SZ002655
2577,2023-08-15,36.43,35.56,36.55,35.41,49619,58428916.58,3.13,-2.39,-0.87,1.38,SZ002655
2578,2023-08-16,35.41,34.42,35.68,34.39,69199,79507508.0,3.63,-3.21,-1.14,1.92,SZ002655
2579,2023-08-17,34.48,34.78,34.9,33.91,48596,55319746.94,2.88,1.05,0.36,1.35,SZ002655
2580,2023-08-18,34.63,34.09,34.93,34.03,41353,46896211.0,2.59,-1.98,-0.69,1.15,SZ002655
2581,2023-08-21,34.39,33.97,34.48,33.82,34311,38515618.0,1.94,-0.35,-0.12,0.95,SZ002655
2582,2023-08-22,34.33,34.78,34.87,33.76,53420,60388657.0,3.27,2.38,0.81,1.48,SZ002655
2583,2023-08-23,34.84,34.27,34.87,34.27,36101,41010462.7,1.73,-1.47,-0.51,1.0,SZ002655
2584,2023-08-24,34.3,34.36,34.66,33.94,32209,36447294.0,2.1,0.26,0.09,0.89,SZ002655
2585,2023-08-25,34.51,32.47,34.51,32.32,79401,86435098.96,6.37,-5.5,-1.89,2.21,SZ002655
2586,2023-08-28,34.33,32.83,34.39,32.71,47186,51849416.0,5.17,1.11,0.36,1.31,SZ002655
2587,2023-08-29,33.34,34.03,34.15,32.53,58679,65043028.96,4.93,3.66,1.2,1.63,SZ002655
2588,2023-08-30,34.48,35.02,35.29,34.45,72241,82984754.0,2.47,2.91,0.99,2.01,SZ002655
2589,2023-08-31,34.99,34.93,35.38,34.57,44956,51924347.0,2.31,-0.26,-0.09,1.25,SZ002655
2590,2023-09-01,34.9,34.93,35.17,34.63,34172,39183631.0,1.55,0.0,0.0,0.95,SZ002655
2591,2023-09-04,34.93,35.53,35.53,34.84,49451,57288460.0,1.98,1.72,0.6,1.37,SZ002655
2592,2023-09-05,35.83,35.71,36.52,35.5,53069,62561484.0,2.87,0.51,0.18,1.47,SZ002655
2593,2023-09-06,35.47,36.31,36.37,35.38,73237,86622412.96,2.77,1.68,0.6,2.03,SZ002655
2594,2023-09-07,36.22,35.68,36.4,35.53,52229,61873024.2,2.4,-1.74,-0.63,1.45,SZ002655
2595,2023-09-08,35.86,35.95,36.13,35.29,42529,50032599.0,2.35,0.76,0.27,1.18,SZ002655
2596,2023-09-11,36.13,35.98,36.25,35.71,41265,48866982.0,1.5,0.08,0.03,1.15,SZ002655
2597,2023-09-12,35.92,35.83,36.1,35.68,29261,34498715.76,1.17,-0.42,-0.15,0.81,SZ002655
2598,2023-09-13,35.8,35.08,35.86,34.78,38203,44250496.0,3.01,-2.09,-0.75,1.06,SZ002655
2599,2023-09-14,35.29,34.69,35.41,34.48,31315,35908405.44,2.65,-1.11,-0.39,0.87,SZ002655
2600,2023-09-15,34.9,34.9,35.47,34.45,31983,36796727.0,2.94,0.61,0.21,0.89,SZ002655
2601,2023-09-18,34.84,34.9,35.41,34.54,30049,34689562.0,2.49,0.0,0.0,0.83,SZ002655
2602,2023-09-19,34.96,34.24,35.2,34.0,37174,41958702.29,3.44,-1.89,-0.66,1.03,SZ002655
2603,2023-09-20,34.27,33.91,34.57,33.79,25611,28822523.0,2.28,-0.96,-0.33,0.71,SZ002655
2604,2023-09-21,33.88,33.85,34.27,33.58,31549,35225787.0,2.03,-0.18,-0.06,0.88,SZ002655
2605,2023-09-22,33.91,35.02,35.05,33.79,40256,45755187.0,3.72,3.46,1.17,1.12,SZ002655
2606,2023-09-25,35.02,34.63,35.05,34.45,28767,32818459.25,1.71,-1.11,-0.39,0.8,SZ002655
2607,2023-09-26,34.63,34.18,34.75,34.09,37100,41988763.0,1.91,-1.3,-0.45,1.03,SZ002655
2608,2023-09-27,34.21,33.79,34.3,33.7,34543,38618135.0,1.76,-1.14,-0.39,0.96,SZ002655
2609,2023-09-28,33.91,35.17,35.38,33.88,58877,67704212.74,4.44,4.08,1.38,1.64,SZ002655
2610,2023-10-09,35.02,35.47,35.62,35.02,43978,51210827.0,1.71,0.85,0.3,1.22,SZ002655
2611,2023-10-10,35.5,35.95,36.1,35.32,46449,54774633.0,2.2,1.35,0.48,1.29,SZ002655
2612,2023-10-11,35.71,36.64,36.88,35.56,71797,86138180.83,3.67,1.92,0.69,1.99,SZ002655
2613,2023-10-12,36.67,36.73,36.91,36.43,47216,57042475.0,1.31,0.25,0.09,1.31,SZ002655
2614,2023-10-13,36.94,37.18,37.39,36.64,56087,68475652.21,2.04,1.23,0.45,1.56,SZ002655
2615,2023-10-16,38.2,40.45,40.87,37.57,416026,547579154.66,8.88,8.8,3.27,11.56,SZ002655
2616,2023-10-17,39.34,40.84,41.56,39.28,379418,509369464.81,5.64,0.96,0.39,10.54,SZ002655
2617,2023-10-18,40.09,40.81,41.17,39.49,204951,273647145.43,4.11,-0.07,-0.03,5.69,SZ002655
2618,2023-10-19,40.93,39.01,41.08,38.83,191428,251064171.25,5.51,-4.41,-1.8,5.32,SZ002655
2619,2023-10-20,38.95,37.99,39.58,37.72,112088,142664760.55,4.77,-2.61,-1.02,3.11,SZ002655
2620,2023-10-23,38.08,37.21,38.23,37.03,100523,124436323.0,3.16,-2.05,-0.78,2.79,SZ002655
2621,2023-10-24,37.42,37.39,38.32,36.34,121688,149062985.0,5.32,0.48,0.18,3.38,SZ002655
2622,2023-10-25,37.48,38.62,39.82,36.49,183757,231710725.0,8.91,3.29,1.23,5.11,SZ002655
2623,2023-10-26,38.44,38.59,38.98,37.81,96657,122408483.4,3.03,-0.08,-0.03,2.69,SZ002655
2624,2023-10-27,38.23,37.54,38.89,37.42,119570,149637111.0,3.81,-2.72,-1.05,3.32,SZ002655
2625,2023-10-30,37.27,38.98,39.64,37.24,132639,169162761.76,6.39,3.84,1.44,3.69,SZ002655
2626,2023-10-31,38.71,37.99,38.95,37.78,70376,88573005.6,3.0,-2.54,-0.99,1.96,SZ002655
2627,2023-11-01,38.02,38.65,39.82,38.02,100448,129128789.44,4.74,1.74,0.66,2.79,SZ002655
2628,2023-11-02,38.86,38.14,39.52,38.02,87354,111291359.0,3.88,-1.32,-0.51,2.43,SZ002655
2629,2023-11-03,38.14,38.98,39.1,37.72,82343,105065908.0,3.62,2.2,0.84,2.29,SZ002655
2630,2023-11-06,39.22,40.03,40.51,39.07,130022,171027795.0,3.69,2.69,1.05,3.61,SZ002655
2631,2023-11-07,40.03,40.33,41.05,39.97,102462,136766982.0,2.7,0.75,0.3,2.85,SZ002655
2632,2023-11-08,40.15,39.76,40.33,39.13,110971,145602961.0,2.98,-1.41,-0.57,3.08,SZ002655
2633,2023-11-09,39.76,39.07,39.91,38.95,77503,100084302.34,2.41,-1.74,-0.69,2.15,SZ002655
2634,2023-11-10,38.86,39.13,39.49,38.47,75804,97403835.0,2.61,0.15,0.06,2.11,SZ002655
2635,2023-11-13,39.13,39.43,39.73,39.13,71379,92923105.0,1.53,0.77,0.3,1.98,SZ002655
2636,2023-11-14,39.43,39.58,40.09,39.19,63361,82815603.0,2.28,0.38,0.15,1.76,SZ002655
2637,2023-11-15,39.61,40.36,40.78,39.61,97039,128753128.0,2.96,1.97,0.78,2.7,SZ002655
2638,2023-11-16,40.27,39.79,40.45,39.46,72796,96004923.92,2.45,-1.41,-0.57,2.02,SZ002655
2639,2023-11-17,39.7,39.88,40.21,39.4,42502,55858839.0,2.04,0.23,0.09,1.18,SZ002655
2640,2023-11-20,40.03,39.64,40.33,39.31,66365,86794015.0,2.56,-0.6,-0.24,1.84,SZ002655
2641,2023-11-21,39.64,38.8,39.88,38.77,74294,95938742.0,2.8,-2.12,-0.84,2.06,SZ002655
2642,2023-11-22,38.95,38.2,39.13,38.17,54810,69700808.0,2.47,-1.55,-0.6,1.52,SZ002655
2643,2023-11-23,38.35,41.23,41.98,38.35,377230,509148443.93,9.5,7.93,3.03,10.48,SZ002655
2644,2023-11-24,40.63,40.06,41.26,39.61,206366,273365983.0,4.0,-2.84,-1.17,5.73,SZ002655
2645,2023-11-27,40.48,42.22,42.61,39.67,339731,466141180.12,7.34,5.39,2.16,9.44,SZ002655
2646,2023-11-28,41.62,41.17,41.95,40.39,224780,304487144.56,3.69,-2.49,-1.05,6.25,SZ002655
2647,2023-11-29,40.93,40.12,40.93,39.88,145403,192181833.97,2.55,-2.55,-1.05,4.04,SZ002655
2648,2023-11-30,40.03,39.76,40.06,38.92,119801,156060665.0,2.84,-0.9,-0.36,3.33,SZ002655
2649,2023-12-01,40.03,40.06,40.15,39.07,82131,107761947.0,2.72,0.75,0.3,2.28,SZ002655
2650,2023-12-04,39.88,40.51,41.38,39.76,103222,138270317.62,4.04,1.12,0.45,2.87,SZ002655
2651,2023-12-05,40.21,38.59,40.48,38.56,96152,124171959.0,4.74,-4.74,-1.92,2.67,SZ002655
2652,2023-12-06,38.56,40.15,42.34,38.56,146100,194027355.22,9.8,4.04,1.56,4.06,SZ002655
2653,2023-12-07,39.58,40.12,40.39,39.25,72618,95572653.42,2.84,-0.07,-0.03,2.02,SZ002655
2654,2023-12-08,41.08,39.52,41.08,39.49,80190,105681852.0,3.96,-1.5,-0.6,2.23,SZ002655
2655,2023-12-11,39.37,39.76,40.57,39.01,84218,109973643.5,3.95,0.61,0.24,2.34,SZ002655
2656,2023-12-12,39.58,39.4,39.97,39.13,63085,82041548.5,2.11,-0.91,-0.36,1.75,SZ002655
2657,2023-12-13,39.19,39.19,39.7,39.1,43653,56570958.0,1.52,-0.53,-0.21,1.21,SZ002655
2658,2023-12-14,39.22,38.02,39.58,37.63,81049,103033667.0,4.98,-2.99,-1.17,2.25,SZ002655
2659,2023-12-15,38.47,40.18,41.77,38.32,354443,473978699.58,9.07,5.68,2.16,9.85,SZ002655
2660,2023-12-18,39.88,39.43,40.27,38.77,201004,261845573.62,3.73,-1.87,-0.75,5.59,SZ002655
2661,2023-12-19,40.21,39.88,40.48,38.77,145281,190063529.0,4.34,1.14,0.45,4.04,SZ002655
2662,2023-12-20,39.52,40.36,41.2,39.49,180678,241856747.68,4.29,1.2,0.48,5.02,SZ002655
2663,2023-12-21,40.15,40.15,40.33,38.32,157528,203951797.89,4.98,-0.52,-0.21,4.38,SZ002655
2664,2023-12-22,40.39,38.86,40.51,38.68,134831,176180855.74,4.56,-3.21,-1.29,3.75,SZ002655
2665,2023-12-25,38.77,39.1,40.3,38.41,77646,100074323.0,4.86,0.62,0.24,2.16,SZ002655
2666,2023-12-26,38.92,36.43,38.92,36.19,135557,164031528.18,6.98,-6.83,-2.67,3.77,SZ002655
2667,2023-12-27,36.28,37.6,37.72,36.22,95425,117022533.34,4.12,3.21,1.17,2.65,SZ002655
2668,2023-12-28,37.18,37.33,37.93,36.73,88105,108509295.16,3.19,-0.72,-0.27,2.45,SZ002655
2669,2023-12-29,37.21,41.02,41.02,37.18,222215,295533206.31,10.29,9.88,3.69,6.17,SZ002655
2670,2024-01-02,41.83,40.96,41.95,40.93,317702,433466462.5,2.49,-0.15,-0.06,8.83,SZ002655
2671,2024-01-03,41.17,40.51,41.47,39.94,185759,248260560.05,3.74,-1.1,-0.45,5.16,SZ002655
2672,2024-01-04,40.51,40.39,40.81,40.03,110682,147361561.0,1.93,-0.3,-0.12,3.08,SZ002655
2673,2024-01-05,40.15,39.43,40.72,39.04,138177,180694766.36,4.16,-2.38,-0.96,3.84,SZ002655
2674,2024-01-08,39.25,37.54,39.43,37.39,139462,175137682.0,5.17,-4.79,-1.89,3.88,SZ002655
2675,2024-01-09,37.54,37.12,38.44,36.58,93388,114904862.4,4.95,-1.12,-0.42,2.59,SZ002655
2676,2024-01-10,36.91,36.04,37.03,35.59,86547,102901091.49,3.88,-2.91,-1.08,2.4,SZ002655
2677,2024-01-11,35.83,37.0,37.09,35.77,72107,87048819.19,3.66,2.66,0.96,2.0,SZ002655
2678,2024-01-12,37.0,36.13,37.0,35.98,54040,64800302.68,2.76,-2.35,-0.87,1.5,SZ002655
2679,2024-01-15,36.13,35.95,36.28,35.62,44997,53223509.74,1.83,-0.5,-0.18,1.25,SZ002655
2680,2024-01-16,36.1,35.32,36.1,34.75,63335,73498280.5,3.76,-1.75,-0.63,1.76,SZ002655
2681,2024-01-17,35.23,34.09,35.41,34.03,44156,50320718.0,3.91,-3.48,-1.23,1.23,SZ002655
2682,2024-01-18,33.85,34.21,34.24,33.01,63967,70723715.0,3.61,0.35,0.12,1.78,SZ002655
2683,2024-01-19,34.24,33.67,34.45,33.61,34218,38277810.08,2.46,-1.58,-0.54,0.95,SZ002655
2684,2024-01-22,33.94,30.34,33.94,30.34,155947,162475993.0,10.69,-9.89,-3.33,4.33,SZ002655
2685,2024-01-23,30.28,30.28,30.61,29.5,84801,83900514.0,3.66,-0.2,-0.06,2.36,SZ002655
2686,2024-01-24,30.4,30.67,30.91,29.41,67316,66803488.68,4.95,1.29,0.39,1.87,SZ002655
2687,2024-01-25,30.61,31.63,31.66,30.43,65351,67094716.0,4.01,3.13,0.96,1.82,SZ002655
2688,2024-01-26,31.6,31.48,32.11,31.3,54895,57190732.85,2.56,-0.47,-0.15,1.53,SZ002655
2689,2024-01-29,31.63,30.4,31.87,30.13,64692,65166069.0,5.53,-3.43,-1.08,1.8,SZ002655
2690,2024-01-30,30.58,29.92,30.7,29.77,41364,40998663.0,3.06,-1.58,-0.48,1.15,SZ002655
2691,2024-01-31,29.68,27.76,30.31,27.58,89471,83432157.0,9.12,-7.22,-2.16,2.49,SZ002655
2692,2024-02-01,27.88,27.46,27.94,26.89,39778,35850990.4,3.78,-1.08,-0.3,1.11,SZ002655
